"target","temp_c","distanza_da_centralina","angolo_gradi_da_centralina","distanza_da_posizione","angolo_gradi_da_posizione","anno_acquisizione","mese_acquisizione","settimana_acquisizione_su_anno","giorno_acquisizione_su_anno","giorno_acquisizione_su_mese","giorno_acquisizione_su_settimana","ora_acquisizione","Barometer_HPa","Centralina_Temp__C","HighTemp__C","LowTemp__C","Hum__","DewPoint__C","WetBulb__C","WindSpeed_Km_h","WindRun_Km","HighWindSpeed_Km_h","WindChill__C","HeatIndex__C","THWIndex__C","THSWIndex__C","Rain_Mm","RainRate_Mm_h","SolarRad_W_m_2","SolarEnergy_Ly","HighSolarRad_W_m_2","ET_Mm","HeatingDegreeDays","CoolingDegreeDays","Humidity__RH_","Solar_klux_","evja_temp","posizione_attuale_ToCategory","misurato_in_ToCategory","WindDirection_ToCategory","HighWindDirection_ToCategory","UVIndex_ToCategory","UVDose_MEDs_ToCategory","HighUVIndex_ToCategory","timestamp_normalizzato"
25.063,26.186,1072,346,1816,343,2021,8,34,238,26,4,10,1009.2,23.5,23.6,23.3,55,13.9,16.5,3.2,0.8,6.4,23.5,23.6,23.6,27.3,0,0,342,7.36,346,0,0,0.054,56.9,18,24.8,0,0,0,0,0,0,0,"2021_8_26_10"
27.049,27.049,747,160,0,0,2021,8,34,238,26,4,11,1009.4,23.8,23.8,23.4,54,14,16.6,3.2,0.8,8,23.8,23.9,23.9,28,0,0,388,8.35,450,0.28,0,0.057,51.1,19,25.3,0,1,1,1,0,0,0,"2021_8_26_11"
25.671,26.329,747,200,520,270,2021,8,34,238,26,4,11,1009.3,24.1,24.1,23.8,51,13.3,16.1,3.2,0.8,8,24.1,24,24,28,0,0,386,8.3,429,0,0,0.06,50.2,15,25.6,0,2,2,1,0,0,0,"2021_8_26_11"
27.275,26.096,1326,169,600,180,2021,8,34,238,26,4,11,1009.2,24.4,24.5,24.1,47,12.4,15.5,4.8,1.21,17.7,24.4,24.2,24.2,28.6,0,0,435,9.36,605,0,0,0.064,53.6,39,26.9,0,3,3,2,0,0,0,"2021_8_26_11"
28.123,28.16,1326,191,794,221,2021,8,34,238,26,4,11,1009.1,24.9,24.9,24.5,47,12.9,15.9,3.2,0.8,8,24.9,24.7,24.7,30.1,0,0,549,11.81,963,0,0,0.069,51,40,27.8,0,4,4,3,0,0,0,"2021_8_26_11"
29.057,26.767,1660,9,2340,0,2021,8,34,238,26,4,12,1008.9,25.2,25.2,24.9,45,12.4,15.6,4.8,1.21,11.3,25.2,24.8,24.8,29.7,0,0,501,10.78,652,0.36,0,0.071,42.6,31,28.3,0,5,5,4,0,0,0,"2021_8_26_12"
31.647,31.368,1660,351,2397,347,2021,8,34,238,26,4,12,1008.4,25.6,25.6,25.2,45,12.7,15.9,4.8,1.21,11.3,25.6,25.2,25.2,31.4,0,0,783,16.84,849,0,0,0.075,50.4,43,30.1,0,6,5,5,0,0,0,"2021_8_26_12"
31.225,29.032,1072,14,1740,0,2021,8,34,238,26,4,12,1008,25.8,25.8,25.6,46,13.3,16.4,4.8,1.21,12.9,25.8,25.5,25.5,31.8,0,0,759,16.33,765,0,0,0.078,37.2,46,30.1,0,7,1,4,0,0,0,"2021_8_26_12"
30.866,30.851,1072,346,1816,343,2021,8,34,238,26,4,12,1008.2,26.1,26.1,25.8,46,13.5,16.6,6.4,1.61,14.5,26.1,25.8,25.8,32.1,0,0,777,16.71,786,0,0,0.08,43.2,62,29.7,0,0,2,5,0,0,0,"2021_8_26_12"
32.198,32.198,747,160,0,0,2021,8,34,238,26,4,13,1007.8,26.3,26.5,26.1,43,12.8,16,6.4,1.61,17.7,26.3,25.9,25.9,32.1,0,0,789,16.97,800,0.53,0,0.083,43.8,64,30.3,0,1,5,2,0,0,0,"2021_8_26_13"
31.805,32.836,747,200,520,270,2021,8,34,238,26,4,13,1008.1,26.9,26.9,26.3,46,14.3,17.3,6.4,1.61,16.1,26.9,26.7,26.7,32.9,0,0,831,17.88,861,0,0,0.09,46.4,66,31.6,0,2,2,4,0,0,0,"2021_8_26_13"
29.474,28.919,1326,169,600,180,2021,8,34,238,26,4,13,1007.9,26.7,26.9,26.7,47,14.5,17.4,9.7,2.41,17.7,26.7,26.6,26.6,32.9,0,0,807,17.36,849,0,0,0.087,36.7,61,31.8,0,3,6,4,0,0,0,"2021_8_26_13"
31.254,30.372,1326,191,794,221,2021,8,34,238,26,4,13,1008,26.9,26.9,26.7,46,14.3,17.2,6.4,1.61,17.7,26.9,26.7,26.7,33,0,0,793,17.06,803,0,0,0.089,39.9,60,31.5,0,4,7,5,0,0,0,"2021_8_26_13"
31.026,28.762,1660,9,2340,0,2021,8,34,238,26,4,14,1007.6,27.2,27.3,26.9,46,14.6,17.5,8,2.01,22.5,27.2,27,27,33.4,0,0,792,17.04,810,0.58,0,0.093,36,60,31.7,0,5,6,4,0,0,0,"2021_8_26_14"
31.134,29.847,1660,351,2397,347,2021,8,34,238,26,4,14,1007.7,27.3,27.3,27.1,48,15.3,18.1,6.4,1.61,22.5,27.3,27.3,27.3,33.6,0,0,781,16.8,786,0,0,0.093,38.4,54,32.1,0,6,8,5,0,0,0,"2021_8_26_14"
30.235,31.215,1072,14,1740,0,2021,8,34,238,26,4,14,1007,27.3,27.4,27.2,45,14.3,17.3,11.3,2.82,19.3,27.3,27,27,33.1,0,0,769,16.54,786,0,0,0.093,36.1,46,32.1,0,7,6,4,0,0,0,"2021_8_26_14"
31.18,29.798,1072,346,1816,343,2021,8,34,238,26,4,14,1006.9,27.6,27.7,27.3,46,14.9,17.8,8,2.01,22.5,27.6,27.5,27.5,33.8,0,0,749,16.11,763,0,0,0.097,39.4,54,31.5,0,0,6,6,0,0,0,"2021_8_26_14"
30.43,30.43,747,160,0,0,2021,8,34,238,26,4,15,1006.7,27.4,27.7,27.3,50,16,18.6,9.7,2.41,19.3,27.4,27.6,27.6,33.9,0,0,729,15.68,752,0.56,0,0.094,39.5,53,31.9,0,1,6,2,0,0,0,"2021_8_26_15"
29.982,29.828,747,200,520,270,2021,8,34,238,26,4,15,1006.8,27.9,27.9,27.4,44,14.6,17.6,6.4,1.61,14.5,27.9,27.7,27.7,33.9,0,0,715,15.38,729,0,0,0.1,39.8,50,32.1,0,2,7,7,0,0,0,"2021_8_26_15"
29.798,32.982,1326,169,600,180,2021,8,34,238,26,4,15,1006.5,28.3,28.3,27.9,53,17.8,20.1,3.2,0.8,12.9,28.3,29,29,35.4,0,0,696,14.97,707,0,0,0.104,41.3,48,31.7,0,3,8,7,0,0,0,"2021_8_26_15"
30.302,28.975,1326,191,794,221,2021,8,34,238,26,4,15,1006,28.2,28.4,28.2,45,15.1,18,6.4,1.61,17.7,28.2,28,28,34.2,0,0,670,14.41,708,0,0,0.102,35.5,41,31.9,0,4,8,5,0,0,0,"2021_8_26_15"
31.424,30.328,1660,9,2340,0,2021,8,34,238,26,4,16,1005.6,28.3,28.6,28.2,47,15.9,18.7,6.4,1.61,17.7,28.3,28.4,28.4,34.6,0,0,639,13.75,654,0.48,0,0.104,44.3,44,31.7,0,5,8,6,0,0,0,"2021_8_26_16"
31.241,31.082,1660,351,2397,347,2021,8,34,238,26,4,16,1005.5,28.4,28.4,28.3,44,15,17.9,8,2.01,17.7,28.4,28.2,28.2,34.3,0,0,609,13.1,628,0,0,0.105,40.7,26,32.1,0,6,7,6,0,0,0,"2021_8_26_16"
30.632,32.111,1072,14,1740,0,2021,8,34,238,26,4,16,1005.4,28.6,28.8,28.4,46,15.9,18.6,8,2.01,14.5,28.6,28.7,28.7,34.8,0,0,587,12.63,599,0,0,0.107,44.7,37,31,0,7,5,2,0,0,0,"2021_8_26_16"
30.107,30.147,1072,346,1816,343,2021,8,34,238,26,4,16,1005,28.8,28.9,28.6,44,15.3,18.2,8,2.01,17.7,28.8,28.7,28.7,34.7,0,0,545,11.72,591,0,0,0.109,43.5,38,30.4,0,0,6,5,0,0,0,"2021_8_26_16"
30.147,30.147,747,160,0,0,2021,8,34,238,26,4,17,1004.9,28.6,28.8,28.4,46,15.9,18.6,9.7,2.41,17.7,28.6,28.7,28.7,34.6,0,0,492,10.58,578,0.43,0,0.107,45.1,21,30.5,0,1,6,5,0,0,0,"2021_8_26_17"
30.432,31.445,747,200,520,270,2021,8,34,238,26,4,17,1004.7,28.6,28.7,28.5,46,15.8,18.6,9.7,2.41,22.5,28.6,28.6,28.6,34.4,0,0,460,9.9,482,0,0,0.106,43.8,23,29.9,0,2,6,4,0,0,0,"2021_8_26_17"
31.119,36.034,1326,169,600,180,2021,8,34,238,26,4,17,1004.6,28.6,28.6,28.5,46,15.9,18.6,9.7,2.41,17.7,28.6,28.7,28.7,34.3,0,0,414,8.91,441,0,0,0.107,51.4,18,29.4,0,3,5,4,0,0,0,"2021_8_26_17"
30.447,28.74,1326,191,794,221,2021,8,34,238,26,4,17,1004.5,28.7,28.7,28.6,45,15.6,18.4,9.7,2.41,17.7,28.7,28.7,28.7,34,0,0,388,8.35,397,0,0,0.108,49.7,14,28.8,0,4,6,4,0,0,0,"2021_8_26_17"
30.402,28.608,1660,9,2340,0,2021,8,34,238,26,4,18,1004.3,28.6,28.7,28.6,47,16.1,18.9,6.4,1.61,14.5,28.6,28.7,28.7,33.8,0,0,334,7.18,392,0.36,0,0.106,45.7,16,28,0,5,5,4,0,0,0,"2021_8_26_18"
30.5,29.864,1660,351,2397,347,2021,8,34,238,26,4,18,1004.2,28.7,28.7,28.6,46,15.9,18.7,6.4,1.61,12.9,28.7,28.8,28.8,33.5,0,0,308,6.63,323,0,0,0.108,46.5,12,28,0,6,6,5,0,0,0,"2021_8_26_18"
28.546,27.977,1072,14,1740,0,2021,8,34,238,26,4,18,1003.8,28.4,28.7,28.4,45,15.3,18.2,8,2.01,16.1,28.4,28.3,28.3,32.5,0,0,259,5.57,299,0,0,0.105,43.9,6,27.4,0,7,5,4,0,0,0,"2021_8_26_18"
27.461,27.43,1072,346,1816,343,2021,8,34,238,26,4,18,1003.6,28.2,28.4,28.2,44,14.8,17.8,8,2.01,14.5,28.2,28,28,31.1,0,0,184,3.96,209,0,0,0.103,48.9,5,26.9,0,0,6,6,0,0,0,"2021_8_26_18"
26.951,26.951,747,160,0,0,2021,8,34,238,26,4,19,1003.4,27.9,28.3,27.9,48,15.9,18.6,4.8,1.21,14.5,27.9,28,28,30.3,0,0,132,2.84,156,0.23,0,0.1,49.7,4,26.2,0,1,6,4,0,0,0,"2021_8_26_19"
26.231,26.018,747,200,520,270,2021,8,34,238,26,4,19,1003.5,27.7,27.9,27.7,48,15.7,18.4,3.2,0.8,9.7,27.7,27.8,27.8,29.1,0,0,91,1.96,107,0,0,0.097,49.1,2,25.7,0,2,6,5,0,0,0,"2021_8_26_19"
25.354,25.057,1326,169,600,180,2021,8,34,238,26,4,19,1003.3,27.2,27.7,27.2,50,15.9,18.5,1.6,0.4,8,27.2,27.4,27.4,26.6,0,0,41,0.88,63,0,0,0.093,58.3,1,24.7,0,3,7,6,0,0,0,"2021_8_26_19"
24.341,24.005,1326,191,794,221,2021,8,34,238,26,4,19,1003.5,26.6,27.2,26.6,53,16.2,18.6,0,0,3.2,26.6,26.8,26.8,25.8,0,0,19,0.41,30,0,0,0.086,61.9,0,23.8,0,4,9,7,0,0,0,"2021_8_26_19"
23.225,23.103,1660,9,2340,0,2021,8,34,238,26,4,20,1003.3,25.7,26.6,25.7,54,15.7,18.2,1.6,0.4,3.2,25.7,25.9,25.9,24.6,0,0,4,0.09,9,0.05,0,0.077,70.5,0,22.5,0,5,7,6,0,0,0,"2021_8_26_20"
22.123,22.069,1660,351,2397,347,2021,8,34,238,26,4,20,1003.2,25,25.8,25,58,16.2,18.4,0,0,3.2,25,25.2,25.2,23.9,0,0,0,0,0,0,0,0.069,77.4,0,21.6,0,6,9,6,0,0,0,"2021_8_26_20"
21.418,21.364,1072,14,1740,0,2021,8,34,238,26,4,20,1003.3,24.1,24.9,24.1,65,17.1,18.9,0,0,0,24.1,24.6,24.6,23.3,0,0,0,0,0,0,0,0.06,80,0,21.1,0,7,9,8,0,0,0,"2021_8_26_20"
21.272,21.321,1072,346,1816,343,2021,8,34,238,26,4,20,1003.5,23.1,24.1,23.1,71,17.5,19,0,0,3.2,23.1,23.7,23.7,22.4,0,0,0,0,0,0,0,0.049,81,0,21.1,0,0,9,6,0,0,0,"2021_8_26_20"
21.731,21.731,747,160,0,0,2021,8,34,238,26,4,21,1003.4,22.4,23.1,22.4,73,17.4,18.8,0,0,3.2,22.4,23,23,21.8,0,0,0,0,0,0,0,0.043,78.6,0,20.9,0,1,9,4,0,0,0,"2021_8_26_21"
21.225,21.486,747,200,520,270,2021,8,34,238,26,4,21,1003.6,22.1,22.4,22.1,74,17.3,18.6,0,0,3.2,22.1,22.6,22.6,21.4,0,0,0,0,0,0,0,0.039,77.9,0,20.6,0,2,9,4,0,0,0,"2021_8_26_21"
21.038,20.628,1326,169,600,180,2021,8,34,238,26,4,21,1003.5,21.6,22.1,21.6,77,17.4,18.6,0,0,0,21.6,22.2,22.2,21,0,0,0,0,0,0,0,0.034,82.8,0,20.4,0,3,9,8,0,0,0,"2021_8_26_21"
20.899,20.704,1326,191,794,221,2021,8,34,238,26,4,21,1004,21.4,21.6,21.3,75,16.8,18.1,1.6,0.4,4.8,21.4,21.9,21.9,20.7,0,0,0,0,0,0,0,0.032,81.4,0,20.5,0,4,10,9,0,0,0,"2021_8_26_21"
21.68,21.212,1660,9,2340,0,2021,8,34,238,26,4,22,1004.2,22.2,22.3,21.4,72,16.9,18.4,3.2,0.8,6.4,22.2,22.7,22.7,21.4,0,0,0,0,0,0.03,0,0.041,72.8,0,21.1,0,5,11,10,0,0,0,"2021_8_26_22"
22.835,22.242,1660,351,2397,347,2021,8,34,238,26,4,22,1004.5,22.9,22.9,22.3,72,17.6,19,8,2.01,17.7,22.9,23.5,23.5,22.3,0,0,0,0,0,0,0,0.047,71.7,0,21.9,0,6,12,11,0,0,0,"2021_8_26_22"
22.887,22.371,1072,14,1740,0,2021,8,34,238,26,4,22,1004.4,22.9,22.9,22.8,72,17.6,19,11.3,2.82,20.9,22.9,23.5,23.5,22.3,0,0,0,0,0,0,0,0.047,71,0,21.9,0,7,13,11,0,0,0,"2021_8_26_22"
22.874,22.369,1072,346,1816,343,2021,8,34,238,26,4,22,1004.4,22.9,22.9,22.8,71,17.4,18.9,11.3,2.82,20.9,22.9,23.5,23.5,22.3,0,0,0,0,0,0,0,0.048,71,0,21.9,0,0,13,11,0,0,0,"2021_8_26_22"
22.748,22.748,747,160,0,0,2021,8,34,238,26,4,23,1004.4,22.8,22.9,22.8,71,17.3,18.8,8,2.01,17.7,22.8,23.4,23.4,22.2,0,0,0,0,0,0.05,0,0.047,70,0,21.7,0,1,13,10,0,0,0,"2021_8_26_23"
22.752,22.64,747,200,520,270,2021,8,34,238,26,4,23,1004.4,22.6,22.8,22.6,71,17.1,18.6,8,2.01,17.7,22.6,23.1,23.1,21.8,0,0,0,0,0,0,0,0.045,70.9,0,21.6,0,2,13,10,0,0,0,"2021_8_26_23"
22.52,22.138,1326,169,600,180,2021,8,34,238,26,4,23,1004.4,22.6,22.7,22.6,71,17.1,18.6,8,2.01,16.1,22.6,23.1,23.1,21.8,0,0,0,0,0,0,0,0.045,72.8,0,21.5,0,3,13,10,0,0,0,"2021_8_26_23"
22.573,22.061,1326,191,794,221,2021,8,34,238,26,4,23,1004.6,22.5,22.7,22.5,72,17.2,18.7,6.4,1.61,17.7,22.5,23,23,21.8,0,0,0,0,0,0,0,0.043,71.3,0,21.5,0,4,13,11,0,0,0,"2021_8_26_23"
22.411,21.707,1660,9,2340,0,2021,8,34,239,27,5,0,1004.5,22.4,22.5,22.4,72,17.1,18.6,8,2.01,19.3,22.4,22.9,22.9,21.6,0,0,0,0,0,0.05,0,0.042,72.8,0,21.3,0,5,13,12,0,0,0,"2021_8_27_0"
22.281,21.645,1660,351,2397,347,2021,8,34,239,27,5,0,1004.6,22.3,22.4,22.3,72,17,18.5,8,2.01,17.7,22.3,22.8,22.8,21.5,0,0,0,0,0,0,0,0.042,73.2,0,21.3,0,6,13,12,0,0,0,"2021_8_27_0"
22.218,21.97,1072,14,1740,0,2021,8,34,239,27,5,0,1004.5,22.3,22.4,22.2,73,17.2,18.6,8,2.01,17.7,22.3,22.8,22.8,21.5,0,0,0,0,0,0,0,0.041,72.8,0,21.2,0,7,13,10,0,0,0,"2021_8_27_0"
21.921,21.521,1072,346,1816,343,2021,8,34,239,27,5,0,1004.5,22.1,22.3,22.1,74,17.2,18.6,8,2.01,19.3,22.1,22.6,22.6,21.3,0,0,0,0,0,0,0,0.039,73.7,0,21,0,0,13,12,0,0,0,"2021_8_27_0"
21.86,21.86,747,160,0,0,2021,8,34,239,27,5,1,1004.6,21.9,22.1,21.8,75,17.3,18.6,8,2.01,16.1,21.9,22.4,22.4,21.2,0,0,0,0,0,0.05,0,0.037,75.3,0,20.8,0,1,11,12,0,0,0,"2021_8_27_1"
21.488,21.409,747,200,520,270,2021,8,34,239,27,5,1,1004.7,21.7,21.9,21.6,76,17.3,18.5,8,2.01,16.1,21.7,22.2,22.2,21,0,0,0,0,0,0,0,0.035,76.6,0,20.5,0,2,11,12,0,0,0,"2021_8_27_1"
21.572,21.327,1326,169,600,180,2021,8,34,239,27,5,1,1004.8,21.6,21.7,21.6,76,17.2,18.5,8,2.01,16.1,21.6,22.2,22.2,20.9,0,0,0,0,0,0,0,0.034,75.9,0,20.6,0,3,13,12,0,0,0,"2021_8_27_1"
21.634,21.287,1326,191,794,221,2021,8,34,239,27,5,1,1004.7,21.7,21.7,21.6,76,17.3,18.5,8,2.01,17.7,21.7,22.2,22.2,21,0,0,0,0,0,0,0,0.035,76.4,0,20.6,0,4,13,11,0,0,0,"2021_8_27_1"
21.315,20.722,1660,9,2340,0,2021,8,34,239,27,5,2,1004.6,21.4,21.7,21.3,77,17.2,18.4,4.8,1.21,16.1,21.4,22,22,20.7,0,0,0,0,0,0.05,0,0.032,79,0,20.2,0,5,13,12,0,0,0,"2021_8_27_2"
21.059,20.434,1660,351,2397,347,2021,8,34,239,27,5,2,1004.6,21.2,21.4,21.2,78,17.2,18.3,6.4,1.61,14.5,21.2,21.8,21.8,20.5,0,0,0,0,0,0,0,0.03,79.6,0,20.1,0,6,13,9,0,0,0,"2021_8_27_2"
21.014,20.597,1072,14,1740,0,2021,8,34,239,27,5,2,1004.5,21.2,21.2,21.1,78,17.2,18.3,6.4,1.61,16.1,21.2,21.8,21.8,20.5,0,0,0,0,0,0,0,0.03,79.2,0,20,0,7,13,12,0,0,0,"2021_8_27_2"
21.208,20.694,1072,346,1816,343,2021,8,34,239,27,5,2,1004.4,21.2,21.2,21.2,78,17.2,18.3,6.4,1.61,17.7,21.2,21.8,21.8,20.5,0,0,0,0,0,0,0,0.03,78.7,0,20.1,0,0,13,10,0,0,0,"2021_8_27_2"
21.105,21.105,747,160,0,0,2021,8,34,239,27,5,3,1004.5,21.2,21.2,21.2,77,17,18.2,6.4,1.61,16.1,21.2,21.8,21.8,20.5,0,0,0,0,0,0.03,0,0.03,78.9,0,20,0,1,13,10,0,0,0,"2021_8_27_3"
21.211,21.054,747,200,520,270,2021,8,34,239,27,5,3,1004.8,21.3,21.3,21.2,74,16.5,17.9,9.7,2.41,25.7,21.3,21.7,21.7,20.4,0,0,0,0,0,0,0,0.031,75.6,0,20.1,0,2,13,10,0,0,0,"2021_8_27_3"
21.167,20.983,1326,169,600,180,2021,8,34,239,27,5,3,1004.8,21,21.3,21,75,16.4,17.7,12.9,3.22,25.7,20.6,21.5,21,19.8,0,0,0,0,0,0,0,0.028,74.6,0,20,0,3,13,12,0,0,0,"2021_8_27_3"
20.44,20.254,1326,191,794,221,2021,8,34,239,27,5,3,1004.9,20.2,21,20.2,77,16,17.3,14.5,3.62,27.4,19.4,20.7,19.9,18.7,0,0,0,0,0,0,0,0.019,75.6,0,19.5,0,4,13,12,0,0,0,"2021_8_27_3"
19.877,19.836,1660,9,2340,0,2021,8,34,239,27,5,4,1005.4,19.7,20.2,19.7,80,16.2,17.3,14.5,3.62,32.2,19,20.3,19.5,18.4,0,0,0,0,0,0.05,0,0.014,77.9,0,19.1,0,5,13,12,0,0,0,"2021_8_27_4"
19.795,19.744,1660,351,2397,347,2021,8,34,239,27,5,4,1005.9,19.6,19.7,19.6,80,16.1,17.2,14.5,3.62,24.1,18.9,20.2,19.4,18.2,0,0,0,0,0,0,0,0.013,77.9,0,19,0,6,13,11,0,0,0,"2021_8_27_4"
19.479,19.542,1072,14,1740,0,2021,8,34,239,27,5,4,1006.2,19.3,19.6,19.3,80,15.8,16.9,14.5,3.62,25.7,18.6,19.9,19.1,17.9,0,0,0,0,0,0,0,0.01,78.2,0,18.8,0,7,13,12,0,0,0,"2021_8_27_4"
19.108,19.075,1072,346,1816,343,2021,8,34,239,27,5,4,1006.3,18.8,19.3,18.8,81,15.5,16.6,14.5,3.62,30.6,18.1,19.3,18.6,17.3,0,0,0,0,0,0,0,0.005,78.8,0,18.4,0,0,13,13,0,0,0,"2021_8_27_4"
18.809,18.809,747,160,0,0,2021,8,34,239,27,5,5,1006.4,18.6,18.8,18.6,82,15.4,16.4,14.5,3.62,29,17.8,18.9,18.2,17,0,0,0,0,0,0.05,0,0.002,79.8,0,18.2,0,1,13,11,0,0,0,"2021_8_27_5"
18.695,18.736,747,200,520,270,2021,8,34,239,27,5,5,1006.6,18.4,18.6,18.4,82,15.3,16.3,16.1,4.02,32.2,17.2,18.8,17.6,16.4,0,0,0,0,0,0,0,0.001,80.9,0,18,0,2,13,11,0,0,0,"2021_8_27_5"
18.496,18.484,1326,169,600,180,2021,8,34,239,27,5,5,1006.6,18.2,18.5,18.2,82,15.1,16.1,12.9,3.22,24.1,17.9,18.5,18.2,16.9,0,0,0,0,0,0,0.001,0,80.5,0,17.8,0,3,13,10,0,0,0,"2021_8_27_5"
18.273,18.154,1326,191,794,221,2021,8,34,239,27,5,5,1006.7,18,18.2,17.9,83,15.1,16,12.9,3.22,22.5,17.6,18.3,17.9,16.6,0,0,0,0,0,0,0.003,0,81.7,0,17.5,0,4,13,10,0,0,0,"2021_8_27_5"
18.068,18.149,1660,9,2340,0,2021,8,34,239,27,5,6,1006.8,17.8,18,17.8,84,15.1,16,12.9,3.22,24.1,17.4,18.1,17.7,16.4,0,0,0,0,0,0.03,0.005,0,82.5,0,17.3,0,5,11,12,0,0,0,"2021_8_27_6"
18.048,18.093,1660,351,2397,347,2021,8,34,239,27,5,6,1006.9,17.9,17.9,17.8,82,14.8,15.8,12.9,3.22,24.1,17.5,18.1,17.8,16.5,0,0,0,0,0,0,0.005,0,81.5,0,17.4,0,6,11,12,0,0,0,"2021_8_27_6"
18.256,18.293,1072,14,1740,0,2021,8,34,239,27,5,6,1007.2,18.1,18.1,17.9,81,14.8,15.9,12.9,3.22,25.7,17.8,18.4,18,16.7,0,0,0,0,0,0,0.002,0,79.8,0,17.4,0,7,11,12,0,0,0,"2021_8_27_6"
18.271,18.154,1072,346,1816,343,2021,8,34,239,27,5,6,1007.3,18.1,18.2,18.1,81,14.8,15.9,12.9,3.22,24.1,17.8,18.4,18,16.7,0,0,0,0,0,0,0.002,0,80.4,0,17.5,0,0,13,11,0,0,0,"2021_8_27_6"
17.995,17.995,747,160,0,0,2021,8,34,239,27,5,7,1007.6,17.8,18.1,17.8,82,14.7,15.7,14.5,3.62,25.7,16.9,18,17.1,15.9,0,0,0,0,0,0.03,0.006,0,81.9,0,17.2,0,1,11,12,0,0,0,"2021_8_27_7"
17.709,17.775,747,200,520,270,2021,8,34,239,27,5,7,1007.8,17.5,17.8,17.4,84,14.8,15.7,11.3,2.82,20.9,17.5,17.7,17.7,16.8,0,0,4,0.09,14,0,0.009,0,83,1,17,0,2,11,12,0,0,0,"2021_8_27_7"
17.559,17.531,1326,169,600,180,2021,8,34,239,27,5,7,1007.9,17.3,17.5,17.2,84,14.5,15.5,12.9,3.22,22.5,16.8,17.5,17,16.5,0,0,20,0.43,25,0,0.011,0,82,1,16.9,0,3,11,12,0,0,0,"2021_8_27_7"
17.584,17.495,1326,191,794,221,2021,8,34,239,27,5,7,1007.8,17.3,17.3,17.2,83,14.4,15.3,12.9,3.22,27.4,16.8,17.5,16.9,16.6,0,0,24,0.52,25,0,0.011,0,82.1,1,16.9,0,4,13,11,0,0,0,"2021_8_27_7"
17.602,17.642,1660,9,2340,0,2021,8,34,239,27,5,8,1008.1,17.3,17.4,17.3,83,14.4,15.4,12.9,3.22,29,16.8,17.5,17,16.5,0,0,19,0.41,25,0.03,0.01,0,83.8,0,16.9,0,5,11,10,0,0,0,"2021_8_27_8"
17.454,17.651,1660,351,2397,347,2021,8,34,239,27,5,8,1008.4,17.3,17.4,17.3,83,14.4,15.4,11.3,2.82,22.5,17.3,17.5,17.5,16.7,0,0,13,0.28,18,0,0.01,0,82.8,1,16.8,0,6,11,12,0,0,0,"2021_8_27_8"
17.515,17.715,1072,14,1740,0,2021,8,34,239,27,5,8,1008.3,17.3,17.3,17.2,82,14.2,15.2,12.9,3.22,20.9,16.8,17.4,16.9,16.4,0,0,21,0.45,33,0,0.011,0,81.5,2,16.8,0,7,13,12,0,0,0,"2021_8_27_8"
17.662,17.684,1072,346,1816,343,2021,8,34,239,27,5,8,1008.6,17.2,17.3,17.2,83,14.3,15.2,11.3,2.82,22.5,17.1,17.3,17.2,17,0,0,39,0.84,47,0,0.012,0,84.1,1,16.9,0,0,11,10,0,0,0,"2021_8_27_8"
17.205,17.205,747,160,0,0,2021,8,34,239,27,5,9,1008.3,16.7,17.2,16.7,85,14.2,15.1,12.9,3.22,25.7,16.1,16.8,16.2,15.9,0,0,37,0.8,56,0.05,0.017,0,83,3,16.5,0,1,11,10,0,0,0,"2021_8_27_9"
16.88,16.991,747,200,520,270,2021,8,34,239,27,5,9,1008.9,16.4,16.7,16.4,87,14.3,15,11.3,2.82,22.5,16.2,16.6,16.4,16.1,0,0,42,0.9,65,0,0.02,0,86.2,1,16.2,0,2,13,10,0,0,0,"2021_8_27_9"
16.397,16.597,1326,169,600,180,2021,8,34,239,27,5,9,1009,16,16.4,16,89,14.2,14.8,9.7,2.41,24.1,15.8,16.2,16,15.3,1,11.4,20,0.43,26,0,0.024,0,90.4,2,15.8,0,3,13,11,0,0,0,"2021_8_27_9"
16.198,16.496,1326,191,794,221,2021,8,34,239,27,5,9,1009,15.7,16,15.7,92,14.4,14.9,8,2.01,17.7,15.7,16,16,15.7,2.4,13.4,48,1.03,69,0,0.027,0,91.2,3,15.8,0,4,13,12,0,0,0,"2021_8_27_9"
16.228,16.545,1660,9,2340,0,2021,8,34,239,27,5,10,1009,15.6,15.7,15.6,92,14.3,14.7,11.3,2.82,19.3,15.1,15.8,15.4,15.3,1.8,20.6,57,1.23,69,0.03,0.029,0,91.5,3,15.5,0,5,13,0,0,0,0,"2021_8_27_10"
16.156,16.63,1660,351,2397,347,2021,8,34,239,27,5,10,1009.6,15.6,15.6,15.5,91,14.1,14.6,11.3,2.82,20.9,15.1,15.8,15.3,15.2,0.2,2.2,57,1.23,63,0,0.029,0,90.1,4,15.6,0,6,13,10,0,0,0,"2021_8_27_10"
16.415,17.257,1072,14,1740,0,2021,8,34,239,27,5,10,1010.1,15.8,15.8,15.6,93,14.6,15,8,2.01,17.7,15.8,16.1,16.1,16.3,0.8,3.2,83,1.79,91,0,0.027,0,91.7,5,16.1,0,7,13,12,0,0,0,"2021_8_27_10"
16.936,17.418,1072,346,1816,343,2021,8,34,239,27,5,10,1010,15.9,15.9,15.8,92,14.6,15,9.7,2.41,16.1,15.7,16.2,16,16.4,0.4,2.8,94,2.02,100,0,0.025,0,90.7,5,16.3,0,0,13,10,0,0,0,"2021_8_27_10"
16.762,16.762,747,160,0,0,2021,8,34,239,27,5,11,1010.1,16,16,15.9,92,14.7,15.2,8,2.01,16.1,16,16.3,16.3,16.8,0.2,1.8,104,2.24,128,0.05,0.024,0,89.7,10,16.6,0,1,13,10,0,0,0,"2021_8_27_11"
17.694,17.779,747,200,520,270,2021,8,34,239,27,5,11,1010.1,16.4,16.4,16,91,15,15.5,8,2.01,16.1,16.4,16.8,16.8,18.3,0,0,177,3.81,202,0,0.02,0,87.4,6,16.9,0,2,12,11,0,0,0,"2021_8_27_11"
17.193,17.314,1326,169,600,180,2021,8,34,239,27,5,11,1009.8,16.5,16.5,16.4,89,14.7,15.3,8,2.01,12.9,16.5,16.8,16.8,17.3,0,0,106,2.28,135,0,0.019,0,86.9,7,16.8,0,3,13,11,0,0,0,"2021_8_27_11"
17.788,17.845,1326,191,794,221,2021,8,34,239,27,5,11,1010.1,16.8,16.8,16.4,90,15.1,15.7,6.4,1.61,12.9,16.8,17.1,17.1,18.2,0,0,147,3.16,178,0,0.016,0,86.1,13,17.6,0,4,13,0,0,0,0,"2021_8_27_11"
19.267,19.869,1660,9,2340,0,2021,8,34,239,27,5,12,1010.9,17.5,17.5,16.8,89,15.7,16.3,6.4,1.61,12.9,17.5,17.9,17.9,20.6,0,0,268,5.76,348,0.1,0.009,0,80.5,18,19.2,0,5,12,10,0,0,0,"2021_8_27_12"
19.421,20.083,1660,351,2397,347,2021,8,34,239,27,5,12,1010.5,17.9,17.9,17.5,87,15.7,16.4,8,2.01,19.3,17.9,18.3,18.3,21,0,0,278,5.98,362,0,0.005,0,78.7,15,19.2,0,6,12,0,0,0,0,"2021_8_27_12"
19.921,21.424,1072,14,1740,0,2021,8,34,239,27,5,12,1010.9,18.3,18.3,17.9,84,15.6,16.5,9.7,2.41,19.3,18.3,18.7,18.7,21.5,0,0,285,6.13,313,0,0,0,77.7,22,19.7,0,7,12,0,0,0,0,"2021_8_27_12"
21.857,21.979,1072,346,1816,343,2021,8,34,239,27,5,12,1010.9,19.1,19.1,18.3,81,15.7,16.8,9.7,2.41,17.7,19.1,19.5,19.5,22.9,0,0,331,7.12,381,0,0,0.008,65.8,19,21.2,0,0,12,13,0,0,0,"2021_8_27_12"
21.649,21.649,747,160,0,0,2021,8,34,239,27,5,13,1010.8,19.4,19.4,19.1,74,14.7,16.2,12.9,3.22,24.1,19.1,19.7,19.3,23.3,0,0,421,9.06,473,0.25,0,0.012,62.9,17,21.4,0,1,4,0,0,0,0,"2021_8_27_13"
21.61,21.769,747,200,520,270,2021,8,34,239,27,5,13,1010.4,19.4,19.4,19.3,75,14.9,16.3,12.9,3.22,22.5,19.1,19.7,19.4,22.9,0,0,379,8.15,455,0,0,0.012,61.8,14,21.4,0,2,4,0,0,0,0,"2021_8_27_13"
20.551,20.57,1326,169,600,180,2021,8,34,239,27,5,13,1010.5,19.6,19.6,19.3,75,15,16.4,11.3,2.82,19.3,19.6,19.9,19.9,23.4,0,0,357,7.68,868,0,0,0.013,59.9,33,22.9,0,3,4,0,0,0,0,"2021_8_27_13"
23.141,24.632,1326,191,794,221,2021,8,34,239,27,5,13,1011.8,20.7,20.7,19.6,69,14.8,16.5,9.7,2.41,19.3,20.7,20.9,20.9,27,0,0,833,17.92,867,0,0,0.024,53.5,64,24.6,0,4,12,0,0,0,0,"2021_8_27_13"
23.148,23.608,1660,9,2340,0,2021,8,34,239,27,5,14,1010.6,20.8,20.8,20.6,72,15.5,17.1,11.3,2.82,20.9,20.8,21.1,21.1,27.3,0,0,800,17.21,816,0.38,0,0.025,51.1,62,26.4,0,5,4,0,0,0,0,"2021_8_27_14"
23.931,23.975,1660,351,2397,347,2021,8,34,239,27,5,14,1010.4,20.9,20.9,20.8,70,15.2,16.9,12.9,3.22,22.5,20.5,21.1,20.6,26.5,0,0,795,17.1,807,0,0,0.027,50.1,61,26.5,0,6,4,11,0,0,0,"2021_8_27_14"
24.366,26.757,1072,14,1740,0,2021,8,34,239,27,5,14,1010.8,21.2,21.2,20.9,70,15.5,17.2,11.3,2.82,20.9,21.2,21.4,21.4,27.5,0,0,778,16.74,793,0,0,0.03,49.8,48,26.9,0,7,4,0,0,0,0,"2021_8_27_14"
23.8,24.96,1072,346,1816,343,2021,8,34,239,27,5,14,1010.9,21.8,21.8,21.2,67,15.4,17.2,8,2.01,17.7,21.8,21.9,21.9,28.1,0,0,772,16.61,777,0,0,0.036,49.2,57,26.9,0,0,4,0,0,0,0,"2021_8_27_14"
24.643,24.643,747,160,0,0,2021,8,34,239,27,5,15,1010.5,21.8,22.1,21.8,66,15.2,17.1,8,2.01,17.7,21.8,21.9,21.9,28.1,0,0,752,16.18,765,0.51,0,0.036,49.4,53,27,0,1,4,0,0,0,0,"2021_8_27_15"
23.766,24.886,747,200,520,270,2021,8,34,239,27,5,15,1010.2,21.7,21.9,21.7,67,15.3,17.1,9.7,2.41,16.1,21.7,21.8,21.8,28,0,0,722,15.53,731,0,0,0.035,50.5,52,27.6,0,2,4,13,0,0,0,"2021_8_27_15"
24.875,29.551,1326,169,600,180,2021,8,34,239,27,5,15,1010.4,22,22,21.7,69,16,17.7,9.7,2.41,20.9,22,22.2,22.2,28.4,0,0,716,15.4,737,0,0,0.038,48.6,50,27.9,0,3,4,0,0,0,0,"2021_8_27_15"
25.814,25.222,1326,191,794,221,2021,8,34,239,27,5,15,1010.2,22,22.3,21.9,68,15.8,17.6,8,2.01,19.3,22,22.2,22.2,28.3,0,0,692,14.89,733,0,0,0.038,49,19,27,0,4,4,0,0,0,0,"2021_8_27_15"
24.579,23.913,1660,9,2340,0,2021,8,34,239,27,5,16,1010.2,21.9,22.2,21.7,69,15.9,17.6,8,2.01,14.5,21.9,22.1,22.1,27.1,0,0,441,9.49,714,0.41,0,0.037,50.6,46,26.5,0,5,4,1,0,0,0,"2021_8_27_16"
25.407,26.106,1660,351,2397,347,2021,8,34,239,27,5,16,1009.9,21.9,22,21.9,67,15.5,17.3,8,2.01,14.5,21.9,22,22,27.7,0,0,509,10.95,684,0,0,0.037,52,30,25.8,0,6,4,0,0,0,0,"2021_8_27_16"
26.417,27.176,1072,14,1740,0,2021,8,34,239,27,5,16,1010.5,22.4,22.5,21.7,66,15.8,17.6,6.4,1.61,12.9,22.4,22.7,22.7,28.7,0,0,551,11.85,643,0,0,0.043,53.1,11,26.2,0,7,4,0,0,0,0,"2021_8_27_16"
26.237,25.91,1072,346,1816,343,2021,8,34,239,27,5,16,1010.2,22.3,22.5,21.9,67,15.9,17.6,8,2.01,16.1,22.3,22.5,22.5,27.4,0,0,394,8.48,626,0,0,0.041,54.6,31,25.8,0,0,0,0,0,0,0,"2021_8_27_16"
22.329,22.329,747,160,0,0,2021,8,34,239,27,5,17,1009.2,21.5,22.4,21.5,70,15.8,17.4,6.4,1.61,16.1,21.5,21.7,21.7,23.5,0,0,157,3.38,445,0.28,0,0.033,61.9,8,22.2,0,1,4,0,0,0,0,"2021_8_27_17"
24.507,26.082,747,200,520,270,2021,8,34,239,27,5,17,1010.2,22.2,22.3,21.4,67,15.8,17.6,6.4,1.61,14.5,22.2,22.4,22.4,27.6,0,0,389,8.37,513,0,0,0.041,56.9,12,23.5,0,2,4,0,0,0,0,"2021_8_27_17"
24.486,29.421,1326,169,600,180,2021,8,34,239,27,5,17,1009.8,22.3,22.4,22.2,66,15.6,17.5,6.4,1.61,12.9,22.3,22.5,22.5,26.8,0,0,303,6.52,432,0,0,0.041,58.5,6,22.6,0,3,4,0,0,0,0,"2021_8_27_17"
23.399,22.982,1326,191,794,221,2021,8,34,239,27,5,17,1009.9,22.1,22.3,21.9,67,15.7,17.5,4.8,1.21,9.7,22.1,22.3,22.3,26.2,0,0,259,5.57,399,0,0,0.039,61.1,14,22.5,0,4,12,11,0,0,0,"2021_8_27_17"
25.437,23.978,1660,9,2340,0,2021,8,34,239,27,5,18,1010,22.7,22.7,22.1,66,16,17.8,4.8,1.21,12.9,22.7,23,23,28.1,0,0,363,7.81,388,0.23,0,0.045,59.8,14,23.1,0,5,12,11,0,0,0,"2021_8_27_18"
22.559,22.835,1660,351,2397,347,2021,8,34,239,27,5,18,1009.7,22.3,22.7,22.3,66,15.6,17.5,4.8,1.21,12.9,22.3,22.5,22.5,26.6,0,0,249,5.36,313,0,0,0.041,65.8,8,21.8,0,6,12,11,0,0,0,"2021_8_27_18"
22.158,22.368,1072,14,1740,0,2021,8,34,239,27,5,18,1009.6,21.8,22.3,21.8,68,15.7,17.4,4.8,1.21,11.3,21.8,22,22,25.4,0,0,196,4.22,239,0,0,0.036,66,7,21.6,0,7,12,0,0,0,0,"2021_8_27_18"
22.254,21.585,1072,346,1816,343,2021,8,34,239,27,5,18,1009.5,21.7,21.9,21.7,68,15.5,17.3,4.8,1.21,9.7,21.7,21.8,21.8,24.2,0,0,142,3.05,221,0,0,0.035,66.3,6,21.1,0,0,4,11,0,0,0,"2021_8_27_18"
21.996,21.996,747,160,0,0,2021,8,34,239,27,5,19,1009.8,21.8,21.8,21.7,70,16.1,17.7,3.2,0.8,8,21.8,22,22,24.6,0,0,156,3.36,171,0.13,0,0.036,67.3,6,21.1,0,1,4,0,0,0,0,"2021_8_27_19"
21.518,21.575,747,200,520,270,2021,8,34,239,27,5,19,1009.4,21.6,21.8,21.6,71,16.1,17.7,3.2,0.8,4.8,21.6,21.9,21.9,23.4,0,0,103,2.22,137,0,0,0.034,68,2,20.6,0,2,4,11,0,0,0,"2021_8_27_19"
20.516,20.655,1326,169,600,180,2021,8,34,239,27,5,19,1009.2,21,21.6,21,74,16.2,17.6,1.6,0.4,3.2,21,21.4,21.4,20.6,0,0,42,0.9,60,0,0,0.028,74.3,1,19.7,0,3,12,11,0,0,0,"2021_8_27_19"
19.251,19.478,1326,191,794,221,2021,8,34,239,27,5,19,1009.4,20.2,21,20.2,78,16.2,17.4,0,0,3.2,20.2,20.7,20.7,19.6,0,0,20,0.43,26,0,0,0.019,78.9,0,18.6,0,4,9,11,0,0,0,"2021_8_27_19"
18.687,18.717,1660,9,2340,0,2021,8,34,239,27,5,20,1009.4,19.3,20.2,19.3,81,15.9,17,0,0,1.6,19.3,19.8,19.8,18.5,0,0,8,0.17,12,0.03,0,0.01,83.8,0,17.9,0,5,9,11,0,0,0,"2021_8_27_20"
17.986,18.176,1660,351,2397,347,2021,8,34,239,27,5,20,1009.7,18.4,19.3,18.4,83,15.5,16.4,0,0,0,18.4,18.8,18.8,17.4,0,0,0,0,0,0,0,0.001,85.4,0,17.6,0,6,9,8,0,0,0,"2021_8_27_20"
17.834,17.931,1072,14,1740,0,2021,8,34,239,27,5,20,1010,18.1,18.4,18.1,87,15.9,16.6,0,0,3.2,18.1,18.5,18.5,17.1,0,0,0,0,0,0,0.003,0,88.5,0,17.6,0,7,9,11,0,0,0,"2021_8_27_20"
17.978,18.192,1072,346,1816,343,2021,8,34,239,27,5,20,1010.1,18,18.1,17.9,86,15.6,16.4,0,0,0,18,18.4,18.4,17,0,0,0,0,0,0,0.003,0,88.3,0,17.4,0,0,9,8,0,0,0,"2021_8_27_20"
17.263,17.263,747,160,0,0,2021,8,34,239,27,5,21,1010.1,17.8,18,17.8,87,15.6,16.3,0,0,3.2,17.8,18.1,18.1,16.8,0,0,0,0,0,0,0.006,0,88.7,0,16.9,0,1,9,11,0,0,0,"2021_8_27_21"
16.68,16.976,747,200,520,270,2021,8,34,239,27,5,21,1010.2,17.4,17.8,17.4,88,15.4,16,0,0,1.6,17.4,17.7,17.7,16.3,0,0,0,0,0,0,0.01,0,88.7,0,16.4,0,2,9,11,0,0,0,"2021_8_27_21"
16.421,16.455,1326,169,600,180,2021,8,34,239,27,5,21,1010.1,16.9,17.4,16.9,88,14.9,15.6,0,0,3.2,16.9,17.2,17.2,15.8,0,0,0,0,0,0,0.014,0,89.4,0,16,0,3,9,11,0,0,0,"2021_8_27_21"
16.085,16.315,1326,191,794,221,2021,8,34,239,27,5,21,1010.6,16.6,16.9,16.6,89,14.7,15.4,0,0,1.6,16.6,16.8,16.8,15.4,0,0,0,0,0,0,0.019,0,89.5,0,15.6,0,4,9,11,0,0,0,"2021_8_27_21"
15.961,16.049,1660,9,2340,0,2021,8,34,239,27,5,22,1010.7,16.1,16.5,16.1,89,14.2,14.9,0,0,0,16.1,16.2,16.2,14.8,0,0,0,0,0,0,0.024,0,89.8,0,15.5,0,5,9,8,0,0,0,"2021_8_27_22"
15.783,16.137,1660,351,2397,347,2021,8,34,239,27,5,22,1010.8,15.8,16.1,15.8,91,14.4,14.9,1.6,0.4,3.2,15.8,16.1,16.1,14.6,0,0,0,0,0,0,0.026,0,90.2,0,15.3,0,6,12,11,0,0,0,"2021_8_27_22"
15.573,15.675,1072,14,1740,0,2021,8,34,239,27,5,22,1010.8,15.7,15.9,15.7,91,14.3,14.8,0,0,3.2,15.7,15.9,15.9,14.5,0,0,0,0,0,0,0.027,0,90.2,0,15.2,0,7,9,11,0,0,0,"2021_8_27_22"
15.397,15.479,1072,346,1816,343,2021,8,34,239,27,5,22,1010.6,15.6,15.8,15.6,89,13.7,14.4,0,0,3.2,15.6,15.7,15.7,14.2,0,0,0,0,0,0,0.029,0,90.1,0,15,0,0,9,11,0,0,0,"2021_8_27_22"
15.109,15.109,747,160,0,0,2021,8,34,239,27,5,23,1010.8,15.3,15.6,15.3,91,13.8,14.3,0,0,0,15.3,15.5,15.5,14,0,0,0,0,0,0,0.032,0,90.6,0,14.8,0,1,9,8,0,0,0,"2021_8_27_23"
14.952,15.288,747,200,520,270,2021,8,34,239,27,5,23,1010.8,14.9,15.3,14.9,92,13.7,14.1,0,0,0,14.9,15.1,15.1,13.6,0,0,0,0,0,0,0.035,0,91.1,0,14.6,0,2,9,8,0,0,0,"2021_8_27_23"
15.075,15.064,1326,169,600,180,2021,8,34,239,27,5,23,1010.8,14.7,14.9,14.7,92,13.4,13.9,0,0,0,14.7,14.8,14.8,13.3,0,0,0,0,0,0,0.038,0,91.7,0,14.5,0,3,9,8,0,0,0,"2021_8_27_23"
14.901,15.234,1326,191,794,221,2021,8,34,239,27,5,23,1010.9,14.5,14.7,14.4,93,13.4,13.8,0,0,0,14.5,14.7,14.7,13.2,0,0,0,0,0,0,0.04,0,92.1,0,14.5,0,4,9,8,0,0,0,"2021_8_27_23"
15.202,15.279,1660,9,2340,0,2021,8,34,240,28,6,0,1011.1,14.4,14.5,14.3,94,13.4,13.8,0,0,0,14.4,14.6,14.6,13.1,0,0,0,0,0,0,0.041,0,93.2,0,14.6,0,5,9,8,0,0,0,"2021_8_28_0"
15.403,15.658,1660,351,2397,347,2021,8,34,240,28,6,0,1011,14.3,14.4,14.3,94,13.3,13.7,0,0,0,14.3,14.5,14.5,12.9,0,0,0,0,0,0,0.042,0,93.3,0,14.8,0,6,9,8,0,0,0,"2021_8_28_0"
15.491,15.467,1072,14,1740,0,2021,8,34,240,28,6,0,1011.1,14.4,14.4,14.3,95,13.6,13.9,0,0,0,14.4,14.6,14.6,13.1,0,0,0,0,0,0,0.041,0,92.6,0,14.9,0,7,9,8,0,0,0,"2021_8_28_0"
15.396,15.573,1072,346,1816,343,2021,8,34,240,28,6,0,1011,14.7,14.7,14.4,95,13.9,14.2,0,0,3.2,14.7,14.9,14.9,13.4,0,0,0,0,0,0,0.038,0,93.1,0,14.8,0,0,9,11,0,0,0,"2021_8_28_0"
15.5,15.5,747,160,0,0,2021,8,34,240,28,6,1,1010.8,14.8,14.8,14.7,94,13.8,14.2,0,0,3.2,14.8,15,15,13.5,0,0,0,0,0,0,0.037,0,93,0,15.1,0,1,9,11,0,0,0,"2021_8_28_1"
15.466,15.772,747,200,520,270,2021,8,34,240,28,6,1,1010.7,14.9,14.9,14.7,93,13.8,14.2,0,0,1.6,14.9,15.1,15.1,13.6,0,0,0,0,0,0,0.036,0,91.7,0,14.7,0,2,9,11,0,0,0,"2021_8_28_1"
14.976,15.064,1326,169,600,180,2021,8,34,240,28,6,1,1010.6,14.4,14.8,14.4,92,13.2,13.6,0,0,4.8,14.4,14.6,14.6,13.1,0,0,0,0,0,0,0.041,0,91.9,0,14.4,0,3,9,13,0,0,0,"2021_8_28_1"
14.789,14.824,1326,191,794,221,2021,8,34,240,28,6,1,1010.7,14.2,14.4,14.2,93,13.1,13.5,0,0,0,14.2,14.4,14.4,12.9,0,0,0,0,0,0,0.043,0,91.6,0,14.1,0,4,9,8,0,0,0,"2021_8_28_1"
14.295,14.65,1660,9,2340,0,2021,8,34,240,28,6,2,1010.7,14.2,14.2,14.2,92,12.9,13.4,1.6,0.4,3.2,14.2,14.3,14.3,12.8,0,0,0,0,0,0,0.043,0,91.7,0,13.7,0,5,14,13,0,0,0,"2021_8_28_2"
13.984,14.348,1660,351,2397,347,2021,8,34,240,28,6,2,1010.6,13.8,14.2,13.8,92,12.5,13,0,0,3.2,13.8,13.9,13.9,12.3,0,0,0,0,0,0,0.047,0,93.1,0,13.5,0,6,9,12,0,0,0,"2021_8_28_2"
14.417,14.37,1072,14,1740,0,2021,8,34,240,28,6,2,1010.7,13.6,13.8,13.4,94,12.6,13,0,0,1.6,13.6,13.7,13.7,12.2,0,0,0,0,0,0,0.05,0,93.2,0,13.9,0,7,9,12,0,0,0,"2021_8_28_2"
14.623,14.569,1072,346,1816,343,2021,8,34,240,28,6,2,1010.9,14.1,14.1,13.6,95,13.3,13.6,1.6,0.4,3.2,14.1,14.2,14.2,12.7,0,0,0,0,0,0,0.045,0,93.3,0,14.1,0,0,14,9,0,0,0,"2021_8_28_2"
14.767,14.767,747,160,0,0,2021,8,34,240,28,6,3,1010.6,14.3,14.3,14.1,94,13.3,13.7,0,0,1.6,14.3,14.5,14.5,12.9,0,0,0,0,0,0,0.042,0,93.2,0,14.2,0,1,9,14,0,0,0,"2021_8_28_3"
14.813,15.13,747,200,520,270,2021,8,34,240,28,6,3,1010.7,14.3,14.3,14.2,94,13.3,13.7,0,0,1.6,14.3,14.5,14.5,12.9,0,0,0,0,0,0,0.042,0,93.6,0,14.1,0,2,9,14,0,0,0,"2021_8_28_3"
15.19,15.066,1326,169,600,180,2021,8,34,240,28,6,3,1010.4,14.4,14.4,14.3,95,13.6,13.9,0,0,3.2,14.4,14.6,14.6,13.1,0,0,0,0,0,0,0.041,0,94.5,0,14.5,0,3,9,14,0,0,0,"2021_8_28_3"
15.085,15.282,1326,191,794,221,2021,8,34,240,28,6,3,1010.4,14.5,14.5,14.3,95,13.7,14,0,0,1.6,14.5,14.7,14.7,13.2,0,0,0,0,0,0,0.04,0,94.4,0,14.6,0,4,9,14,0,0,0,"2021_8_28_3"
15.125,15.448,1660,9,2340,0,2021,8,34,240,28,6,4,1010.5,14.7,14.7,14.5,95,13.9,14.2,0,0,1.6,14.7,14.9,14.9,13.4,0,0,0,0,0,0,0.038,0,94.2,0,14.6,0,5,9,14,0,0,0,"2021_8_28_4"
15.44,15.76,1660,351,2397,347,2021,8,34,240,28,6,4,1010.6,14.7,14.7,14.7,95,13.9,14.2,0,0,1.6,14.7,15,15,13.5,0,0,0,0,0,0,0.038,0,94.7,0,14.8,0,6,9,14,0,0,0,"2021_8_28_4"
15.43,15.542,1072,14,1740,0,2021,8,34,240,28,6,4,1010.5,14.8,14.8,14.7,95,14,14.3,0,0,0,14.8,15.1,15.1,13.6,0,0,0,0,0,0,0.036,0,95.3,0,14.9,0,7,9,8,0,0,0,"2021_8_28_4"
15.625,15.706,1072,346,1816,343,2021,8,34,240,28,6,4,1010.4,15,15,14.8,95,14.2,14.5,0,0,1.6,15,15.3,15.3,13.8,0,0,0,0,0,0,0.035,0,95.1,0,15.1,0,0,9,14,0,0,0,"2021_8_28_4"
15.624,15.624,747,160,0,0,2021,8,34,240,28,6,5,1010.3,15.2,15.2,14.9,94,14.2,14.6,0,0,1.6,15.2,15.4,15.4,14,0,0,0,0,0,0,0.033,0,95.1,0,15.1,0,1,9,14,0,0,0,"2021_8_28_5"
15.597,15.839,747,200,520,270,2021,8,34,240,28,6,5,1010.2,15.2,15.2,15.1,95,14.4,14.7,0,0,1.6,15.2,15.5,15.5,14,0,0,0,0,0,0,0.033,0,94.7,0,14.9,0,2,9,9,0,0,0,"2021_8_28_5"
15.754,15.815,1326,169,600,180,2021,8,34,240,28,6,5,1010.2,15.3,15.3,15.2,94,14.3,14.7,0,0,3.2,15.3,15.6,15.6,14.1,0,0,0,0,0,0,0.032,0,95.4,0,15.1,0,3,9,9,0,0,0,"2021_8_28_5"
15.7,15.943,1326,191,794,221,2021,8,34,240,28,6,5,1010.1,15.4,15.4,15.2,93,14.3,14.7,0,0,1.6,15.4,15.6,15.6,14.2,0,0,0,0,0,0,0.031,0,94.9,0,15.1,0,4,9,9,0,0,0,"2021_8_28_5"
15.894,15.977,1660,9,2340,0,2021,8,34,240,28,6,6,1010.3,15.5,15.6,15.3,91,14,14.6,1.6,0.4,4.8,15.5,15.7,15.7,14.2,0,0,0,0,0,0,0.03,0,94.8,0,15.1,0,5,15,12,0,0,0,"2021_8_28_6"
15.907,16.004,1660,351,2397,347,2021,8,34,240,28,6,6,1010.4,16,16,15.5,89,14.2,14.8,1.6,0.4,4.8,16,16.2,16.2,14.7,0,0,0,0,0,0,0.024,0,94.8,0,15.2,0,6,10,12,0,0,0,"2021_8_28_6"
16.015,16.061,1072,14,1740,0,2021,8,34,240,28,6,6,1010.5,16.2,16.2,16,88,14.2,14.9,1.6,0.4,3.2,16.2,16.3,16.3,14.9,0,0,0,0,0,0,0.023,0,94.4,0,15.3,0,7,14,9,0,0,0,"2021_8_28_6"
16.083,16.076,1072,346,1816,343,2021,8,34,240,28,6,6,1010.7,16.2,16.2,16.2,87,14.1,14.8,1.6,0.4,4.8,16.2,16.4,16.4,14.9,0,0,0,0,0,0,0.022,0,93.7,0,15.3,0,0,15,14,0,0,0,"2021_8_28_6"
16.055,16.055,747,160,0,0,2021,8,34,240,28,6,7,1010.8,16.1,16.3,16.1,89,14.3,14.9,1.6,0.4,4.8,16.1,16.3,16.3,14.8,0.2,0,0,0,0,0,0.023,0,94.4,0,15.3,0,1,14,15,0,0,0,"2021_8_28_7"
15.953,15.873,747,200,520,270,2021,8,34,240,28,6,7,1010.8,15.9,16.1,15.8,90,14.3,14.8,3.2,0.8,4.8,15.9,16.1,16.1,15.2,0,0,4,0.09,5,0,0.025,0,94.7,0,15.2,0,2,14,15,0,0,0,"2021_8_28_7"
15.922,15.985,1326,169,600,180,2021,8,34,240,28,6,7,1011.2,16.1,16.1,15.8,89,14.2,14.9,3.2,0.8,6.4,16.1,16.2,16.2,15.2,0,0,1,0.02,5,0,0.024,0,94.6,0,15.4,0,3,14,14,0,0,0,"2021_8_28_7"
16.067,16.049,1326,191,794,221,2021,8,34,240,28,6,7,1011.3,16.2,16.2,16.1,88,14.2,14.9,3.2,0.8,6.4,16.2,16.4,16.4,15.6,0.2,0,9,0.19,11,0,0.022,0,94.7,0,15.6,0,4,14,14,0,0,0,"2021_8_28_7"
16.012,16.487,1660,9,2340,0,2021,8,34,240,28,6,8,1011.4,16.2,16.3,16.2,89,14.4,15,1.6,0.4,4.8,16.2,16.4,16.4,15.6,0,0,12,0.26,12,0,0.023,0,94.9,0,15.5,0,5,11,15,0,0,0,"2021_8_28_8"
16.041,16.245,1660,351,2397,347,2021,8,34,240,28,6,8,1011.1,16.1,16.2,16.1,86,13.8,14.6,1.6,0.4,9.7,16.1,16.2,16.2,15.4,0.2,1,12,0.26,14,0,0.023,0,92.1,0,15.2,0,6,12,11,0,0,0,"2021_8_28_8"
16.034,15.937,1072,14,1740,0,2021,8,34,240,28,6,8,1011.3,16.1,16.2,16.1,87,13.9,14.6,4.8,1.21,9.7,16.1,16.2,16.2,15.5,0.4,1,17,0.37,25,0,0.024,0,92.2,1,15.1,0,7,12,10,0,0,0,"2021_8_28_8"
16.129,15.986,1072,346,1816,343,2021,8,34,240,28,6,8,1011.3,15.9,16.1,15.9,90,14.3,14.8,4.8,1.21,11.3,15.9,16.1,16.1,15.8,0.4,2,36,0.77,49,0,0.025,0,94.4,2,15.3,0,0,10,14,0,0,0,"2021_8_28_8"
16.607,16.607,747,160,0,0,2021,8,34,240,28,6,9,1011.4,15.9,15.9,15.8,91,14.5,15,1.6,0.4,4.8,15.9,16.2,16.2,16.3,0,0,60,1.29,79,0.03,0.025,0,95.7,4,16.1,0,1,15,9,0,0,0,"2021_8_28_9"
16.79,16.929,747,200,520,270,2021,8,34,240,28,6,9,1010.9,16.1,16.1,15.9,91,14.6,15.2,1.6,0.4,4.8,16.1,16.4,16.4,16.5,0,0,60,1.29,81,0,0.023,0,92,2,15.9,0,2,10,14,0,0,0,"2021_8_28_9"
16.799,16.887,1326,169,600,180,2021,8,34,240,28,6,9,1011.1,16.2,16.2,16.1,92,14.9,15.3,1.6,0.4,3.2,16.2,16.5,16.5,16.3,0,0,50,1.08,69,0,0.023,0,93.2,4,16,0,3,8,11,0,0,0,"2021_8_28_9"
17.363,16.859,1326,191,794,221,2021,8,34,240,28,6,9,1011.3,16.3,16.3,16.2,92,15,15.5,1.6,0.4,4.8,16.3,16.7,16.7,16.8,0,0,67,1.44,69,0,0.021,0,93.4,3,16.3,0,4,7,6,0,0,0,"2021_8_28_9"
17.228,17.416,1660,9,2340,0,2021,8,34,240,28,6,10,1011.2,16.5,16.5,16.3,90,14.9,15.4,1.6,0.4,4.8,16.5,16.8,16.8,16.8,0,0,60,1.29,86,0.03,0.019,0,94.2,5,16.6,0,5,15,15,0,0,0,"2021_8_28_10"
18.494,19.004,1660,351,2397,347,2021,8,34,240,28,6,10,1011.3,16.8,16.8,16.5,90,15.2,15.7,3.2,0.8,6.4,16.8,17.2,17.2,18.1,0,0,118,2.54,158,0,0.016,0,95.1,12,18,0,6,14,14,0,0,0,"2021_8_28_10"
25.889,26.89,1072,14,1740,0,2021,8,34,240,28,6,10,1012.8,18.3,18.3,16.8,87,16.1,16.8,4.8,1.21,8,18.3,18.7,18.7,23.5,0,0,426,9.16,601,0,0.001,0,79,7,21.9,0,7,10,14,0,0,0,"2021_8_28_10"
23.349,25.312,1072,346,1816,343,2021,8,34,240,28,6,10,1011.5,19.3,19.3,18.3,79,15.6,16.8,3.2,0.8,8,19.3,19.8,19.8,22.8,0,0,275,5.92,367,0,0,0.01,75.6,21,21.9,0,0,10,14,0,0,0,"2021_8_28_10"
25.113,25.113,747,160,0,0,2021,8,34,240,28,6,11,1011.9,20.2,20.2,19.3,75,15.6,17,4.8,1.21,11.3,20.2,20.6,20.6,25.9,0,0,502,10.8,724,0.2,0,0.019,66.4,14,23.2,0,1,10,14,0,0,0,"2021_8_28_11"
24.264,23.914,747,200,520,270,2021,8,34,240,28,6,11,1011.3,20.4,20.5,20.1,66,13.9,15.8,4.8,1.21,11.3,20.4,20.5,20.5,24.4,0,0,379,8.15,510,0,0,0.022,61.1,14,22.2,0,2,11,10,0,0,0,"2021_8_28_11"
24.68,23.307,1326,169,600,180,2021,8,34,240,28,6,11,1011.9,21.1,21.1,20.4,69,15.2,16.9,3.2,0.8,6.4,21.1,21.2,21.2,26,0,0,465,10,875,0,0,0.029,59.8,21,24.2,0,3,11,12,0,0,0,"2021_8_28_11"
27.293,26.706,1326,191,794,221,2021,8,34,240,28,6,11,1011.3,21.6,21.7,21.1,61,13.8,16,4.8,1.21,12.9,21.6,21.4,21.4,27.4,0,0,651,14,756,0,0,0.034,51.6,30,26.2,0,4,13,12,0,0,0,"2021_8_28_11"
27.482,25.277,1660,9,2340,0,2021,8,34,240,28,6,12,1011.5,22.1,22.1,21.6,58,13.4,15.8,4.8,1.21,16.1,22.1,21.9,21.9,28.1,0,0,730,15.7,740,0.36,0,0.039,49.5,30,25.4,0,5,12,0,0,0,0,"2021_8_28_12"
28.307,28.113,1660,351,2397,347,2021,8,34,240,28,6,12,1011.4,22.3,22.3,22.1,56,13.1,15.7,6.4,1.61,17.7,22.3,22.1,22.1,28.4,0,0,749,16.11,758,0,0,0.042,46.8,49,25.4,0,6,4,11,0,0,0,"2021_8_28_12"
27.517,27.721,1072,14,1740,0,2021,8,34,240,28,6,12,1011,22.8,22.8,22.3,58,14.1,16.5,6.4,1.61,14.5,22.8,22.8,22.8,29.1,0,0,765,16.46,772,0,0,0.046,48.2,42,26.1,0,7,12,11,0,0,0,"2021_8_28_12"
28.678,28.902,1072,346,1816,343,2021,8,34,240,28,6,12,1011,23.3,23.3,22.8,49,12,15,8,2.01,20.9,23.3,23.1,23.1,29.3,0,0,780,16.78,789,0,0,0.052,42,65,26.7,0,0,13,0,0,0,0,"2021_8_28_12"
26.289,26.289,747,160,0,0,2021,8,34,240,28,6,13,1010.7,23.4,23.4,23.1,51,12.7,15.6,9.7,2.41,19.3,23.4,23.4,23.4,29.6,0,0,793,17.06,796,0.51,0,0.053,45.1,62,27,0,1,13,11,0,0,0,"2021_8_28_13"
26.306,26.691,747,200,520,270,2021,8,34,240,28,6,13,1010.6,23.3,23.6,23.3,50,12.3,15.3,11.3,2.82,24.1,23.3,23.2,23.2,29.3,0,0,802,17.25,807,0,0,0.052,41.1,68,27.9,0,2,12,0,0,0,0,"2021_8_28_13"
25.33,25.557,1326,169,600,180,2021,8,34,240,28,6,13,1010.7,23.4,23.7,23.3,50,12.4,15.4,9.7,2.41,19.3,23.4,23.3,23.3,29.5,0,0,805,17.32,807,0,0,0.053,42.3,68,28.8,0,3,12,12,0,0,0,"2021_8_28_13"
25.864,26.416,1326,191,794,221,2021,8,34,240,28,6,13,1010.9,23.6,23.8,23.4,46,11.3,14.6,11.3,2.82,20.9,23.6,23.3,23.3,29.3,0,0,804,17.29,807,0,0,0.055,40.8,68,28.3,0,4,13,12,0,0,0,"2021_8_28_13"
25.81,26.007,1660,9,2340,0,2021,8,34,240,28,6,14,1011.1,23.9,23.9,23.6,53,13.8,16.4,11.3,2.82,20.9,23.9,24,24,30.1,0,0,800,17.21,803,0.58,0,0.058,37.7,62,29.4,0,5,12,0,0,0,0,"2021_8_28_14"
25.412,26.897,1660,351,2397,347,2021,8,34,240,28,6,14,1010.8,24.1,24.1,23.9,48,12.4,15.4,9.7,2.41,19.3,24.1,23.9,23.9,30,0,0,790,16.99,796,0,0,0.06,38.9,59,28.6,0,6,13,11,0,0,0,"2021_8_28_14"
26.457,29.66,1072,14,1740,0,2021,8,34,240,28,6,14,1010.8,24.2,24.3,24.1,50,13.1,16,6.4,1.61,17.7,24.2,24.2,24.2,30.3,0,0,786,16.91,789,0,0,0.061,40.5,41,29.2,0,7,13,0,0,0,0,"2021_8_28_14"
26.352,27.802,1072,346,1816,343,2021,8,34,240,28,6,14,1010.7,24.7,24.7,24.2,44,11.6,15,8,2.01,17.7,24.7,24.3,24.3,30.3,0,0,780,16.78,784,0,0,0.067,40.9,59,29.4,0,0,12,11,0,0,0,"2021_8_28_14"
26.035,26.035,747,160,0,0,2021,8,34,240,28,6,15,1010.5,24.6,24.7,24.6,47,12.5,15.6,6.4,1.61,16.1,24.6,24.3,24.3,30.2,0,0,777,16.71,784,0.53,0,0.065,36.4,57,29.6,0,1,4,0,0,0,0,"2021_8_28_15"
27.533,28.14,747,200,520,270,2021,8,34,240,28,6,15,1010.2,24.7,24.8,24.6,45,12,15.2,4.8,1.21,12.9,24.7,24.4,24.4,30.2,0,0,755,16.24,773,0,0,0.067,36.9,54,30.2,0,2,4,13,0,0,0,"2021_8_28_15"
26.048,29.308,1326,169,600,180,2021,8,34,240,28,6,15,1010.5,24.9,24.9,24.7,41,10.7,14.3,6.4,1.61,17.7,24.9,24.3,24.3,30.2,0,0,775,16.67,824,0,0,0.068,36.3,30,30.3,0,3,4,11,0,0,0,"2021_8_28_15"
27.966,27.605,1326,191,794,221,2021,8,34,240,28,6,15,1010.7,25.4,25.4,24.9,42,11.6,15,3.2,0.8,11.3,25.4,24.9,24.9,30.7,0,0,728,15.66,814,0,0,0.074,37.4,64,30.7,0,4,10,1,0,0,0,"2021_8_28_15"
28.596,27.33,1660,9,2340,0,2021,8,34,240,28,6,16,1009.7,25.1,25.4,25.1,45,12.3,15.5,6.4,1.61,16.1,25.1,24.8,24.8,31.1,0,0,734,15.79,823,0.51,0,0.071,36.1,20,28,0,5,4,0,0,0,0,"2021_8_28_16"
26.39,28.698,1660,351,2397,347,2021,8,34,240,28,6,16,1010.3,24.9,25.1,24.6,41,10.7,14.3,3.2,0.8,12.9,24.9,24.3,24.3,30,0,0,543,11.68,733,0,0,0.068,43.5,24,27.7,0,6,4,10,0,0,0,"2021_8_28_16"
26.211,27.198,1072,14,1740,0,2021,8,34,240,28,6,16,1009.6,25.1,25.1,24.8,46,12.6,15.7,3.2,0.8,8,25.1,24.8,24.8,30.2,0,0,482,10.37,668,0,0,0.07,40.3,42,27.1,0,7,8,16,0,0,0,"2021_8_28_16"
26.042,26.682,1072,346,1816,343,2021,8,34,240,28,6,16,1009.6,25.1,25.2,25.1,39,10.2,13.9,4.8,1.21,9.7,25.1,24.4,24.4,30.2,0,0,550,11.83,580,0,0,0.071,39.7,39,26.8,0,0,12,3,0,0,0,"2021_8_28_16"
28.493,28.493,747,160,0,0,2021,8,34,240,28,6,17,1009.6,25.4,25.4,25,41,11.2,14.7,3.2,0.8,11.3,25.4,24.8,24.8,30.5,0,0,504,10.84,526,0.36,0,0.073,43.7,35,26.9,0,1,4,0,0,0,0,"2021_8_28_17"
27.1,28.634,747,200,520,270,2021,8,34,240,28,6,17,1008.9,24.8,25.4,24.8,40,10.3,13.9,4.8,1.21,12.9,24.8,24.2,24.2,29.7,0,0,470,10.11,489,0,0,0.067,40.5,32,26,0,2,4,0,0,0,0,"2021_8_28_17"
26.266,32.319,1326,169,600,180,2021,8,34,240,28,6,17,1009,24.7,24.8,24.7,40,10.2,13.9,4.8,1.21,11.3,24.7,24.1,24.1,29.4,0,0,423,9.1,439,0,0,0.067,39.5,13,25.4,0,3,1,0,0,0,0,"2021_8_28_17"
26.98,25.227,1326,191,794,221,2021,8,34,240,28,6,17,1009,24.9,24.9,24.7,43,11.4,14.8,3.2,0.8,8,24.9,24.4,24.4,29.6,0,0,382,8.22,403,0,0,0.068,39.4,11,25,0,4,2,1,0,0,0,"2021_8_28_17"
26.026,24.806,1660,9,2340,0,2021,8,34,240,28,6,18,1009,24.8,24.9,24.8,42,11,14.5,3.2,0.8,6.4,24.8,24.3,24.3,29.1,0,0,337,7.25,359,0.3,0,0.068,47.1,14,24.1,0,5,4,0,0,0,0,"2021_8_28_18"
26.454,26.16,1660,351,2397,347,2021,8,34,240,28,6,18,1009.1,24.9,25,24.8,40,10.4,14.1,1.6,0.4,6.4,24.9,24.3,24.3,28.6,0,0,288,6.2,311,0,0,0.069,51,8,24,0,6,4,0,0,0,0,"2021_8_28_18"
24.329,23.599,1072,14,1740,0,2021,8,34,240,28,6,18,1009,24.8,24.9,24.8,42,11,14.5,1.6,0.4,6.4,24.8,24.3,24.3,28.1,0,0,243,5.23,265,0,0,0.067,48.4,7,23.2,0,7,4,1,0,0,0,"2021_8_28_18"
23.566,23.216,1072,346,1816,343,2021,8,34,240,28,6,18,1009,24.2,24.8,24.2,42,10.4,14,4.8,1.21,8,24.2,23.7,23.7,26.7,0,0,193,4.15,214,0,0,0.061,48.2,5,22.5,0,0,4,0,0,0,0,"2021_8_28_18"
22.986,22.986,747,160,0,0,2021,8,34,240,28,6,19,1009.1,23.8,24.2,23.8,49,12.4,15.4,3.2,0.8,6.4,23.8,23.7,23.7,25.8,0,0,141,3.03,167,0.18,0,0.057,52.1,4,21.9,0,1,4,0,0,0,0,"2021_8_28_19"
22.265,22.045,747,200,520,270,2021,8,34,240,28,6,19,1008.9,23.3,23.8,23.2,51,12.6,15.4,1.6,0.4,3.2,23.3,23.2,23.2,24.3,0,0,92,1.98,113,0,0,0.052,63.3,2,21.1,0,2,4,0,0,0,0,"2021_8_28_19"
20.872,20.79,1326,169,600,180,2021,8,34,240,28,6,19,1008.6,22.6,23.3,22.6,59,14.1,16.5,1.6,0.4,3.2,22.6,22.6,22.6,21.7,0,0,45,0.97,67,0,0,0.044,65.1,1,20.1,0,3,4,0,0,0,0,"2021_8_28_19"
19.914,19.374,1326,191,794,221,2021,8,34,240,28,6,19,1008.3,21.4,22.6,21.4,63,14.1,16.2,0,0,1.6,21.4,21.2,21.2,20.1,0,0,20,0.43,33,0,0,0.032,70.2,0,18.9,0,4,9,0,0,0,0,"2021_8_28_19"
18.754,18.555,1660,9,2340,0,2021,8,34,240,28,6,20,1008.6,20.4,21.4,20.4,70,14.7,16.4,0,0,0,20.4,20.6,20.6,19.3,0,0,6,0.13,11,0.05,0,0.021,77.3,0,17.9,0,5,9,8,0,0,0,"2021_8_28_20"
17.521,18.145,1660,351,2397,347,2021,8,34,240,28,6,20,1008.7,19.4,20.4,19.4,71,14,15.7,0,0,0,19.4,19.5,19.5,18,0,0,0,0,0,0,0,0.011,77.7,0,17.1,0,6,9,8,0,0,0,"2021_8_28_20"
17.812,17.393,1072,14,1740,0,2021,8,34,240,28,6,20,1009.2,18.4,19.4,18.4,69,12.7,14.5,1.6,0.4,4.8,18.4,18.3,18.3,16.8,0,0,0,0,0,0,0,0.001,72.7,0,16.8,0,7,4,0,0,0,0,"2021_8_28_20"
17.135,16.783,1072,346,1816,343,2021,8,34,240,28,6,20,1009.5,17.8,18.4,17.8,69,12,13.9,1.6,0.4,4.8,17.8,17.5,17.5,16,0,0,0,0,0,0,0.006,0,72.2,0,16.4,0,0,4,0,0,0,0,"2021_8_28_20"
16.839,16.839,747,160,0,0,2021,8,34,240,28,6,21,1009.9,17.7,17.8,17.7,70,12.1,14,3.2,0.8,4.8,17.7,17.4,17.4,15.9,0,0,0,0,0,0,0.007,0,75.6,0,16.4,0,1,4,0,0,0,0,"2021_8_28_21"
17.284,17.161,747,200,520,270,2021,8,34,240,28,6,21,1010.1,17.8,17.8,17.7,71,12.4,14.2,3.2,0.8,6.4,17.8,17.6,17.6,16.1,0,0,0,0,0,0,0.006,0,72.7,0,16.6,0,2,4,0,0,0,0,"2021_8_28_21"
17.406,17.385,1326,169,600,180,2021,8,34,240,28,6,21,1010.4,17.8,17.8,17.7,71,12.5,14.2,3.2,0.8,6.4,17.8,17.7,17.7,16.1,0,0,0,0,0,0,0.005,0,74.6,0,16.8,0,3,13,11,0,0,0,"2021_8_28_21"
17.729,17.485,1326,191,794,221,2021,8,34,240,28,6,21,1010.9,18,18,17.8,72,12.9,14.5,3.2,0.8,8,18,17.9,17.9,16.4,0,0,0,0,0,0,0.003,0,73.5,0,17,0,4,11,12,0,0,0,"2021_8_28_21"
18.921,18.323,1660,9,2340,0,2021,8,34,240,28,6,22,1011.7,19.2,19.2,18,62,11.8,14.1,11.3,2.82,24.1,19.2,18.9,18.9,17.4,0,0,0,0,0,0.05,0,0.009,63.3,0,17.8,0,5,11,12,0,0,0,"2021_8_28_22"
19.243,18.427,1660,351,2397,347,2021,8,34,240,28,6,22,1011.3,19.3,19.4,19.2,60,11.3,13.8,11.3,2.82,20.9,19.3,18.9,18.9,17.3,0,0,0,0,0,0,0,0.01,61.1,0,17.9,0,6,11,9,0,0,0,"2021_8_28_22"
18.317,17.708,1072,14,1740,0,2021,8,34,240,28,6,22,1010.9,18.4,19.3,18.4,63,11.2,13.5,8,2.01,17.7,18.4,18,18,16.4,0,0,0,0,0,0,0,0.001,65.6,0,17,0,7,13,12,0,0,0,"2021_8_28_22"
17.818,17.363,1072,346,1816,343,2021,8,34,240,28,6,22,1010.8,17.8,18.3,17.8,64,10.9,13.1,8,2.01,17.7,17.8,17.3,17.3,15.7,0,0,0,0,0,0,0.006,0,65.2,0,16.6,0,0,13,11,0,0,0,"2021_8_28_22"
17.193,17.193,747,160,0,0,2021,8,34,240,28,6,23,1010.8,17.2,17.8,17.2,68,11.3,13.3,6.4,1.61,14.5,17.2,16.9,16.9,15.3,0,0,0,0,0,0.05,0.012,0,68.4,0,16.1,0,1,13,12,0,0,0,"2021_8_28_23"
16.866,16.933,747,200,520,270,2021,8,34,240,28,6,23,1010.8,16.7,17.2,16.7,72,11.6,13.3,4.8,1.21,12.9,16.7,16.4,16.4,14.8,0,0,0,0,0,0,0.017,0,69.8,0,15.8,0,2,12,10,0,0,0,"2021_8_28_23"
16.274,16.323,1326,169,600,180,2021,8,34,240,28,6,23,1010.4,16.3,16.7,16.3,75,11.8,13.4,3.2,0.8,4.8,16.3,16.1,16.1,14.5,0,0,0,0,0,0,0.021,0,74.8,0,15.5,0,3,12,11,0,0,0,"2021_8_28_23"
15.955,15.86,1326,191,794,221,2021,8,34,240,28,6,23,1010.7,15.9,16.3,15.9,78,12.1,13.4,1.6,0.4,3.2,15.9,15.7,15.7,14.2,0,0,0,0,0,0,0.025,0,79.4,0,15.4,0,4,4,0,0,0,0,"2021_8_28_23"
15.942,16.031,1660,9,2340,0,2021,8,34,241,29,7,0,1010.9,15.8,15.9,15.8,80,12.3,13.6,0,0,3.2,15.8,15.7,15.7,14.2,0,0,0,0,0,0.03,0.027,0,80.3,0,15.4,0,5,9,0,0,0,0,"2021_8_29_0"
16.309,16.208,1660,351,2397,347,2021,8,34,241,29,7,0,1011,15.8,15.8,15.7,80,12.3,13.6,1.6,0.4,8,15.8,15.7,15.7,14.2,0,0,0,0,0,0,0.027,0,78.1,0,15.6,0,6,8,7,0,0,0,"2021_8_29_0"
16.353,16.284,1072,14,1740,0,2021,8,34,241,29,7,0,1011.3,17,17,15.8,73,12.1,13.8,11.3,2.82,20.9,16.9,16.8,16.7,15.2,0.2,0,0,0,0,0,0.014,0,79,0,15.6,0,7,14,14,0,0,0,"2021_8_29_0"
16.707,16.595,1072,346,1816,343,2021,8,34,241,29,7,0,1011.7,17.1,17.3,17,76,12.8,14.3,9.7,2.41,24.1,17.1,17,17,15.5,0.4,1.6,0,0,0,0,0.013,0,77.4,0,16,0,0,16,16,0,0,0,"2021_8_29_0"
16.869,16.869,747,160,0,0,2021,8,34,241,29,7,1,1011.5,17.2,17.2,16.9,72,12.1,13.8,11.3,2.82,20.9,17.1,17,16.9,15.4,0,0.8,0,0,0,0.03,0.012,0,76.8,0,15.9,0,1,7,6,0,0,0,"2021_8_29_1"
16.134,16.009,747,200,520,270,2021,8,34,241,29,7,1,1010.7,16.3,17.3,16.3,80,12.9,14.1,6.4,1.61,14.5,16.3,16.3,16.3,14.8,0.6,3.6,0,0,0,0,0.021,0,85.5,0,15.1,0,2,10,9,0,0,0,"2021_8_29_1"
15.648,15.627,1326,169,600,180,2021,8,34,241,29,7,1,1011.3,16.1,16.3,15.8,78,12.2,13.6,8,2.01,22.5,16.1,15.9,15.9,14.4,0,0,0,0,0,0,0.024,0,80,0,15,0,3,1,9,0,0,0,"2021_8_29_1"
15.852,15.687,1326,191,794,221,2021,8,34,241,29,7,1,1011.2,16.2,16.5,16.1,80,12.7,13.9,3.2,0.8,8,16.2,16.1,16.1,14.6,0,0,0,0,0,0,0.023,0,83.6,0,15,0,4,16,16,0,0,0,"2021_8_29_1"
15.609,15.834,1660,9,2340,0,2021,8,34,241,29,7,2,1011.4,15.8,16.2,15.8,85,13.3,14.1,1.6,0.4,6.4,15.8,15.8,15.8,14.3,0,0,0,0,0,0.03,0.027,0,86.7,0,14.9,0,5,13,10,0,0,0,"2021_8_29_2"
15.57,15.719,1660,351,2397,347,2021,8,34,241,29,7,2,1011.1,15.4,15.7,15.4,87,13.3,14.1,1.6,0.4,4.8,15.4,15.5,15.5,14,0,0,0,0,0,0,0.03,0,88.7,0,14.8,0,6,4,12,0,0,0,"2021_8_29_2"
15.321,15.337,1072,14,1740,0,2021,8,34,241,29,7,2,1010.9,15.1,15.4,15.1,87,12.9,13.7,1.6,0.4,6.4,15.1,15.1,15.1,13.6,0.2,0,0,0,0,0,0.034,0,88.3,0,14.5,0,7,13,11,0,0,0,"2021_8_29_2"
14.77,14.753,1072,346,1816,343,2021,8,34,241,29,7,2,1010.7,14.7,15.1,14.7,89,12.9,13.5,0,0,3.2,14.7,14.7,14.7,13.3,0,0,0,0,0,0,0.038,0,89.4,0,14.1,0,0,9,10,0,0,0,"2021_8_29_2"
14.288,14.288,747,160,0,0,2021,8,34,241,29,7,3,1010.7,14.2,14.7,14.2,89,12.4,13.1,1.6,0.4,3.2,14.2,14.3,14.3,12.8,0,0,0,0,0,0,0.043,0,90.1,0,13.6,0,1,13,10,0,0,0,"2021_8_29_3"
14.191,14.315,747,200,520,270,2021,8,34,241,29,7,3,1011,13.9,14.2,13.8,90,12.3,12.9,1.6,0.4,6.4,13.9,13.9,13.9,12.4,0,0,0,0,0,0,0.046,0,90.8,0,13.4,0,2,12,11,0,0,0,"2021_8_29_3"
13.882,14.051,1326,169,600,180,2021,8,34,241,29,7,3,1010.9,13.5,13.9,13.5,92,12.2,12.7,1.6,0.4,3.2,13.5,13.6,13.6,12.1,0,0,0,0,0,0,0.05,0,90.4,0,13,0,3,16,11,0,0,0,"2021_8_29_3"
13.296,13.572,1326,191,794,221,2021,8,34,241,29,7,3,1010.6,13.3,13.5,13.3,91,11.8,12.4,0,0,3.2,13.3,13.4,13.4,11.8,0,0,0,0,0,0,0.053,0,92.2,0,12.6,0,4,9,12,0,0,0,"2021_8_29_3"
13.494,13.487,1660,9,2340,0,2021,8,34,241,29,7,4,1011.2,12.8,13.3,12.8,94,11.8,12.2,1.6,0.4,4.8,12.8,12.9,12.9,11.4,0,0,0,0,0,0,0.058,0,92.9,0,12.7,0,5,8,7,0,0,0,"2021_8_29_4"
13.011,13.404,1660,351,2397,347,2021,8,34,241,29,7,4,1011,12.8,12.9,12.8,94,11.9,12.3,0,0,3.2,12.8,13,13,11.4,0,0,0,0,0,0,0.057,0,92.3,0,12.4,0,6,9,16,0,0,0,"2021_8_29_4"
12.823,12.731,1072,14,1740,0,2021,8,34,241,29,7,4,1011,12.8,12.8,12.7,95,12,12.3,0,0,1.6,12.8,12.9,12.9,11.4,0,0,0,0,0,0,0.058,0,91.8,0,12.2,0,7,9,16,0,0,0,"2021_8_29_4"
12.476,12.678,1072,346,1816,343,2021,8,34,241,29,7,4,1010.9,12.5,12.8,12.5,94,11.6,11.9,0,0,3.2,12.5,12.6,12.6,11.1,0,0,0,0,0,0,0.061,0,93.1,0,11.9,0,0,9,12,0,0,0,"2021_8_29_4"
12.58,12.58,747,160,0,0,2021,8,34,241,29,7,5,1010.9,12.2,12.6,12.2,94,11.3,11.7,0,0,3.2,12.2,12.4,12.4,10.8,0,0,0,0,0,0,0.064,0,92.8,0,11.9,0,1,9,12,0,0,0,"2021_8_29_5"
12.246,12.595,747,200,520,270,2021,8,34,241,29,7,5,1010.6,12.1,12.3,12.1,94,11.2,11.6,0,0,0,12.1,12.3,12.3,10.7,0,0,0,0,0,0,0.065,0,93.1,0,11.7,0,2,9,8,0,0,0,"2021_8_29_5"
12.151,12.393,1326,169,600,180,2021,8,34,241,29,7,5,1010.6,12.1,12.1,12.1,95,11.3,11.6,0,0,1.6,12.1,12.2,12.2,10.7,0,0,0,0,0,0,0.065,0,93,0,11.7,0,3,9,15,0,0,0,"2021_8_29_5"
11.971,12.444,1326,191,794,221,2021,8,34,241,29,7,5,1010.6,11.9,12.1,11.9,95,11.2,11.5,0,0,0,11.9,12.1,12.1,10.5,0,0,0,0,0,0,0.067,0,93,0,11.5,0,4,9,8,0,0,0,"2021_8_29_5"
11.919,12.32,1660,9,2340,0,2021,8,34,241,29,7,6,1010.5,11.8,12,11.8,94,10.8,11.2,0,0,0,11.8,11.9,11.9,10.3,0,0,0,0,0,0,0.068,0,93.1,0,11.4,0,5,9,8,0,0,0,"2021_8_29_6"
12.05,12.547,1660,351,2397,347,2021,8,34,241,29,7,6,1011,12.2,12.2,11.7,95,11.4,11.7,0,0,3.2,12.2,12.3,12.3,10.8,0,0,0,0,0,0,0.064,0,94.3,0,11.5,0,6,9,16,0,0,0,"2021_8_29_6"
12.734,12.645,1072,14,1740,0,2021,8,34,241,29,7,6,1011.1,12.6,12.7,12.2,92,11.3,11.8,1.6,0.4,4.8,12.6,12.7,12.7,11.1,0,0,0,0,0,0,0.06,0,94.3,0,11.8,0,7,16,15,0,0,0,"2021_8_29_6"
12.733,12.609,1072,346,1816,343,2021,8,34,241,29,7,6,1010.9,12.5,12.6,12.3,94,11.6,11.9,0,0,3.2,12.5,12.6,12.6,11.1,0,0,1,0.02,5,0,0.061,0,93.9,0,11.8,0,0,9,16,0,0,0,"2021_8_29_6"
12.82,12.82,747,160,0,0,2021,8,34,241,29,7,7,1011.1,12.6,12.6,12.4,93,11.5,11.9,0,0,1.6,12.6,12.7,12.7,11.3,0,0,10,0.22,12,0,0.06,0,93.8,1,11.8,0,1,9,16,0,0,0,"2021_8_29_7"
13.001,13.103,747,200,520,270,2021,8,34,241,29,7,7,1011.4,12.8,12.8,12.6,92,11.6,12.1,0,0,0,12.8,12.9,12.9,12.2,0,0,14,0.3,18,0,0.057,0,94.8,1,12.4,0,2,9,8,0,0,0,"2021_8_29_7"
13.826,13.924,1326,169,600,180,2021,8,34,241,29,7,7,1011.6,13.8,13.8,12.9,90,12.2,12.8,0,0,0,13.8,13.9,13.9,13.5,0,0,26,0.56,32,0,0.047,0,94,1,13.1,0,3,9,8,0,0,0,"2021_8_29_7"
13.873,14.027,1326,191,794,221,2021,8,34,241,29,7,7,1011.4,13.9,13.9,13.8,89,12.1,12.8,0,0,3.2,13.9,13.9,13.9,13.7,0,0,36,0.77,91,0,0.046,0,94.1,3,13.4,0,4,9,16,0,0,0,"2021_8_29_7"
15.798,15.661,1660,9,2340,0,2021,8,34,241,29,7,8,1012.7,15,15,13.8,89,13.2,13.9,0,0,3.2,15,15.1,15.1,16.7,0,0,114,2.45,135,0.03,0.035,0,92.3,4,15.2,0,5,9,9,0,0,0,"2021_8_29_8"
17.617,17.507,1660,351,2397,347,2021,8,34,241,29,7,8,1012.7,15.8,15.8,15,87,13.7,14.4,1.6,0.4,3.2,15.8,15.9,15.9,18.3,0,0,157,3.38,176,0,0.026,0,81.8,5,16.1,0,6,8,16,0,0,0,"2021_8_29_8"
19.298,19.09,1072,14,1740,0,2021,8,34,241,29,7,8,1013.4,16.8,16.8,15.8,85,14.2,15.1,0,0,3.2,16.8,16.9,16.9,19.9,0,0,200,4.3,221,0,0.016,0,81.3,6,17.2,0,7,9,7,0,0,0,"2021_8_29_8"
21.652,24.437,1072,346,1816,343,2021,8,34,241,29,7,8,1012.7,17.3,17.3,16.8,83,14.4,15.3,1.6,0.4,4.8,17.3,17.5,17.5,21,0,0,245,5.27,265,0,0.011,0,80,7,18.6,0,0,6,5,0,0,0,"2021_8_29_8"
22.754,22.754,747,160,0,0,2021,8,34,241,29,7,9,1012.5,17.8,17.8,17.3,82,14.7,15.7,3.2,0.8,6.4,17.8,18,18,22,0,0,285,6.13,306,0.13,0.006,0,75.1,8,19.6,0,1,6,4,0,0,0,"2021_8_29_9"
25.407,25.465,747,200,520,270,2021,8,34,241,29,7,9,1012.4,18.4,18.4,17.8,78,14.5,15.7,3.2,0.8,6.4,18.4,18.6,18.6,23,0,0,327,7.03,348,0,0,0.001,66.2,10,20.2,0,2,6,4,0,0,0,"2021_8_29_9"
26.855,21.812,1326,169,600,180,2021,8,34,241,29,7,9,1012.5,19,19.1,18.4,74,14.3,15.8,3.2,0.8,6.4,19,19.1,19.1,23.9,0,0,375,8.07,396,0,0,0.007,70.2,11,21.4,0,3,6,5,0,0,0,"2021_8_29_9"
27.816,26.743,1326,191,794,221,2021,8,34,241,29,7,9,1012.6,19.4,19.4,19,74,14.7,16.2,3.2,0.8,6.4,19.4,19.7,19.7,24.8,0,0,421,9.06,448,0,0,0.012,65,13,22.4,0,4,5,2,0,0,0,"2021_8_29_9"
28.281,22.132,1660,9,2340,0,2021,8,34,241,29,7,10,1012.7,19.9,19.9,19.4,73,15,16.5,3.2,0.8,9.7,19.9,20.2,20.2,25.8,0,0,491,10.56,540,0.23,0,0.017,68.2,18,23,0,5,1,2,0,0,0,"2021_8_29_10"
29.505,26.359,1660,351,2397,347,2021,8,34,241,29,7,10,1013.3,20.7,20.7,19.9,69,14.8,16.5,3.2,0.8,8,20.7,20.9,20.9,26.9,0,0,593,12.76,659,0,0,0.024,57.4,19,25.1,0,6,0,13,0,0,0,"2021_8_29_10"
26.324,23.563,1072,14,1740,0,2021,8,34,241,29,7,10,1011,20.7,20.9,20.7,68,14.5,16.4,3.2,0.8,11.3,20.7,20.8,20.8,26.2,0,0,493,10.6,696,0,0,0.024,59.2,20,23.3,0,7,0,4,0,0,0,"2021_8_29_10"
29.557,30.599,1072,346,1816,343,2021,8,34,241,29,7,10,1012.3,20.8,20.9,20.6,64,13.8,15.8,4.8,1.21,11.3,20.8,20.7,20.7,26.6,0,0,582,12.52,701,0,0,0.026,55.6,19,25,0,0,1,1,0,0,0,"2021_8_29_10"
27.439,27.439,747,160,0,0,2021,8,34,241,29,7,11,1010.9,20.7,20.9,20.7,64,13.7,15.7,4.8,1.21,11.3,20.7,20.6,20.6,25.4,0,0,454,9.77,587,0.33,0,0.025,55.7,20,24.1,0,1,2,1,0,0,0,"2021_8_29_11"
29.109,28.276,747,200,520,270,2021,8,34,241,29,7,11,1012.3,21.1,21.1,20.7,64,14,16.1,4.8,1.21,12.9,21.1,21,21,26.4,0,0,539,11.59,758,0,0,0.029,53.5,25,26.1,0,2,2,4,0,0,0,"2021_8_29_11"
28.088,26.666,1326,169,600,180,2021,8,34,241,29,7,11,1011.8,21.3,21.3,21.1,63,13.9,16.1,6.4,1.61,14.5,21.3,21.1,21.1,27.1,0,0,632,13.59,802,0,0,0.031,57.2,17,26.6,0,3,2,3,0,0,0,"2021_8_29_11"
27.499,27.144,1326,191,794,221,2021,8,34,241,29,7,11,1011.7,21.3,21.3,21.2,63,13.9,16.1,6.4,1.61,12.9,21.3,21.1,21.1,26.6,0,0,565,12.15,810,0,0,0.031,51.3,26,26.9,0,4,5,4,0,0,0,"2021_8_29_11"
28.712,24.472,1660,9,2340,0,2021,8,34,241,29,7,12,1011.4,21.6,21.6,21.3,59,13.3,15.6,6.4,1.61,12.9,21.6,21.3,21.3,26.6,0,0,543,11.68,833,0.38,0,0.034,56.5,25,25.8,0,5,2,5,0,0,0,"2021_8_29_12"
27.621,25.747,1660,351,2397,347,2021,8,34,241,29,7,12,1011,21.6,21.7,21.6,62,14,16.2,6.4,1.61,14.5,21.6,21.5,21.5,26.9,0,0,567,12.2,719,0,0,0.034,56.6,32,25.6,0,6,5,5,0,0,0,"2021_8_29_12"
27.842,25.262,1072,14,1740,0,2021,8,34,241,29,7,12,1011.4,21.7,21.8,21.4,60,13.6,15.9,6.4,1.61,14.5,21.7,21.5,21.5,26.5,0,0,510,10.97,621,0,0,0.035,49,44,25.6,0,7,6,4,0,0,0,"2021_8_29_12"
27.793,28.757,1072,346,1816,343,2021,8,34,241,29,7,12,1011.9,22.1,22.2,21.7,57,13.2,15.7,6.4,1.61,16.1,22.1,21.9,21.9,28.1,0,0,713,15.34,856,0,0,0.039,52.6,36,26.6,0,0,5,5,0,0,0,"2021_8_29_12"
31.176,31.176,747,160,0,0,2021,8,34,241,29,7,13,1011.7,22.4,22.4,22.1,61,14.5,16.7,6.4,1.61,12.9,22.4,22.4,22.4,28.8,0,0,779,16.76,879,0.41,0,0.042,50.5,62,28.2,0,1,2,4,0,0,0,"2021_8_29_13"
30.323,30.756,747,200,520,270,2021,8,34,241,29,7,13,1011.4,22.3,22.4,22.3,55,12.9,15.5,6.4,1.61,12.9,22.3,22.1,22.1,28.4,0,0,788,16.95,867,0,0,0.042,44.6,56,28.6,0,2,6,6,0,0,0,"2021_8_29_13"
27.818,26.946,1326,169,600,180,2021,8,34,241,29,7,13,1011.4,22.7,22.7,22.3,52,12.4,15.2,4.8,1.21,11.3,22.7,22.5,22.5,28.7,0,0,785,16.89,853,0,0,0.046,48.3,70,29.5,0,3,6,5,0,0,0,"2021_8_29_13"
26.971,27.333,1326,191,794,221,2021,8,34,241,29,7,13,1010.6,22.8,23,22.7,58,14.1,16.5,6.4,1.61,17.7,22.8,22.9,22.9,29.2,0,0,789,16.97,831,0,0,0.047,47.6,70,28.8,0,4,8,5,0,0,0,"2021_8_29_13"
29.008,26.306,1660,9,2340,0,2021,8,34,241,29,7,14,1011.3,23.3,23.3,22.8,53,13.2,15.9,6.4,1.61,16.1,23.3,23.3,23.3,29.5,0,0,801,17.23,807,0.51,0,0.052,41.9,65,30.2,0,5,6,4,0,0,0,"2021_8_29_14"
28.174,28.259,1660,351,2397,347,2021,8,34,241,29,7,14,1011.3,23.7,23.7,23.3,52,13.2,16,4.8,1.21,14.5,23.7,23.7,23.7,29.8,0,0,793,17.06,798,0,0,0.056,36.8,59,31,0,6,6,5,0,0,0,"2021_8_29_14"
29.596,28.986,1072,14,1740,0,2021,8,34,241,29,7,14,1010.9,23.7,23.7,23.6,49,12.3,15.3,6.4,1.61,17.7,23.7,23.5,23.5,29.6,0,0,782,16.82,789,0,0,0.056,40.5,37,30.6,0,7,5,5,0,0,0,"2021_8_29_14"
27.249,26.307,1072,346,1816,343,2021,8,34,241,29,7,14,1010.2,23.7,23.9,23.7,47,11.7,14.9,8,2.01,19.3,23.7,23.5,23.5,29.5,0,0,768,16.52,777,0,0,0.056,38.8,60,29.6,0,0,6,6,0,0,0,"2021_8_29_14"
26.949,26.949,747,160,0,0,2021,8,34,241,29,7,15,1010.5,24.2,24.2,23.7,48,12.5,15.5,6.4,1.61,16.1,24.2,24,24,30,0,0,753,16.2,765,0.53,0,0.061,36.1,56,29.7,0,1,6,4,0,0,0,"2021_8_29_15"
29.159,29.408,747,200,520,270,2021,8,34,241,29,7,15,1010.6,24.3,24.5,24.1,44,11.3,14.7,6.4,1.61,16.1,24.3,23.9,23.9,29.9,0,0,733,15.77,744,0,0,0.063,34.6,53,30.9,0,2,6,6,0,0,0,"2021_8_29_15"
29.429,31.117,1326,169,600,180,2021,8,34,241,29,7,15,1010.3,24.7,24.7,24.3,44,11.6,14.9,6.4,1.61,16.1,24.7,24.3,24.3,30.2,0,0,712,15.32,722,0,0,0.066,42.5,32,30.3,0,3,5,4,0,0,0,"2021_8_29_15"
30.444,28.667,1326,191,794,221,2021,8,34,241,29,7,15,1009.8,24.8,24.8,24.7,44,11.7,15,6.4,1.61,14.5,24.8,24.4,24.4,30.3,0,0,686,14.76,698,0,0,0.067,36.2,53,30.1,0,4,6,4,0,0,0,"2021_8_29_15"
28.207,27.491,1660,9,2340,0,2021,8,34,241,29,7,16,1009.8,24.8,24.9,24.7,43,11.3,14.8,6.4,1.61,19.3,24.8,24.3,24.3,30.2,0,0,657,14.13,673,0.48,0,0.067,38.3,44,30.1,0,5,5,5,0,0,0,"2021_8_29_16"
29.393,27.87,1660,351,2397,347,2021,8,34,241,29,7,16,1009.2,24.8,24.8,24.7,45,12.1,15.3,9.7,2.41,16.1,24.8,24.5,24.5,30.4,0,0,624,13.42,643,0,0,0.068,41.1,33,28.8,0,6,5,4,0,0,0,"2021_8_29_16"
29.673,27.33,1072,14,1740,0,2021,8,34,241,29,7,16,1009.2,24.9,25.1,24.8,44,11.8,15.1,8,2.01,17.7,24.9,24.5,24.5,30.2,0,0,595,12.8,606,0,0,0.068,43.8,42,28.3,0,7,5,4,0,0,0,"2021_8_29_16"
29.501,27.206,1072,346,1816,343,2021,8,34,241,29,7,16,1009.4,25.1,25.1,24.8,40,10.5,14.2,8,2.01,16.1,25.1,24.4,24.4,30,0,0,560,12.05,580,0,0,0.07,43.2,28,28.1,0,0,6,2,0,0,0,"2021_8_29_16"
29.648,29.648,747,160,0,0,2021,8,34,241,29,7,17,1009.2,25.2,25.2,25.1,41,11,14.5,8,2.01,16.1,25.2,24.6,24.6,30,0,0,521,11.21,541,0.43,0,0.071,41.8,36,27.7,0,1,5,5,0,0,0,"2021_8_29_17"
29.338,30.342,747,200,520,270,2021,8,34,241,29,7,17,1009.1,25.3,25.3,25.1,42,11.4,14.9,6.4,1.61,17.7,25.3,24.8,24.8,30.1,0,0,481,10.35,504,0,0,0.072,37.2,32,26.7,0,2,5,4,0,0,0,"2021_8_29_17"
27.141,33.159,1326,169,600,180,2021,8,34,241,29,7,17,1009.1,25.4,25.4,25.3,40,10.8,14.4,6.4,1.61,17.7,25.4,24.7,24.7,30.1,0,0,420,9.03,459,0,0,0.073,42.7,11,25.6,0,3,6,7,0,0,0,"2021_8_29_17"
25.867,25.003,1326,191,794,221,2021,8,34,241,29,7,17,1008.7,24.7,25.4,24.7,42,10.9,14.4,6.4,1.61,12.9,24.7,24.2,24.2,28.2,0,0,275,5.92,376,0,0,0.067,41.1,12,24.7,0,4,6,5,0,0,0,"2021_8_29_17"
26.648,25.295,1660,9,2340,0,2021,8,34,241,29,7,18,1009.4,25.3,25.3,24.7,40,10.7,14.3,3.2,0.8,11.3,25.3,24.6,24.6,29.3,0,0,347,7.46,387,0.3,0,0.072,40.7,14,25,0,5,6,5,0,0,0,"2021_8_29_18"
25.454,25.475,1660,351,2397,347,2021,8,34,241,29,7,18,1008.7,24.7,25.4,24.7,43,11.3,14.7,4.8,1.21,12.9,24.7,24.3,24.3,27.9,0,0,230,4.95,357,0,0,0.067,47.7,8,24,0,6,6,5,0,0,0,"2021_8_29_18"
25.137,24.177,1072,14,1740,0,2021,8,34,241,29,7,18,1009,24.9,24.9,24.7,46,12.5,15.6,3.2,0.8,9.7,24.9,24.6,24.6,28.4,0,0,240,5.16,279,0,0,0.068,47.1,8,23.8,0,7,5,5,0,0,0,"2021_8_29_18"
24.351,23.8,1072,346,1816,343,2021,8,34,241,29,7,18,1008.9,25.1,25.2,24.9,44,12,15.3,1.6,0.4,6.4,25.1,24.7,24.7,28,0,0,215,4.62,239,0,0,0.071,46.6,6,23.4,0,0,6,5,0,0,0,"2021_8_29_18"
23.93,23.93,747,160,0,0,2021,8,34,241,29,7,19,1008.7,24.8,25.1,24.8,41,10.7,14.3,4.8,1.21,9.7,24.8,24.3,24.3,26.8,0,0,173,3.72,200,0.18,0,0.068,49.7,6,23.1,0,1,6,5,0,0,0,"2021_8_29_19"
23.157,23.049,747,200,520,270,2021,8,34,241,29,7,19,1008.9,24.9,24.9,24.8,47,12.8,15.9,1.6,0.4,4.8,24.9,24.7,24.7,26.2,0,0,122,2.62,146,0,0,0.068,53.1,4,22.5,0,2,6,7,0,0,0,"2021_8_29_19"
22.456,22.383,1326,169,600,180,2021,8,34,241,29,7,19,1008.8,24.6,24.9,24.6,43,11.2,14.6,0,0,3.2,24.6,24.2,24.2,23.4,0,0,77,1.66,97,0,0,0.065,62.3,2,21.6,0,3,9,5,0,0,0,"2021_8_29_19"
21.257,20.974,1326,191,794,221,2021,8,34,241,29,7,19,1008.3,24.1,24.6,24.1,51,13.3,16.1,0,0,1.6,24.1,24,24,22.9,0,0,34,0.73,53,0,0,0.06,67.2,1,20.4,0,4,9,6,0,0,0,"2021_8_29_19"
19.924,19.774,1660,9,2340,0,2021,8,34,241,29,7,20,1008.4,22.6,24.1,22.6,57,13.7,16.1,0,0,1.6,22.6,22.6,22.6,21.2,0,0,14,0.3,19,0.05,0,0.045,72.3,0,19.4,0,5,9,6,0,0,0,"2021_8_29_20"
19.044,19.383,1660,351,2397,347,2021,8,34,241,29,7,20,1008.9,21.3,22.6,21.3,64,14.2,16.3,0,0,0,21.3,21.2,21.2,19.7,0,0,2,0.04,7,0,0,0.031,80.1,0,18.7,0,6,9,8,0,0,0,"2021_8_29_20"
18.586,18.595,1072,14,1740,0,2021,8,34,241,29,7,20,1008.9,20.2,21.3,20.2,75,15.6,17,0,0,0,20.2,20.7,20.7,19.2,0,0,0,0,0,0,0,0.02,83,0,18.2,0,7,9,8,0,0,0,"2021_8_29_20"
18.305,18.192,1072,346,1816,343,2021,8,34,241,29,7,20,1009.1,19.2,20.2,19.2,76,14.9,16.2,0,0,0,19.2,19.5,19.5,18,0,0,0,0,0,0,0,0.009,85,0,17.9,0,0,9,8,0,0,0,"2021_8_29_20"
18.264,18.264,747,160,0,0,2021,8,34,241,29,7,21,1009.3,18.4,19.2,18.4,79,14.7,15.9,0,0,0,18.4,18.7,18.7,17.2,0,0,0,0,0,0,0,0.001,84.9,0,17.5,0,1,9,8,0,0,0,"2021_8_29_21"
17.48,17.98,747,200,520,270,2021,8,34,241,29,7,21,1009.5,18,18.4,18,79,14.3,15.5,0,0,1.6,18,18.2,18.2,16.7,0,0,0,0,0,0,0.003,0,82.5,0,17,0,2,9,6,0,0,0,"2021_8_29_21"
17.574,17.485,1326,169,600,180,2021,8,34,241,29,7,21,1009.7,17.6,18,17.6,83,14.7,15.7,0,0,0,17.6,17.8,17.8,16.4,0,0,0,0,0,0,0.008,0,84.7,0,16.8,0,3,9,8,0,0,0,"2021_8_29_21"
17.109,17.393,1326,191,794,221,2021,8,34,241,29,7,21,1009.9,17.3,17.6,17.3,84,14.6,15.5,0,0,0,17.3,17.5,17.5,16.1,0,0,0,0,0,0,0.01,0,87.4,0,16.7,0,4,9,8,0,0,0,"2021_8_29_21"
17.342,17.292,1660,9,2340,0,2021,8,34,241,29,7,22,1010.1,17.2,17.4,17.2,84,14.5,15.4,0,0,1.6,17.2,17.4,17.4,15.9,0,0,0,0,0,0.03,0.012,0,87.5,0,17,0,5,9,6,0,0,0,"2021_8_29_22"
18.133,18.152,1660,351,2397,347,2021,8,34,241,29,7,22,1010.5,17.7,17.7,17.2,79,14,15.2,1.6,0.4,6.4,17.7,17.8,17.8,16.3,0,0,0,0,0,0,0.007,0,77.8,0,17.4,0,6,13,11,0,0,0,"2021_8_29_22"
18.258,18.252,1072,14,1740,0,2021,8,34,241,29,7,22,1010.3,18.7,18.7,17.7,73,13.7,15.3,3.2,0.8,11.3,18.7,18.7,18.7,17.2,0,0,0,0,0,0,0,0.003,77.7,0,17.3,0,7,3,0,0,0,0,"2021_8_29_22"
17.791,17.561,1072,346,1816,343,2021,8,34,241,29,7,22,1010.4,18.2,18.7,18.2,75,13.7,15.2,1.6,0.4,6.4,18.2,18.3,18.3,16.7,0,0,0,0,0,0,0.001,0,79.4,0,17,0,0,11,12,0,0,0,"2021_8_29_22"
17.605,17.605,747,160,0,0,2021,8,34,241,29,7,23,1010.3,17.9,18.2,17.9,75,13.4,14.9,4.8,1.21,9.7,17.9,17.9,17.9,16.4,0,0,0,0,0,0.03,0.004,0,78.7,0,16.5,0,1,11,10,0,0,0,"2021_8_29_23"
17.488,17.446,747,200,520,270,2021,8,34,241,29,7,23,1010.4,17.7,17.9,17.7,74,13,14.6,4.8,1.21,9.7,17.7,17.6,17.6,16.1,0,0,0,0,0,0,0.006,0,77.2,0,16.4,0,2,13,10,0,0,0,"2021_8_29_23"
17.696,17.47,1326,169,600,180,2021,8,34,241,29,7,23,1010.6,17.8,17.8,17.7,73,12.9,14.5,4.8,1.21,11.3,17.8,17.7,17.7,16.1,0,0,0,0,0,0,0.006,0,75,0,16.6,0,3,13,11,0,0,0,"2021_8_29_23"
17.874,17.422,1326,191,794,221,2021,8,34,241,29,7,23,1010.8,17.9,17.9,17.8,73,13,14.6,4.8,1.21,9.7,17.9,17.8,17.8,16.2,0,0,0,0,0,0,0.005,0,74.9,0,16.7,0,4,13,11,0,0,0,"2021_8_29_23"
17.647,17.125,1660,9,2340,0,2021,8,35,242,30,1,0,1010.8,17.7,17.9,17.7,72,12.6,14.3,3.2,0.8,6.4,17.7,17.6,17.6,16,0,0,0,0,0,0.03,0.006,0,77.9,0,16.3,0,5,13,12,0,0,0,"2021_8_30_0"
17.473,16.984,1660,351,2397,347,2021,8,35,242,30,1,0,1010.9,17.3,17.7,17.3,74,12.7,14.2,1.6,0.4,4.8,17.3,17.2,17.2,15.6,0,0,0,0,0,0,0.01,0,74.6,0,16.5,0,6,12,11,0,0,0,"2021_8_30_0"
17.126,16.905,1072,14,1740,0,2021,8,35,242,30,1,0,1010.6,17.1,17.3,17,77,13,14.4,1.6,0.4,4.8,17.1,17,17,15.4,0,0,0,0,0,0,0.013,0,76.1,0,16.3,0,7,12,11,0,0,0,"2021_8_30_0"
16.863,16.665,1072,346,1816,343,2021,8,35,242,30,1,0,1011,16.8,17.1,16.8,79,13.1,14.4,1.6,0.4,3.2,16.8,16.8,16.8,15.2,0,0,0,0,0,0,0.016,0,79.5,0,16.1,0,0,12,11,0,0,0,"2021_8_30_0"
16.915,16.915,747,160,0,0,2021,8,35,242,30,1,1,1011.2,16.7,16.8,16.7,80,13.3,14.4,1.6,0.4,4.8,16.7,16.8,16.8,15.2,0,0,0,0,0,0.03,0.017,0,80.3,0,16.2,0,1,13,12,0,0,0,"2021_8_30_1"
17.159,17.232,747,200,520,270,2021,8,35,242,30,1,1,1011.2,16.8,16.8,16.7,79,13.2,14.4,1.6,0.4,4.8,16.8,16.9,16.9,15.3,0,0,0,0,0,0,0.016,0,79,0,16.4,0,2,13,10,0,0,0,"2021_8_30_1"
17.186,17.037,1326,169,600,180,2021,8,35,242,30,1,1,1011,16.9,17,16.8,79,13.3,14.5,3.2,0.8,6.4,16.9,17,17,15.4,0,0,0,0,0,0,0.014,0,77.9,0,16.3,0,3,12,11,0,0,0,"2021_8_30_1"
17.143,16.985,1326,191,794,221,2021,8,35,242,30,1,1,1010.9,16.9,16.9,16.8,79,13.2,14.5,3.2,0.8,11.3,16.9,16.9,16.9,15.4,0,0,0,0,0,0,0.015,0,77.6,0,16.2,0,4,12,11,0,0,0,"2021_8_30_1"
17.289,17.226,1660,9,2340,0,2021,8,35,242,30,1,2,1011,17.3,17.3,16.9,77,13.2,14.6,6.4,1.61,12.9,17.3,17.3,17.3,15.7,0,0,0,0,0,0.03,0.011,0,76.1,0,16.5,0,5,12,0,0,0,0,"2021_8_30_2"
17.454,17.263,1660,351,2397,347,2021,8,35,242,30,1,2,1011,17.4,17.4,17.3,77,13.3,14.7,6.4,1.61,16.1,17.4,17.4,17.4,15.8,0,0,0,0,0,0,0.01,0,76,0,16.4,0,6,12,10,0,0,0,"2021_8_30_2"
17.394,17.024,1072,14,1740,0,2021,8,35,242,30,1,2,1010.7,17.2,17.4,17.2,76,13,14.4,4.8,1.21,16.1,17.2,17.2,17.2,15.6,0,0,0,0,0,0,0.012,0,75.1,0,16.4,0,7,12,10,0,0,0,"2021_8_30_2"
17.552,16.933,1072,346,1816,343,2021,8,35,242,30,1,2,1010.7,17.3,17.3,17.2,75,12.9,14.4,6.4,1.61,12.9,17.3,17.2,17.2,15.7,0,0,0,0,0,0,0.01,0,74.7,0,16.3,0,0,13,11,0,0,0,"2021_8_30_2"
17.176,17.176,747,160,0,0,2021,8,35,242,30,1,3,1010.5,17.2,17.3,17.2,75,12.7,14.2,6.4,1.61,12.9,17.2,17.1,17.1,15.5,0,0,0,0,0,0.03,0.012,0,76.9,0,15.9,0,1,13,10,0,0,0,"2021_8_30_3"
16.487,16.586,747,200,520,270,2021,8,35,242,30,1,3,1010.3,16.8,17.2,16.8,75,12.4,13.9,4.8,1.21,9.7,16.8,16.7,16.7,15.1,0,0,0,0,0,0,0.016,0,78.1,0,15.4,0,2,13,10,0,0,0,"2021_8_30_3"
16.381,16.049,1326,169,600,180,2021,8,35,242,30,1,3,1010.6,16.2,16.8,16.2,78,12.4,13.7,3.2,0.8,6.4,16.2,16.1,16.1,14.5,0,0,0,0,0,0,0.022,0,80.1,0,15,0,3,13,12,0,0,0,"2021_8_30_3"
16.125,15.658,1326,191,794,221,2021,8,35,242,30,1,3,1010.8,16,16.2,15.9,78,12.2,13.5,3.2,0.8,9.7,16,15.9,15.9,14.2,0,0,0,0,0,0,0.024,0,81.3,0,14.8,0,4,13,10,0,0,0,"2021_8_30_3"
15.955,15.551,1660,9,2340,0,2021,8,35,242,30,1,4,1010.4,15.8,16,15.8,79,12.1,13.4,3.2,0.8,6.4,15.8,15.7,15.7,14,0,0,0,0,0,0.03,0.027,0,82.7,0,14.5,0,5,13,12,0,0,0,"2021_8_30_4"
15.296,15.1,1660,351,2397,347,2021,8,35,242,30,1,4,1010.3,15.2,15.8,15.2,81,12,13.1,1.6,0.4,4.8,15.2,15.1,15.1,13.5,0,0,0,0,0,0,0.032,0,85.4,0,14.2,0,6,13,12,0,0,0,"2021_8_30_4"
15.1,14.828,1072,14,1740,0,2021,8,35,242,30,1,4,1010.4,15.1,15.2,15.1,83,12.2,13.2,0,0,3.2,15.1,15,15,13.4,0,0,0,0,0,0,0.034,0,86.5,0,14,0,7,9,10,0,0,0,"2021_8_30_4"
14.731,14.396,1072,346,1816,343,2021,8,35,242,30,1,4,1010.3,14.7,15.1,14.7,85,12.2,13.1,0,0,1.6,14.7,14.6,14.6,13,0,0,0,0,0,0,0.038,0,88,0,13.9,0,0,9,12,0,0,0,"2021_8_30_4"
14.414,14.414,747,160,0,0,2021,8,35,242,30,1,5,1010.4,14.1,14.7,14.1,87,12,12.8,0,0,3.2,14.1,14.1,14.1,12.5,0,0,0,0,0,0.03,0.044,0,89.6,0,13.5,0,1,9,11,0,0,0,"2021_8_30_5"
14.104,14.265,747,200,520,270,2021,8,35,242,30,1,5,1010.4,13.8,14.1,13.8,88,11.9,12.6,0,0,0,13.8,13.8,13.8,12.2,0,0,0,0,0,0,0.047,0,90.5,0,13.5,0,2,9,8,0,0,0,"2021_8_30_5"
13.972,13.925,1326,169,600,180,2021,8,35,242,30,1,5,1010.3,13.6,13.8,13.6,90,12,12.6,0,0,0,13.6,13.7,13.7,12,0,0,0,0,0,0,0.049,0,90,0,13.2,0,3,9,8,0,0,0,"2021_8_30_5"
13.442,13.811,1326,191,794,221,2021,8,35,242,30,1,5,1009.9,13.3,13.6,13.3,89,11.6,12.2,0,0,0,13.3,13.4,13.4,11.7,0,0,0,0,0,0,0.052,0,90.3,0,12.8,0,4,9,8,0,0,0,"2021_8_30_5"
13.106,13.309,1660,9,2340,0,2021,8,35,242,30,1,6,1010,12.9,13.3,12.9,91,11.5,12.1,0,0,0,12.9,13,13,11.4,0,0,0,0,0,0,0.056,0,90.6,0,12.5,0,5,9,8,0,0,0,"2021_8_30_6"
12.959,13.088,1660,351,2397,347,2021,8,35,242,30,1,6,1010.1,12.8,13,12.8,91,11.3,11.9,0,0,0,12.8,12.9,12.9,11.2,0,0,0,0,0,0,0.058,0,91.2,0,12.2,0,6,9,8,0,0,0,"2021_8_30_6"
12.8,12.678,1072,14,1740,0,2021,8,35,242,30,1,6,1010.2,12.4,12.8,12.4,92,11.2,11.7,0,0,0,12.4,12.5,12.5,10.9,0,0,0,0,0,0,0.061,0,91,0,12.1,0,7,9,8,0,0,0,"2021_8_30_6"
12.662,12.739,1072,346,1816,343,2021,8,35,242,30,1,6,1010.4,12.3,12.5,12.3,92,11.1,11.6,0,0,0,12.3,12.4,12.4,10.8,0,0,2,0.04,7,0,0.062,0,91.7,0,12,0,0,9,8,0,0,0,"2021_8_30_6"
13.061,13.061,747,160,0,0,2021,8,35,242,30,1,7,1010.7,12.3,12.4,12.3,93,11.2,11.7,0,0,0,12.3,12.5,12.5,10.9,0,0,11,0.24,16,0,0.062,0,92.1,1,12.3,0,1,9,8,0,0,0,"2021_8_30_7"
13.323,13.685,747,200,520,270,2021,8,35,242,30,1,7,1010.8,12.9,12.9,12.4,93,11.8,12.3,0,0,0,12.9,13.1,13.1,12.5,0,0,20,0.43,23,0,0.056,0,92.3,1,12.8,0,2,9,8,0,0,0,"2021_8_30_7"
14.283,14.223,1326,169,600,180,2021,8,35,242,30,1,7,1011.1,13.7,13.7,12.9,92,12.4,12.9,0,0,0,13.7,13.8,13.8,13.5,0,0,29,0.62,40,0,0.049,0,92.6,2,13.7,0,3,9,8,0,0,0,"2021_8_30_7"
15.642,15.575,1326,191,794,221,2021,8,35,242,30,1,7,1011.3,14.7,14.7,13.7,91,13.3,13.8,0,0,0,14.7,14.9,14.9,15.4,0,0,62,1.33,81,0,0.038,0,92.3,3,15,0,4,9,8,0,0,0,"2021_8_30_7"
17.342,16.746,1660,9,2340,0,2021,8,35,242,30,1,8,1011.5,16.7,16.7,14.8,84,13.9,14.9,0,0,3.2,16.7,16.8,16.8,18.1,0,0,97,2.09,111,0.03,0.017,0,87.8,4,16.3,0,5,9,11,0,0,0,"2021_8_30_8"
18.736,18.964,1660,351,2397,347,2021,8,35,242,30,1,8,1011.2,17.8,17.8,16.7,80,14.3,15.4,1.6,0.4,4.8,17.8,18,18,20,0,0,139,2.99,162,0,0.006,0,83.9,6,17.5,0,6,11,12,0,0,0,"2021_8_30_8"
20.327,20.54,1072,14,1740,0,2021,8,35,242,30,1,8,1011.4,18.7,18.7,17.8,76,14.4,15.8,1.6,0.4,4.8,18.7,18.9,18.9,21.8,0,0,193,4.15,214,0,0,0.004,80.6,6,18.8,0,7,11,12,0,0,0,"2021_8_30_8"
21.412,25.434,1072,346,1816,343,2021,8,35,242,30,1,8,1011.1,19.4,19.4,18.7,73,14.5,16,4.8,1.21,8,19.4,19.6,19.6,23.2,0,0,239,5.14,258,0,0,0.012,75.2,7,19.7,0,0,11,12,0,0,0,"2021_8_30_8"
23.334,23.334,747,160,0,0,2021,8,35,242,30,1,9,1011.4,20.2,20.3,19.4,69,14.3,16.1,4.8,1.21,11.3,20.2,20.4,20.4,24.4,0,0,286,6.15,308,0.13,0,0.02,70.5,8,20.9,0,1,11,10,0,0,0,"2021_8_30_9"
24.6,24.699,747,200,520,270,2021,8,35,242,30,1,9,1010.9,20.6,20.6,20.2,66,14,16,6.4,1.61,12.9,20.6,20.7,20.7,25.1,0,0,329,7.08,350,0,0,0.024,68.5,10,21.7,0,2,13,10,0,0,0,"2021_8_30_9"
26.841,22.661,1326,169,600,180,2021,8,35,242,30,1,9,1011.4,21.4,21.4,20.6,66,14.8,16.7,6.4,1.61,14.5,21.4,21.4,21.4,26.3,0,0,383,8.24,425,0,0,0.032,60.5,15,22.4,0,3,13,11,0,0,0,"2021_8_30_9"
26.105,26.384,1326,191,794,221,2021,8,35,242,30,1,9,1011.4,22.2,22.2,21.4,63,14.8,16.9,6.4,1.61,12.9,22.2,22.2,22.2,27.8,0,0,474,10.2,512,0,0,0.04,56.7,18,23.2,0,4,13,12,0,0,0,"2021_8_30_9"
25.752,22.708,1660,9,2340,0,2021,8,35,242,30,1,10,1010.5,21.5,22.2,21.5,64,14.4,16.4,8,2.01,16.1,21.5,21.4,21.4,26.6,0,0,443,9.53,552,0.25,0,0.033,59.6,8,22.5,0,5,12,10,0,0,0,"2021_8_30_10"
22.856,24.175,1660,351,2397,347,2021,8,35,242,30,1,10,1011.3,21.8,21.8,21.5,63,14.5,16.6,8,2.01,16.1,21.8,21.8,21.8,27,0,0,458,9.85,587,0,0,0.036,58.4,15,23.3,0,6,12,0,0,0,0,"2021_8_30_10"
27.081,25.066,1072,14,1740,0,2021,8,35,242,30,1,10,1011.7,22.4,22.4,21.8,58,13.8,16.2,6.4,1.61,16.1,22.4,22.4,22.4,27.8,0,0,506,10.88,571,0,0,0.043,56.3,16,24,0,7,12,0,0,0,0,"2021_8_30_10"
28.693,30.213,1072,346,1816,343,2021,8,35,242,30,1,10,1011.7,22.7,22.7,22.4,58,14,16.4,6.4,1.61,14.5,22.7,22.7,22.7,28.6,0,0,572,12.3,587,0,0,0.046,54.1,16,25.2,0,0,4,11,0,0,0,"2021_8_30_10"
27.688,27.688,747,160,0,0,2021,8,35,242,30,1,11,1011.7,23.2,23.2,22.7,54,13.4,16,8,2.01,14.5,23.2,23.2,23.2,29.1,0,0,602,12.95,612,0.36,0,0.051,49.6,17,25.6,0,1,4,0,0,0,0,"2021_8_30_11"
27.195,26.677,747,200,520,270,2021,8,35,242,30,1,11,1011.4,23.6,23.6,23.2,51,12.8,15.7,6.4,1.61,17.7,23.6,23.5,23.5,29.4,0,0,631,13.57,647,0,0,0.054,46.8,18,25.3,0,2,4,0,0,0,0,"2021_8_30_11"
27.539,25.781,1326,169,600,180,2021,8,35,242,30,1,11,1011.3,23.6,23.6,23.5,50,12.5,15.5,8,2.01,17.7,23.6,23.5,23.5,29.5,0,0,656,14.11,670,0,0,0.054,45,21,25.9,0,3,4,0,0,0,0,"2021_8_30_11"
28.371,26.709,1326,191,794,221,2021,8,35,242,30,1,11,1011.5,23.8,23.9,23.6,53,13.7,16.3,6.4,1.61,14.5,23.8,23.9,23.9,30,0,0,687,14.78,700,0,0,0.057,41,28,27.8,0,4,4,0,0,0,0,"2021_8_30_11"
29.376,25.854,1660,9,2340,0,2021,8,35,242,30,1,12,1011.4,23.9,24,23.8,50,12.9,15.8,8,2.01,20.9,23.9,23.9,23.9,30.1,0,0,722,15.53,756,0.46,0,0.058,44.1,26,27.4,0,5,4,0,0,0,0,"2021_8_30_12"
29.355,26.211,1660,351,2397,347,2021,8,35,242,30,1,12,1010.9,24,24.1,23.9,49,12.6,15.6,6.4,1.61,16.1,24,23.9,23.9,30.1,0,0,743,15.98,784,0,0,0.059,47.1,46,26.6,0,6,4,0,0,0,0,"2021_8_30_12"
28.892,28.512,1072,14,1740,0,2021,8,35,242,30,1,12,1011.2,24.3,24.3,23.9,49,12.9,15.8,6.4,1.61,16.1,24.3,24.2,24.2,30.4,0,0,768,16.52,782,0,0,0.062,44.5,59,28.1,0,7,4,10,0,0,0,"2021_8_30_12"
29.566,30.257,1072,346,1816,343,2021,8,35,242,30,1,12,1011,24.6,24.6,24.3,54,14.6,17.2,8,2.01,19.3,24.6,24.6,24.6,30.8,0,0,826,17.77,865,0,0,0.065,43.2,55,28.1,0,0,4,0,0,0,0,"2021_8_30_12"
29.327,29.327,747,160,0,0,2021,8,35,242,30,1,13,1011.2,24.6,24.7,24.3,48,12.8,15.8,6.4,1.61,16.1,24.6,24.4,24.4,30.6,0,0,786,16.91,879,0.51,0,0.065,46.6,61,28.7,0,1,4,0,0,0,0,"2021_8_30_13"
28.818,29.558,747,200,520,270,2021,8,35,242,30,1,13,1011.2,25.1,25.1,24.6,49,13.6,16.5,4.8,1.21,12.9,25.1,24.9,24.9,31.2,0,0,806,17.34,821,0,0,0.07,40.7,62,30.2,0,2,4,11,0,0,0,"2021_8_30_13"
28.745,29.157,1326,169,600,180,2021,8,35,242,30,1,13,1011.2,25.5,25.5,25.1,47,13.4,16.4,3.2,0.8,9.7,25.5,25.3,25.3,31.5,0,0,789,16.97,795,0,0,0.075,37.9,64,30.8,0,3,0,13,0,0,0,"2021_8_30_13"
28.62,28.871,1326,191,794,221,2021,8,35,242,30,1,13,1011,25.7,25.7,25.5,47,13.5,16.5,4.8,1.21,12.9,25.7,25.4,25.4,31.7,0,0,793,17.06,798,0,0,0.076,40.4,66,31,0,4,4,11,0,0,0,"2021_8_30_13"
31.277,27.984,1660,9,2340,0,2021,8,35,242,30,1,14,1010.8,25.6,25.8,25.6,45,12.7,15.9,4.8,1.21,14.5,25.6,25.2,25.2,31.3,0,0,717,15.42,802,0.51,0,0.075,38.5,18,29.3,0,5,2,4,0,0,0,"2021_8_30_14"
27.736,27.599,1660,351,2397,347,2021,8,35,242,30,1,14,1010.8,25.5,25.6,25.3,47,13.4,16.4,4.8,1.21,12.9,25.5,25.3,25.3,30,0,0,475,10.22,701,0,0,0.075,39,60,29.6,0,6,3,0,0,0,0,"2021_8_30_14"
29.037,29.096,1072,14,1740,0,2021,8,35,242,30,1,14,1010.2,26,26.2,25.5,40,11.4,14.9,3.2,0.8,11.3,26,25.3,25.3,31.4,0,0,686,14.76,865,0,0,0.08,47.2,24,28.2,0,7,16,7,0,0,0,"2021_8_30_14"
26.631,27.017,1072,346,1816,343,2021,8,35,242,30,1,14,1010.4,25.9,26,25.8,49,14.4,17.2,3.2,0.8,20.9,25.9,25.8,25.8,29.6,0,0,369,7.94,464,0,0,0.079,42.4,65,29.3,0,0,5,5,0,0,0,"2021_8_30_14"
28.549,28.549,747,160,0,0,2021,8,35,242,30,1,15,1010.1,25.9,26.3,25.9,41,11.7,15.1,3.2,0.8,12.9,25.9,25.3,25.3,31.4,0,0,731,15.72,874,0.41,0,0.079,40.1,37,30.3,0,1,5,4,0,0,0,"2021_8_30_15"
31.05,30.503,747,200,520,270,2021,8,35,242,30,1,15,1010.6,26.1,26.1,25.8,43,12.6,15.8,4.8,1.21,11.3,26.1,25.6,25.6,31.6,0,0,643,13.83,749,0,0,0.081,37.1,49,32.4,0,2,2,5,0,0,0,"2021_8_30_15"
31.252,32.717,1326,169,600,180,2021,8,35,242,30,1,15,1010.2,26.7,26.7,26.1,41,12.4,15.8,3.2,0.8,6.4,26.7,26.1,26.1,32.1,0,0,696,14.97,715,0,0,0.087,35.4,28,30.8,0,3,8,3,0,0,0,"2021_8_30_15"
29.911,28.608,1326,191,794,221,2021,8,35,242,30,1,15,1009.7,26.8,27,26.7,42,12.8,16.1,4.8,1.21,12.9,26.8,26.2,26.2,32.3,0,0,666,14.33,679,0,0,0.088,41,50,31.5,0,4,2,4,0,0,0,"2021_8_30_15"
29.272,29.382,1660,9,2340,0,2021,8,35,242,30,1,16,1009.9,26.9,26.9,26.7,44,13.6,16.7,4.8,1.21,12.9,26.9,26.5,26.5,32.5,0,0,638,13.72,652,0.46,0,0.089,34.7,42,30.4,0,5,8,5,0,0,0,"2021_8_30_16"
29.67,29.368,1660,351,2397,347,2021,8,35,242,30,1,16,1009.7,26.9,27.1,26.9,42,12.9,16.2,8,2.01,14.5,26.9,26.4,26.4,32.4,0,0,606,13.04,619,0,0,0.09,46.2,35,29.6,0,6,5,5,0,0,0,"2021_8_30_16"
30.073,28.877,1072,14,1740,0,2021,8,35,242,30,1,16,1009.7,26.7,26.9,26.7,40,12,15.5,8,2.01,17.7,26.7,26,26,31.9,0,0,574,12.35,591,0,0,0.087,38.3,40,29,0,7,6,5,0,0,0,"2021_8_30_16"
30.386,28.979,1072,346,1816,343,2021,8,35,242,30,1,16,1009.6,26.8,26.9,26.7,40,12.1,15.6,8,2.01,16.1,26.8,26.1,26.1,31.9,0,0,541,11.64,563,0,0,0.089,41.1,24,29.1,0,0,5,4,0,0,0,"2021_8_30_16"
29.76,29.76,747,160,0,0,2021,8,35,242,30,1,17,1009.9,26.9,26.9,26.7,43,13.3,16.4,6.4,1.61,16.1,26.9,26.4,26.4,32.1,0,0,510,10.97,531,0.43,0,0.089,44.3,36,28.4,0,1,6,4,0,0,0,"2021_8_30_17"
29.06,29.909,747,200,520,270,2021,8,35,242,30,1,17,1009.9,27,27.2,26.9,43,13.4,16.5,6.4,1.61,14.5,27,26.5,26.5,32.3,0,0,495,10.65,527,0,0,0.09,39.4,30,28.1,0,2,6,6,0,0,0,"2021_8_30_17"
29.135,33.886,1326,169,600,180,2021,8,35,242,30,1,17,1010.1,27.3,27.3,27,40,12.5,15.9,3.2,0.8,9.7,27.3,26.6,26.6,32,0,0,442,9.51,462,0,0,0.093,40.3,15,27.8,0,3,8,7,0,0,0,"2021_8_30_17"
28.27,27.373,1326,191,794,221,2021,8,35,242,30,1,17,1010.2,27.7,27.7,27.2,45,14.7,17.6,3.2,0.8,9.7,27.7,27.5,27.5,33,0,0,410,8.82,434,0,0,0.097,43.4,12,27.3,0,4,6,5,0,0,0,"2021_8_30_17"
27.55,25.943,1660,9,2340,0,2021,8,35,242,30,1,18,1009.4,26.7,27.7,26.7,42,12.7,16,4.8,1.21,22.5,26.7,26.1,26.1,29.9,0,0,246,5.29,366,0.3,0,0.087,44.6,11,25.8,0,5,7,6,0,0,0,"2021_8_30_18"
26.289,25.854,1660,351,2397,347,2021,8,35,242,30,1,18,1009.9,26.2,26.6,26.2,47,14,16.9,3.2,0.8,6.4,26.2,26,26,28.8,0,0,172,3.7,332,0,0,0.082,51.8,12,25.6,0,6,6,4,0,0,0,"2021_8_30_18"
26.937,26.099,1072,14,1740,0,2021,8,35,242,30,1,18,1010.2,26.6,26.6,26.2,43,13,16.2,3.2,0.8,8,26.6,26.1,26.1,30,0,0,245,5.27,299,0,0,0.086,47,10,25.8,0,7,7,2,0,0,0,"2021_8_30_18"
26.173,25.287,1072,346,1816,343,2021,8,35,242,30,1,18,1009.8,26.7,27,26.6,43,13.1,16.3,0,0,3.2,26.7,26.2,26.2,28.7,0,0,152,3.27,264,0,0,0.087,53.9,4,24.9,0,0,9,5,0,0,0,"2021_8_30_18"
24.446,24.446,747,160,0,0,2021,8,35,242,30,1,19,1009.8,25.7,26.7,25.7,52,15.1,17.7,1.6,0.4,4.8,25.7,25.7,25.7,26.5,0,0,63,1.36,79,0.13,0,0.076,55.7,2,24,0,1,12,10,0,0,0,"2021_8_30_19"
22.845,22.793,747,200,520,270,2021,8,35,242,30,1,19,1009.9,22.3,25.7,22.3,55,12.8,15.4,12.9,3.22,29,21.8,22,21.5,21.4,0,0,34,0.73,42,0,0,0.041,50.6,1,21.9,0,2,13,12,0,0,0,"2021_8_30_19"
20.804,20.933,1326,169,600,180,2021,8,35,242,30,1,19,1009.8,20.3,22.3,20.3,62,12.8,15,11.3,2.82,20.9,20.3,20.1,20.1,19,0,0,17,0.37,26,0,0,0.02,57.7,0,20,0,3,13,11,0,0,0,"2021_8_30_19"
19.552,19.597,1326,191,794,221,2021,8,35,242,30,1,19,1010.5,19.2,20.3,19.2,69,13.4,15.2,9.7,2.41,22.5,19.2,19.2,19.2,18,0,0,9,0.19,12,0,0,0.009,63.6,0,18.9,0,4,13,10,0,0,0,"2021_8_30_19"
18.977,19.093,1660,9,2340,0,2021,8,35,242,30,1,20,1010.6,18.6,19.2,18.6,73,13.7,15.2,11.3,2.82,20.9,18.6,18.6,18.6,17.4,0,0,2,0.04,5,0.08,0,0.003,68.2,0,18.4,0,5,13,11,0,0,0,"2021_8_30_20"
18.435,18.613,1660,351,2397,347,2021,8,35,242,30,1,20,1010.8,18.2,18.6,18.2,76,13.9,15.3,11.3,2.82,20.9,18.2,18.2,18.2,17,0,0,0,0,0,0,0.002,0,70.9,0,17.9,0,6,13,10,0,0,0,"2021_8_30_20"
18.447,18.461,1072,14,1740,0,2021,8,35,242,30,1,20,1011.1,18.2,18.3,18.1,76,13.9,15.3,9.7,2.41,19.3,18.2,18.3,18.3,17,0,0,0,0,0,0,0.001,0,72.5,0,17.8,0,7,13,10,0,0,0,"2021_8_30_20"
18.545,18.536,1072,346,1816,343,2021,8,35,242,30,1,20,1011.4,18.4,18.4,18.2,75,13.9,15.3,9.7,2.41,19.3,18.4,18.5,18.5,17.2,0,0,0,0,0,0,0,0.001,70.3,0,17.8,0,0,13,10,0,0,0,"2021_8_30_20"
18.441,18.441,747,160,0,0,2021,8,35,242,30,1,21,1011.5,18.3,18.4,18.3,74,13.6,15.1,6.4,1.61,16.1,18.3,18.3,18.3,17,0,0,0,0,0,0.05,0.001,0,69.5,0,17.6,0,1,12,0,0,0,0,"2021_8_30_21"
18.198,18.213,747,200,520,270,2021,8,35,242,30,1,21,1011.8,18.1,18.3,18.1,74,13.4,14.9,6.4,1.61,19.3,18.1,18.1,18.1,16.8,0,0,0,0,0,0,0.002,0,71.2,0,17.4,0,2,12,11,0,0,0,"2021_8_30_21"
18.155,18.108,1326,169,600,180,2021,8,35,242,30,1,21,1011.9,18.1,18.2,18.1,75,13.6,15,8,2.01,17.7,18.1,18.1,18.1,16.8,0,0,0,0,0,0,0.003,0,72.6,0,17.3,0,3,12,10,0,0,0,"2021_8_30_21"
17.996,17.895,1326,191,794,221,2021,8,35,242,30,1,21,1012.1,17.8,18.1,17.8,76,13.5,15,6.4,1.61,14.5,17.8,17.8,17.8,16.5,0,0,0,0,0,0,0.005,0,72.6,0,17.2,0,4,12,11,0,0,0,"2021_8_30_21"
17.935,17.871,1660,9,2340,0,2021,8,35,242,30,1,22,1012.4,17.8,17.8,17.8,77,13.7,15,6.4,1.61,14.5,17.8,17.8,17.8,16.5,0,0,0,0,0,0.05,0.006,0,74.2,0,17.1,0,5,12,11,0,0,0,"2021_8_30_22"
17.755,17.76,1660,351,2397,347,2021,8,35,242,30,1,22,1012.4,17.7,17.8,17.7,76,13.4,14.8,6.4,1.61,12.9,17.7,17.7,17.7,16.4,0,0,0,0,0,0,0.007,0,74.5,0,17,0,6,12,11,0,0,0,"2021_8_30_22"
17.623,17.486,1072,14,1740,0,2021,8,35,242,30,1,22,1012.3,17.4,17.7,17.4,78,13.6,14.9,4.8,1.21,12.9,17.4,17.5,17.5,16.2,0,0,0,0,0,0,0.009,0,75.8,0,16.8,0,7,13,11,0,0,0,"2021_8_30_22"
17.422,17.33,1072,346,1816,343,2021,8,35,242,30,1,22,1012.5,17.4,17.4,17.3,78,13.5,14.8,4.8,1.21,11.3,17.4,17.4,17.4,16.1,0,0,0,0,0,0,0.01,0,76.4,0,16.8,0,0,13,0,0,0,0,"2021_8_30_22"
17.631,17.631,747,160,0,0,2021,8,35,242,30,1,23,1012.6,17.4,17.4,17.4,77,13.4,14.7,4.8,1.21,12.9,17.4,17.5,17.5,16.2,0,0,0,0,0,0.03,0.009,0,74.8,0,16.9,0,1,13,10,0,0,0,"2021_8_30_23"
17.709,17.729,747,200,520,270,2021,8,35,242,30,1,23,1012.7,17.4,17.5,17.4,77,13.4,14.7,3.2,0.8,9.7,17.4,17.5,17.5,16.2,0,0,0,0,0,0,0.009,0,76,0,16.8,0,2,12,11,0,0,0,"2021_8_30_23"
17.287,17.135,1326,169,600,180,2021,8,35,242,30,1,23,1012.5,17.3,17.5,17.3,78,13.4,14.7,1.6,0.4,6.4,17.3,17.3,17.3,16,0,0,0,0,0,0,0.011,0,79.2,0,16.4,0,3,13,10,0,0,0,"2021_8_30_23"
16.695,16.479,1326,191,794,221,2021,8,35,242,30,1,23,1012.9,16.9,17.3,16.9,79,13.3,14.5,1.6,0.4,3.2,16.9,17,17,15.7,0,0,0,0,0,0,0.014,0,81,0,16.1,0,4,11,10,0,0,0,"2021_8_30_23"
16.816,16.711,1660,9,2340,0,2021,8,35,243,31,2,0,1012.9,16.8,16.9,16.8,80,13.3,14.5,0,0,3.2,16.8,16.8,16.8,15.5,0,0,0,0,0,0.03,0.016,0,79.9,0,15.8,0,5,9,12,0,0,0,"2021_8_31_0"
16.015,16.162,1660,351,2397,347,2021,8,35,243,31,2,0,1012.9,16.5,16.8,16.5,81,13.2,14.4,0,0,0,16.5,16.5,16.5,15.2,0,0,0,0,0,0,0.019,0,84.9,0,15.3,0,6,9,8,0,0,0,"2021_8_31_0"
16.247,15.739,1072,14,1740,0,2021,8,35,243,31,2,0,1013,16,16.5,16,85,13.5,14.4,0,0,0,16,16,16,14.8,0,0,0,0,0,0,0.024,0,87.8,0,15.3,0,7,9,8,0,0,0,"2021_8_31_0"
15.901,16.082,1072,346,1816,343,2021,8,35,243,31,2,0,1013.2,15.7,16,15.7,86,13.4,14.2,0,0,1.6,15.7,15.8,15.8,14.5,0,0,0,0,0,0,0.027,0,88.1,0,15.6,0,0,9,10,0,0,0,"2021_8_31_0"
16.234,16.234,747,160,0,0,2021,8,35,243,31,2,1,1013.1,16,16,15.7,85,13.5,14.4,1.6,0.4,3.2,16,16,16,14.8,0,0,0,0,0,0.03,0.024,0,86.6,0,15.5,0,1,13,10,0,0,0,"2021_8_31_1"
15.786,15.919,747,200,520,270,2021,8,35,243,31,2,1,1013.2,15.6,16,15.6,86,13.2,14.1,0,0,3.2,15.6,15.6,15.6,14.3,0,0,0,0,0,0,0.029,0,87.3,0,15.1,0,2,9,0,0,0,0,"2021_8_31_1"
15.502,15.39,1326,169,600,180,2021,8,35,243,31,2,1,1013.3,15.5,15.6,15.4,86,13.2,14,0,0,3.2,15.5,15.5,15.5,14.2,0,0,0,0,0,0,0.03,0,87.5,0,15,0,3,9,11,0,0,0,"2021_8_31_1"
16.01,16.053,1326,191,794,221,2021,8,35,243,31,2,1,1013.3,15.3,15.5,15.3,88,13.4,14.1,0,0,1.6,15.3,15.4,15.4,14.1,0,0,0,0,0,0,0.031,0,88.2,0,15.2,0,4,9,11,0,0,0,"2021_8_31_1"
16.248,15.955,1660,9,2340,0,2021,8,35,243,31,2,2,1013.3,15.3,15.3,15.2,89,13.5,14.1,0,0,1.6,15.3,15.4,15.4,14.1,0,0,0,0,0,0,0.032,0,88.8,0,15.2,0,5,9,11,0,0,0,"2021_8_31_2"
15.549,15.673,1660,351,2397,347,2021,8,35,243,31,2,2,1013.1,15.3,15.3,15.3,88,13.3,14,0,0,1.6,15.3,15.4,15.4,14,0,0,0,0,0,0,0.032,0,89,0,14.9,0,6,9,11,0,0,0,"2021_8_31_2"
15.148,15.237,1072,14,1740,0,2021,8,35,243,31,2,2,1013.2,15.1,15.3,15.1,89,13.3,14,0,0,0,15.1,15.2,15.2,13.9,0,0,0,0,0,0,0.034,0,89.6,0,14.6,0,7,9,8,0,0,0,"2021_8_31_2"
15.072,14.927,1072,346,1816,343,2021,8,35,243,31,2,2,1013.4,14.8,15.1,14.8,90,13.2,13.8,0,0,0,14.8,14.9,14.9,13.6,0,0,0,0,0,0,0.036,0,90.3,0,14.3,0,0,9,8,0,0,0,"2021_8_31_2"
14.797,14.797,747,160,0,0,2021,8,35,243,31,2,3,1013.3,14.6,14.8,14.6,91,13.1,13.6,0,0,1.6,14.6,14.7,14.7,13.4,0,0,0,0,0,0,0.039,0,90.5,0,14.2,0,1,9,11,0,0,0,"2021_8_31_3"
14.565,14.77,747,200,520,270,2021,8,35,243,31,2,3,1013.2,14.4,14.6,14.4,91,12.9,13.5,0,0,1.6,14.4,14.5,14.5,13.2,0,0,0,0,0,0,0.041,0,90.8,0,14.1,0,2,9,11,0,0,0,"2021_8_31_3"
14.46,14.536,1326,169,600,180,2021,8,35,243,31,2,3,1013.5,14.4,14.4,14.3,91,12.9,13.5,0,0,1.6,14.4,14.5,14.5,13.2,0,0,0,0,0,0,0.041,0,92,0,14.2,0,3,9,11,0,0,0,"2021_8_31_3"
15.179,15.116,1326,191,794,221,2021,8,35,243,31,2,3,1013.4,14.3,14.4,14.2,92,13,13.5,0,0,1.6,14.3,14.4,14.4,13.1,0,0,0,0,0,0,0.042,0,92,0,14.6,0,4,9,11,0,0,0,"2021_8_31_3"
15.306,15.543,1660,9,2340,0,2021,8,35,243,31,2,4,1013.5,14.5,14.5,14.2,93,13.4,13.8,0,0,1.6,14.5,14.7,14.7,13.4,0,0,0,0,0,0,0.04,0,92.1,0,14.8,0,5,9,11,0,0,0,"2021_8_31_4"
15.115,15.587,1660,351,2397,347,2021,8,35,243,31,2,4,1013.5,14.7,14.7,14.4,92,13.4,13.9,0,0,1.6,14.7,14.8,14.8,13.5,0,0,0,0,0,0,0.038,0,92,0,14.7,0,6,9,11,0,0,0,"2021_8_31_4"
15.143,15.376,1072,14,1740,0,2021,8,35,243,31,2,4,1013.4,14.6,14.7,14.6,92,13.3,13.8,0,0,0,14.6,14.8,14.8,13.5,0,0,0,0,0,0,0.039,0,92.6,0,14.7,0,7,9,8,0,0,0,"2021_8_31_4"
15.173,15.22,1072,346,1816,343,2021,8,35,243,31,2,4,1013.3,14.6,14.6,14.6,92,13.3,13.7,0,0,1.6,14.6,14.7,14.7,13.4,0,0,0,0,0,0,0.039,0,91.7,0,14.6,0,0,9,11,0,0,0,"2021_8_31_4"
14.716,14.716,747,160,0,0,2021,8,35,243,31,2,5,1013.2,14.6,14.7,14.6,92,13.3,13.7,0,0,1.6,14.6,14.7,14.7,13.4,0,0,0,0,0,0,0.039,0,92.1,0,14.3,0,1,9,11,0,0,0,"2021_8_31_5"
14.798,15.131,747,200,520,270,2021,8,35,243,31,2,5,1013.3,14.4,14.6,14.4,92,13.2,13.6,0,0,0,14.4,14.6,14.6,13.3,0,0,0,0,0,0,0.041,0,93.9,0,14.5,0,2,9,8,0,0,0,"2021_8_31_5"
15.494,15.323,1326,169,600,180,2021,8,35,243,31,2,5,1013.5,14.4,14.5,14.4,94,13.5,13.8,0,0,0,14.4,14.6,14.6,13.4,0,0,0,0,0,0,0.041,0,93.3,0,14.7,0,3,9,8,0,0,0,"2021_8_31_5"
14.874,15.191,1326,191,794,221,2021,8,35,243,31,2,5,1013.2,14.5,14.6,14.4,93,13.4,13.8,0,0,3.2,14.5,14.7,14.7,13.4,0,0,0,0,0,0,0.04,0,92.8,0,14.4,0,4,9,11,0,0,0,"2021_8_31_5"
14.737,15.058,1660,9,2340,0,2021,8,35,243,31,2,6,1013.1,14.3,14.5,14.3,93,13.2,13.6,0,0,1.6,14.3,14.4,14.4,13.1,0,0,0,0,0,0,0.042,0,92.9,0,14,0,5,9,11,0,0,0,"2021_8_31_6"
14.303,14.785,1660,351,2397,347,2021,8,35,243,31,2,6,1013.3,14.1,14.3,14.1,94,13.2,13.5,0,0,1.6,14.1,14.3,14.3,13,0,0,0,0,0,0,0.044,0,92.4,0,13.8,0,6,9,11,0,0,0,"2021_8_31_6"
13.957,13.981,1072,14,1740,0,2021,8,35,243,31,2,6,1013.4,13.9,14.1,13.9,93,12.8,13.2,0,0,0,13.9,14,14,12.7,0,0,0,0,0,0,0.046,0,92.7,0,13.5,0,7,9,8,0,0,0,"2021_8_31_6"
13.951,14.165,1072,346,1816,343,2021,8,35,243,31,2,6,1013.8,13.6,13.9,13.6,94,12.7,13,0,0,0,13.6,13.8,13.8,12.4,0,0,1,0.02,5,0,0.049,0,93.4,0,13.5,0,0,9,8,0,0,0,"2021_8_31_6"
14.502,14.502,747,160,0,0,2021,8,35,243,31,2,7,1014.2,13.4,13.6,13.4,95,12.6,12.9,0,0,1.6,13.4,13.6,13.6,12.3,0,0,10,0.22,18,0,0.052,0,94.8,1,14,0,1,9,11,0,0,0,"2021_8_31_7"
15.336,15.466,747,200,520,270,2021,8,35,243,31,2,7,1014.4,13.9,13.9,13.4,96,13.3,13.6,0,0,0,13.9,14.2,14.2,13.8,0,0,25,0.54,37,0,0.046,0,94.8,2,14.7,0,2,9,8,0,0,0,"2021_8_31_7"
16.324,15.992,1326,169,600,180,2021,8,35,243,31,2,7,1014.4,14.9,14.9,14,95,14.2,14.4,0,0,3.2,14.9,15.2,15.2,15.7,0,0,54,1.16,62,0,0.035,0,92.5,4,15.6,0,3,9,11,0,0,0,"2021_8_31_7"
17.356,17.564,1326,191,794,221,2021,8,35,243,31,2,7,1014.8,16.3,16.3,14.9,89,14.5,15.1,1.6,0.4,4.8,16.3,16.6,16.6,18.2,0,0,105,2.26,148,0,0.021,0,90,7,16.9,0,4,12,10,0,0,0,"2021_8_31_7"
18.14,18.183,1660,9,2340,0,2021,8,35,243,31,2,8,1014.5,17.3,17.3,16.3,85,14.7,15.6,1.6,0.4,4.8,17.3,17.5,17.5,19.4,0,0,123,2.65,148,0.05,0.011,0,83.5,5,17.1,0,5,12,12,0,0,0,"2021_8_31_8"
18.12,19.414,1660,351,2397,347,2021,8,35,243,31,2,8,1014.9,17.5,17.5,17.2,86,15.1,15.9,3.2,0.8,6.4,17.5,17.8,17.8,20.2,0,0,157,3.38,246,0,0.009,0,81.7,11,18,0,6,13,10,0,0,0,"2021_8_31_8"
20.353,21.327,1072,14,1740,0,2021,8,35,243,31,2,8,1014.8,18.6,18.6,17.5,80,15,16.2,3.2,0.8,6.4,18.6,18.9,18.9,22.5,0,0,231,4.97,285,0,0,0.002,78.4,7,18.8,0,7,12,10,0,0,0,"2021_8_31_8"
19.645,20.929,1072,346,1816,343,2021,8,35,243,31,2,8,1014.5,18.6,18.7,18.6,79,14.9,16.1,1.6,0.4,3.2,18.6,18.9,18.9,20.8,0,0,143,3.08,149,0,0,0.003,79.1,8,18.9,0,0,4,0,0,0,0,"2021_8_31_8"
20.207,20.207,747,160,0,0,2021,8,35,243,31,2,9,1014.4,18.6,18.7,18.6,80,15,16.2,3.2,0.8,6.4,18.6,18.9,18.9,20.5,0,0,131,2.82,176,0.1,0,0.002,77.5,6,18.7,0,1,4,0,0,0,0,"2021_8_31_9"
19.39,19.463,747,200,520,270,2021,8,35,243,31,2,9,1014.6,18.7,18.7,18.6,79,14.9,16.1,1.6,0.4,4.8,18.7,19,19,20.3,0,0,121,2.6,141,0,0,0.003,76.6,8,18.7,0,2,4,0,0,0,0,"2021_8_31_9"
19.993,20.049,1326,169,600,180,2021,8,35,243,31,2,9,1014.9,19.1,19.1,18.7,77,14.9,16.2,1.6,0.4,3.2,19.1,19.4,19.4,21,0,0,149,3.21,153,0,0,0.008,74.2,9,19,0,3,4,0,0,0,0,"2021_8_31_9"
20.731,20.348,1326,191,794,221,2021,8,35,243,31,2,9,1015.1,19.6,19.6,19.1,76,15.2,16.6,1.6,0.4,6.4,19.6,19.9,19.9,22,0,0,180,3.87,206,0,0,0.013,72.4,13,19.6,0,4,4,0,0,0,0,"2021_8_31_9"
22.036,20.781,1660,9,2340,0,2021,8,35,243,31,2,10,1015.2,20.2,20.2,19.6,73,15.2,16.7,3.2,0.8,8,20.2,20.5,20.5,23.3,0,0,242,5.21,294,0.1,0,0.019,71.2,11,20.6,0,5,4,13,0,0,0,"2021_8_31_10"
21.443,21.333,1660,351,2397,347,2021,8,35,243,31,2,10,1015.3,20.4,20.4,20.2,74,15.6,17,1.6,0.4,4.8,20.4,20.8,20.8,23.1,0,0,208,4.47,260,0,0,0.021,68.2,14,20.7,0,6,13,10,0,0,0,"2021_8_31_10"
24.448,25.453,1072,14,1740,0,2021,8,35,243,31,2,10,1016.1,21.1,21.1,20.4,68,14.9,16.7,3.2,0.8,6.4,21.1,21.1,21.1,25,0,0,347,7.46,608,0,0,0.028,69.9,14,23.1,0,7,4,0,0,0,0,"2021_8_31_10"
23.487,27.608,1072,346,1816,343,2021,8,35,243,31,2,10,1015.7,21.5,21.5,21.1,71,16,17.6,3.2,0.8,8,21.5,21.7,21.7,25.9,0,0,376,8.09,619,0,0,0.033,59.3,19,23.9,0,0,11,12,0,0,0,"2021_8_31_10"
27.341,27.341,747,160,0,0,2021,8,35,243,31,2,11,1015.6,22.3,22.3,21.5,63,14.9,17,4.8,1.21,14.5,22.3,22.4,22.4,28.4,0,0,606,13.04,642,0.25,0,0.042,56.9,20,25,0,1,4,0,0,0,0,"2021_8_31_11"
27.601,27.069,747,200,520,270,2021,8,35,243,31,2,11,1015.5,22.4,22.4,22.3,64,15.3,17.3,4.8,1.21,12.9,22.4,22.6,22.6,28.5,0,0,592,12.73,717,0,0,0.043,57.3,22,25.8,0,2,4,0,0,0,0,"2021_8_31_11"
27.924,26.367,1326,169,600,180,2021,8,35,243,31,2,11,1015.3,22.9,22.9,22.4,63,15.5,17.5,3.2,0.8,8,22.9,23.2,23.2,29.4,0,0,689,14.82,728,0,0,0.047,54.1,21,26.3,0,3,4,1,0,0,0,"2021_8_31_11"
29.124,28.295,1326,191,794,221,2021,8,35,243,31,2,11,1014.8,22.6,23.1,22.5,64,15.4,17.4,4.8,1.21,11.3,22.6,22.8,22.8,28.8,0,0,642,13.81,751,0,0,0.044,55.6,22,25.6,0,4,5,5,0,0,0,"2021_8_31_11"
32.195,26.724,1660,9,2340,0,2021,8,35,243,31,2,12,1015.5,23,23.1,22.5,62,15.3,17.4,3.2,0.8,9.7,23,23.2,23.2,29.6,0,0,733,15.77,749,0.41,0,0.049,53,16,27.2,0,5,0,2,0,0,0,"2021_8_31_12"
30.654,28.725,1660,351,2397,347,2021,8,35,243,31,2,12,1015.3,23.6,23.6,23,63,16.1,18.1,3.2,0.8,12.9,23.6,23.9,23.9,30.3,0,0,729,15.68,733,0,0,0.054,58.4,22,27.9,0,6,4,4,0,0,0,"2021_8_31_12"
32.701,28.238,1072,14,1740,0,2021,8,35,243,31,2,12,1015.3,23.8,23.8,23.4,64,16.6,18.5,3.2,0.8,8,23.8,24.2,24.2,30.6,0,0,734,15.79,745,0,0,0.057,52.5,22,29.1,0,7,5,4,0,0,0,"2021_8_31_12"
32.626,31.176,1072,346,1816,343,2021,8,35,243,31,2,12,1015.3,23.9,23.9,23.8,59,15.4,17.6,3.2,0.8,9.7,23.9,24.1,24.1,30.4,0,0,751,16.15,766,0,0,0.058,54.9,24,29,0,0,1,2,0,0,0,"2021_8_31_12"
29.594,29.594,747,160,0,0,2021,8,35,243,31,2,13,1014.9,24.1,24.2,23.9,60,15.9,18,4.8,1.21,12.9,24.1,24.4,24.4,30.7,0,0,759,16.33,765,0.48,0,0.06,51.8,23,28.1,0,1,4,0,0,0,0,"2021_8_31_13"
28.653,29.494,747,200,520,270,2021,8,35,243,31,2,13,1015.1,24.3,24.3,24,62,16.5,18.5,4.8,1.21,14.5,24.3,24.6,24.6,31.1,0,0,765,16.46,770,0,0,0.062,46.4,24,29.8,0,2,12,0,0,0,0,"2021_8_31_13"
27.819,27.83,1326,169,600,180,2021,8,35,243,31,2,13,1015,24.5,24.5,24.2,63,17,18.9,4.8,1.21,11.3,24.5,24.9,24.9,31.4,0,0,771,16.58,775,0,0,0.064,44.6,35,31.1,0,3,0,11,0,0,0,"2021_8_31_13"
28.085,29.017,1326,191,794,221,2021,8,35,243,31,2,13,1015,24.8,24.9,24.5,57,15.7,18,4.8,1.21,11.3,24.8,25,25,31.4,0,0,780,16.78,786,0,0,0.068,45.4,59,30.5,0,4,4,1,0,0,0,"2021_8_31_13"
28.438,27.519,1660,9,2340,0,2021,8,35,243,31,2,14,1014.9,25.1,25.1,24.7,58,16.2,18.4,4.8,1.21,12.9,25.1,25.3,25.3,31.7,0,0,784,16.86,789,0.51,0,0.07,43,60,31.4,0,5,0,1,0,0,0,"2021_8_31_14"
28.362,28.391,1660,351,2397,347,2021,8,35,243,31,2,14,1015,25.4,25.4,25,57,16.3,18.6,4.8,1.21,12.9,25.4,25.7,25.7,32,0,0,784,16.86,789,0,0,0.074,41.6,58,31.1,0,6,4,1,0,0,0,"2021_8_31_14"
28.014,30.977,1072,14,1740,0,2021,8,35,243,31,2,14,1014.6,25.7,25.9,25.4,55,16,18.4,3.2,0.8,14.5,25.7,25.9,25.9,32.2,0,0,781,16.8,803,0,0,0.077,50.3,19,30.4,0,7,0,13,0,0,0,"2021_8_31_14"
25.563,27.089,1072,346,1816,343,2021,8,35,243,31,2,14,1014.7,25.8,25.8,25.3,61,17.7,19.7,3.2,0.8,6.4,25.8,26.3,26.3,32.7,0,0,748,16.09,816,0,0,0.078,45.6,9,30.3,0,0,13,15,0,0,0,"2021_8_31_14"
27.986,27.986,747,160,0,0,2021,8,35,243,31,2,15,1014.5,26.3,26.4,25.8,54,16.3,18.7,4.8,1.21,14.5,26.3,26.6,26.6,32.6,0,0,797,17.14,819,0.48,0,0.083,48.2,57,31.1,0,1,5,5,0,0,0,"2021_8_31_15"
32.251,32.119,747,200,520,270,2021,8,35,243,31,2,15,1014.5,26.1,26.3,26.1,54,16.1,18.5,4.8,1.21,14.5,26.1,26.3,26.3,32.1,0,0,752,16.18,817,0,0,0.081,43.6,18,32.3,0,2,5,5,0,0,0,"2021_8_31_15"
30.065,32.092,1326,169,600,180,2021,8,35,243,31,2,15,1014.8,25.7,26.1,25.2,60,17.4,19.4,4.8,1.21,11.3,25.7,26.1,26.1,29.4,0,0,295,6.35,770,0,0,0.077,46,12,31.6,0,3,7,6,0,0,0,"2021_8_31_15"
26.982,27.046,1326,191,794,221,2021,8,35,243,31,2,15,1014.8,26.8,26.8,25.7,55,17,19.3,3.2,0.8,12.9,26.8,27.2,27.2,33.1,0,0,695,14.95,740,0,0,0.088,49.6,50,31,0,4,15,3,0,0,0,"2021_8_31_15"
29.18,29.535,1660,9,2340,0,2021,8,35,243,31,2,16,1014.1,26.4,26.7,26.4,56,17,19.2,6.4,1.61,16.1,26.4,26.8,26.8,32.9,0,0,677,14.56,684,0.43,0,0.084,52.7,48,30.1,0,5,6,4,0,0,0,"2021_8_31_16"
32.554,30.222,1660,351,2397,347,2021,8,35,243,31,2,16,1014.1,26.4,26.6,26.3,54,16.4,18.8,6.4,1.61,12.9,26.4,26.7,26.7,32.9,0,0,662,14.24,680,0,0,0.084,46.2,44,30.4,0,6,1,0,0,0,0,"2021_8_31_16"
32.221,31.111,1072,14,1740,0,2021,8,35,243,31,2,16,1013.7,26.3,26.5,26.3,53,15.9,18.4,6.4,1.61,16.1,26.3,26.5,26.5,32.8,0,0,640,13.77,680,0,0,0.083,47.6,44,30.3,0,7,1,2,0,0,0,"2021_8_31_16"
30.128,29.515,1072,346,1816,343,2021,8,35,243,31,2,16,1014.1,26.7,26.7,26.2,54,16.6,19,4.8,1.21,12.9,26.7,27.1,27.1,33.5,0,0,604,12.99,617,0,0,0.087,48.1,39,30.3,0,0,1,2,0,0,0,"2021_8_31_16"
30.957,30.957,747,160,0,0,2021,8,35,243,31,2,17,1014.3,27.1,27.1,26.7,52,16.4,18.9,3.2,0.8,8,27.1,27.4,27.4,33.8,0,0,560,12.05,592,0.43,0,0.091,47.1,37,29.4,0,1,4,2,0,0,0,"2021_8_31_17"
30.705,30.93,747,200,520,270,2021,8,35,243,31,2,17,1014.2,27.7,27.7,27.1,52,16.9,19.4,1.6,0.4,6.4,27.7,28.1,28.1,34.8,0,0,545,11.72,561,0,0,0.097,48,33,29.6,0,2,6,4,0,0,0,"2021_8_31_17"
25.887,26.642,1326,169,600,180,2021,8,35,243,31,2,17,1012.7,24.9,27.7,24.9,56,15.6,17.9,4.8,1.21,17.7,24.9,25.1,25.1,28.9,0,0,263,5.66,536,0,0,0.069,50.4,5,25.5,0,3,14,15,0,0,0,"2021_8_31_17"
22.438,22.691,1326,191,794,221,2021,8,35,243,31,2,17,1013.4,22.2,24.9,22.2,64,15,17,6.4,1.61,19.3,22.2,22.2,22.2,23.2,0,0,93,2,113,0,0,0.04,59.6,4,22.9,0,4,15,15,0,0,0,"2021_8_31_17"
21.334,21.869,1660,9,2340,0,2021,8,35,243,31,2,18,1013.1,20.3,22.1,20.3,76,15.9,17.2,8,2.01,16.1,20.3,20.8,20.8,21.7,0.6,10.6,86,1.85,90,0.2,0,0.02,70.7,5,21.6,0,5,14,9,0,0,0,"2021_8_31_18"
21.8,22.85,1660,351,2397,347,2021,8,35,243,31,2,18,1013.8,20.6,20.6,20.2,79,16.8,18,4.8,1.21,11.3,20.6,21.3,21.3,23.8,0.2,2.2,151,3.25,292,0,0,0.024,74.3,14,22.1,0,6,14,14,0,0,0,"2021_8_31_18"
23.845,25.084,1072,14,1740,0,2021,8,35,243,31,2,18,1014.9,22.1,22.1,20.6,74,17.3,18.6,4.8,1.21,9.7,22.1,22.6,22.6,27.4,0,0,280,6.02,318,0,0,0.039,70.4,8,23.6,0,7,11,12,0,0,0,"2021_8_31_18"
23.48,23.551,1072,346,1816,343,2021,8,35,243,31,2,18,1014.3,22.8,22.8,22.1,67,16.4,18.1,4.8,1.21,11.3,22.8,23.2,23.2,25.2,0,0,118,2.54,213,0,0,0.047,64.8,3,22.7,0,0,11,11,0,0,0,"2021_8_31_18"
23.064,23.064,747,160,0,0,2021,8,35,243,31,2,19,1013.9,22.5,22.8,22.5,70,16.8,18.3,8,2.01,16.1,22.5,22.9,22.9,23.5,0,0,55,1.18,72,0.13,0,0.043,68.5,2,21.8,0,1,13,10,0,0,0,"2021_8_31_19"
21.963,21.915,747,200,520,270,2021,8,35,243,31,2,19,1013.6,21.3,22.5,21.3,73,16.2,17.7,12.9,3.22,24.1,20.8,21.6,21.2,21.4,0,0,43,0.92,46,0,0,0.031,67.7,1,20.8,0,2,4,0,0,0,0,"2021_8_31_19"
20.872,20.88,1326,169,600,180,2021,8,35,243,31,2,19,1013.6,20.5,21.3,20.5,71,15.1,16.7,12.9,3.22,24.1,20.1,20.8,20.4,19.6,0,0,33,0.71,40,0,0,0.023,64.8,1,20,0,3,4,11,0,0,0,"2021_8_31_19"
20.287,20.22,1326,191,794,221,2021,8,35,243,31,2,19,1014,19.9,20.5,19.9,75,15.4,16.8,11.3,2.82,19.3,19.9,20.3,20.3,19.3,0,0,17,0.37,28,0,0,0.017,72.8,0,19.3,0,4,4,0,0,0,0,"2021_8_31_19"
19.375,19.532,1660,9,2340,0,2021,8,35,243,31,2,20,1014.4,19.3,19.9,19.3,79,15.6,16.8,4.8,1.21,16.1,19.3,19.8,19.8,18.6,0,0,4,0.09,12,0.05,0,0.01,77.1,0,18.8,0,5,13,10,0,0,0,"2021_8_31_20"
19.142,19.349,1660,351,2397,347,2021,8,35,243,31,2,20,1014.8,19.1,19.3,19,82,15.9,16.9,4.8,1.21,12.9,19.1,19.6,19.6,18.3,0,0,0,0,0,0,0,0.008,80.4,0,18.4,0,6,12,0,0,0,0,"2021_8_31_20"
18.403,18.424,1072,14,1740,0,2021,8,35,243,31,2,20,1014.6,18.4,19.1,18.4,84,15.7,16.6,1.6,0.4,4.8,18.4,18.8,18.8,17.6,0,0,0,0,0,0,0,0.001,83.5,0,17.9,0,7,4,0,0,0,0,"2021_8_31_20"
17.781,17.916,1072,346,1816,343,2021,8,35,243,31,2,20,1014.4,17.9,18.4,17.9,86,15.6,16.3,0,0,1.6,17.9,18.3,18.3,17.1,0,0,0,0,0,0,0.004,0,86.5,0,17.2,0,0,9,10,0,0,0,"2021_8_31_20"
17.469,17.469,747,160,0,0,2021,8,35,243,31,2,21,1014.9,17.5,17.9,17.5,88,15.5,16.2,1.6,0.4,3.2,17.5,17.9,17.9,16.6,0,0,0,0,0,0,0.009,0,87.9,0,17.1,0,1,14,10,0,0,0,"2021_8_31_21"
17.842,17.651,747,200,520,270,2021,8,35,243,31,2,21,1015.1,17.3,17.5,17.3,89,15.4,16.1,1.6,0.4,3.2,17.3,17.6,17.6,16.4,0,0,0,0,0,0,0.011,0,89.3,0,17.2,0,2,8,15,0,0,0,"2021_8_31_21"
17.39,17.562,1326,169,600,180,2021,8,35,243,31,2,21,1015.4,17.3,17.3,17.2,89,15.5,16.1,0,0,3.2,17.3,17.7,17.7,16.5,0,0,0,0,0,0,0.01,0,89.4,0,16.9,0,3,9,16,0,0,0,"2021_8_31_21"
17.089,17.303,1326,191,794,221,2021,8,35,243,31,2,21,1015,17.1,17.4,17.1,88,15.1,15.7,0,0,3.2,17.1,17.4,17.4,16.1,0,0,0,0,0,0,0.013,0,89.6,0,16.6,0,4,9,6,0,0,0,"2021_8_31_21"
16.554,16.932,1660,9,2340,0,2021,8,35,243,31,2,22,1015.2,16.6,17.1,16.6,90,15,15.5,0,0,3.2,16.6,16.9,16.9,15.7,0,0,0,0,0,0,0.018,0,90.8,0,16.2,0,5,9,4,0,0,0,"2021_8_31_22"
16.436,16.802,1660,351,2397,347,2021,8,35,243,31,2,22,1015.6,16.4,16.6,16.4,91,15,15.5,0,0,1.6,16.4,16.8,16.8,15.5,0,0,0,0,0,0,0.02,0,90.8,0,16,0,6,9,3,0,0,0,"2021_8_31_22"
16.458,16.613,1072,14,1740,0,2021,8,35,243,31,2,22,1016,16.4,16.4,16.3,92,15.1,15.5,0,0,3.2,16.4,16.7,16.7,15.5,0,0,0,0,0,0,0.02,0,91.2,0,16.1,0,7,9,11,0,0,0,"2021_8_31_22"
16.667,16.772,1072,346,1816,343,2021,8,35,243,31,2,22,1015.9,16.2,16.4,16.2,91,14.8,15.3,0,0,3.2,16.2,16.5,16.5,15.2,0,0,0,0,0,0,0.022,0,92.1,0,16.1,0,0,9,11,0,0,0,"2021_8_31_22"
16.845,16.845,747,160,0,0,2021,8,35,243,31,2,23,1016.3,16.3,16.3,16.2,91,14.9,15.4,0,0,1.6,16.3,16.6,16.6,15.4,0,0,0,0,0,0,0.021,0,92,0,16.2,0,1,9,11,0,0,0,"2021_8_31_23"
16.512,16.515,747,200,520,270,2021,8,35,243,31,2,23,1016.2,16.1,16.3,16,92,14.8,15.2,0,0,0,16.1,16.3,16.3,15.1,0,0,0,0,0,0,0.024,0,92,0,15.9,0,2,9,8,0,0,0,"2021_8_31_23"
16.686,16.753,1326,169,600,180,2021,8,35,243,31,2,23,1016.2,15.8,16.1,15.8,92,14.5,15,0,0,0,15.8,16.1,16.1,14.8,0,0,0,0,0,0,0.026,0,92.9,0,15.8,0,3,9,8,0,0,0,"2021_8_31_23"
16.274,16.572,1326,191,794,221,2021,8,35,243,31,2,23,1016.5,15.7,15.8,15.7,93,14.6,15,0,0,0,15.7,16,16,14.7,0,0,0,0,0,0,0.027,0,92.4,0,15.7,0,4,9,8,0,0,0,"2021_8_31_23"
16.093,16.287,1660,9,2340,0,2021,9,35,244,1,3,0,1016.6,15.8,15.8,15.7,93,14.6,15,0,0,1.6,15.8,16.1,16.1,14.8,0,0,0,0,0,0,0.027,0,91.6,0,15.6,0,5,9,11,0,0,0,"2021_9_1_0"
15.849,16.315,1660,351,2397,347,2021,9,35,244,1,3,0,1016.5,15.5,15.8,15.5,91,14,14.6,0,0,3.2,15.5,15.7,15.7,14.4,0,0,0,0,0,0,0.03,0,92.2,0,15.3,0,6,9,11,0,0,0,"2021_9_1_0"
15.621,15.558,1072,14,1740,0,2021,9,35,244,1,3,0,1016.2,15.1,15.5,15.1,93,13.9,14.3,0,0,1.6,15.1,15.3,15.3,14,0,0,0,0,0,0,0.034,0,92.5,0,15.1,0,7,9,11,0,0,0,"2021_9_1_0"
15.505,15.417,1072,346,1816,343,2021,9,35,244,1,3,0,1016.6,15,15.1,14.9,94,14,14.4,0,0,0,15,15.2,15.2,13.9,0,0,0,0,0,0,0.035,0,92.2,0,15.1,0,0,9,8,0,0,0,"2021_9_1_0"
15.317,15.317,747,160,0,0,2021,9,35,244,1,3,1,1016.9,15.1,15.2,14.9,94,14.2,14.5,0,0,3.2,15.1,15.4,15.4,14.1,0,0,0,0,0,0,0.034,0,92.5,0,14.8,0,1,9,11,0,0,0,"2021_9_1_1"
15.166,15.466,747,200,520,270,2021,9,35,244,1,3,1,1016.7,14.9,15.1,14.9,94,13.9,14.3,0,0,1.6,14.9,15.1,15.1,13.8,0,0,0,0,0,0,0.036,0,92.8,0,14.7,0,2,9,11,0,0,0,"2021_9_1_1"
15.443,15.481,1326,169,600,180,2021,9,35,244,1,3,1,1016.5,14.6,14.9,14.6,93,13.4,13.9,1.6,0.4,6.4,14.6,14.7,14.7,13.4,0,0,0,0,0,0,0.039,0,93.9,0,14.6,0,3,12,13,0,0,0,"2021_9_1_1"
15.055,15.24,1326,191,794,221,2021,9,35,244,1,3,1,1016.8,14.3,14.6,14.3,94,13.4,13.7,0,0,0,14.3,14.5,14.5,13.2,0,0,0,0,0,0,0.042,0,93.3,0,14.5,0,4,9,8,0,0,0,"2021_9_1_1"
14.957,15.106,1660,9,2340,0,2021,9,35,244,1,3,2,1017,14.6,14.6,14.3,95,13.8,14.1,0,0,1.6,14.6,14.8,14.8,13.5,0,0,0,0,0,0,0.039,0,93.3,0,14.5,0,5,9,1,0,0,0,"2021_9_1_2"
14.883,15.321,1660,351,2397,347,2021,9,35,244,1,3,2,1016.7,14.2,14.6,14.2,93,13.1,13.5,0,0,1.6,14.2,14.4,14.4,13,0,0,0,0,0,0,0.043,0,93.3,0,14.4,0,6,9,10,0,0,0,"2021_9_1_2"
14.864,14.655,1072,14,1740,0,2021,9,35,244,1,3,2,1017,14.1,14.3,14.1,95,13.3,13.6,0,0,3.2,14.1,14.3,14.3,13,0,0,0,0,0,0,0.044,0,92.9,0,14.2,0,7,9,9,0,0,0,"2021_9_1_2"
14.689,14.78,1072,346,1816,343,2021,9,35,244,1,3,2,1016.8,14,14.2,14,94,13,13.4,0,0,1.6,14,14.2,14.2,12.8,0,0,0,0,0,0,0.045,0,93.7,0,14.1,0,0,9,16,0,0,0,"2021_9_1_2"
14.402,14.402,747,160,0,0,2021,9,35,244,1,3,3,1017,13.9,14.1,13.9,94,13,13.4,0,0,0,13.9,14.1,14.1,12.7,0,0,0,0,0,0,0.046,0,93.3,0,13.9,0,1,9,8,0,0,0,"2021_9_1_3"
14.217,14.646,747,200,520,270,2021,9,35,244,1,3,3,1017.1,13.8,14,13.8,95,13,13.3,0,0,0,13.8,13.9,13.9,12.6,0,0,0,0,0,0,0.047,0,93.6,0,13.7,0,2,9,8,0,0,0,"2021_9_1_3"
14.141,14.155,1326,169,600,180,2021,9,35,244,1,3,3,1017.3,13.8,13.9,13.8,95,13,13.3,0,0,1.6,13.8,14,14,12.7,0,0,0,0,0,0,0.047,0,94,0,13.6,0,3,9,16,0,0,0,"2021_9_1_3"
14.02,14.557,1326,191,794,221,2021,9,35,244,1,3,3,1017.1,13.7,13.8,13.7,94,12.7,13.1,0,0,1.6,13.7,13.8,13.8,12.4,0,0,0,0,0,0,0.049,0,94,0,13.6,0,4,9,9,0,0,0,"2021_9_1_3"
14.029,14.162,1660,9,2340,0,2021,9,35,244,1,3,4,1017.3,13.5,13.7,13.4,95,12.7,13,0,0,0,13.5,13.7,13.7,12.3,0,0,0,0,0,0,0.05,0,94,0,13.5,0,5,9,8,0,0,0,"2021_9_1_4"
13.78,14.185,1660,351,2397,347,2021,9,35,244,1,3,4,1017.4,13.5,13.6,13.5,95,12.7,13,0,0,0,13.5,13.7,13.7,12.3,0,0,0,0,0,0,0.05,0,95.2,0,13.4,0,6,9,8,0,0,0,"2021_9_1_4"
14.113,13.868,1072,14,1740,0,2021,9,35,244,1,3,4,1017.4,13.2,13.5,13.2,95,12.4,12.7,0,0,1.6,13.2,13.4,13.4,12,0,0,0,0,0,0,0.053,0,94.7,0,13.6,0,7,9,16,0,0,0,"2021_9_1_4"
13.765,13.781,1072,346,1816,343,2021,9,35,244,1,3,4,1017.3,13.3,13.4,13.2,95,12.5,12.8,0,0,0,13.3,13.4,13.4,12.1,0,0,0,0,0,0,0.053,0,94.3,0,13.3,0,0,9,8,0,0,0,"2021_9_1_4"
13.69,13.69,747,160,0,0,2021,9,35,244,1,3,5,1017.4,13.3,13.4,13.2,95,12.5,12.9,0,0,1.6,13.3,13.5,13.5,12.1,0,0,0,0,0,0,0.052,0,94.1,0,13.2,0,1,9,16,0,0,0,"2021_9_1_5"
13.52,13.921,747,200,520,270,2021,9,35,244,1,3,5,1017.6,13.1,13.3,13.1,95,12.3,12.6,0,0,1.6,13.1,13.3,13.3,11.9,0,0,0,0,0,0,0.054,0,94.3,0,13,0,2,9,14,0,0,0,"2021_9_1_5"
13.431,13.598,1326,169,600,180,2021,9,35,244,1,3,5,1017.5,13.1,13.1,13.1,95,12.3,12.6,0,0,1.6,13.1,13.3,13.3,11.9,0,0,0,0,0,0,0.054,0,95,0,13,0,3,9,12,0,0,0,"2021_9_1_5"
13.418,13.742,1326,191,794,221,2021,9,35,244,1,3,5,1017.7,12.8,13.1,12.8,95,12,12.3,0,0,0,12.8,12.9,12.9,11.5,0,0,0,0,0,0,0.058,0,94.9,0,12.9,0,4,9,8,0,0,0,"2021_9_1_5"
13.24,13.494,1660,9,2340,0,2021,9,35,244,1,3,6,1017.9,12.7,12.8,12.6,96,12.1,12.3,0,0,1.6,12.7,12.9,12.9,11.5,0,0,0,0,0,0,0.058,0,94.6,0,12.8,0,5,9,12,0,0,0,"2021_9_1_6"
13.4,13.625,1660,351,2397,347,2021,9,35,244,1,3,6,1018.2,12.9,13,12.7,96,12.3,12.6,0,0,1.6,12.9,13.2,13.2,11.8,0,0,0,0,0,0,0.056,0,94.5,0,12.7,0,6,9,12,0,0,0,"2021_9_1_6"
13.509,13.21,1072,14,1740,0,2021,9,35,244,1,3,6,1018.1,12.9,13,12.9,96,12.3,12.6,0,0,3.2,12.9,13.2,13.2,11.8,0,0,0,0,0,0,0.056,0,95.3,0,12.7,0,7,9,12,0,0,0,"2021_9_1_6"
13.428,13.341,1072,346,1816,343,2021,9,35,244,1,3,6,1018.4,13,13,12.9,96,12.4,12.6,0,0,1.6,13,13.2,13.2,11.8,0,0,1,0.02,5,0,0.056,0,95.6,0,12.8,0,0,9,9,0,0,0,"2021_9_1_6"
13.679,13.679,747,160,0,0,2021,9,35,244,1,3,7,1018.2,12.9,13.1,12.9,95,12.2,12.5,0,0,0,12.9,13.1,13.1,11.8,0,0,9,0.19,12,0,0.056,0,95.8,0,12.9,0,1,9,8,0,0,0,"2021_9_1_7"
14.168,14.256,747,200,520,270,2021,9,35,244,1,3,7,1018.8,13,13,12.9,95,12.2,12.5,0,0,1.6,13,13.2,13.2,12.6,0,0,17,0.37,19,0,0.056,0,96.8,1,13.5,0,2,9,9,0,0,0,"2021_9_1_7"
15.1,14.851,1326,169,600,180,2021,9,35,244,1,3,7,1019.5,13.6,13.6,13,96,13,13.2,0,0,1.6,13.6,13.8,13.8,13.5,0,0,27,0.58,39,0,0.049,0,96.5,2,14.2,0,3,9,9,0,0,0,"2021_9_1_7"
15.769,15.879,1326,191,794,221,2021,9,35,244,1,3,7,1019.6,15,15,13.6,95,14.2,14.5,0,0,0,15,15.3,15.3,15.8,0,0,58,1.25,77,0,0.035,0,95,3,15.2,0,4,9,8,0,0,0,"2021_9_1_7"
17.397,16.88,1660,9,2340,0,2021,9,35,244,1,3,8,1019.3,16.6,16.6,15.1,89,14.7,15.4,0,0,0,16.6,16.8,16.8,18.1,0,0,96,2.07,113,0.03,0.019,0,93.2,4,16.4,0,5,9,8,0,0,0,"2021_9_1_8"
18.571,18.681,1660,351,2397,347,2021,9,35,244,1,3,8,1019.6,17.6,17.6,16.6,87,15.4,16.1,0,0,1.6,17.6,18,18,20,0,0,137,2.95,158,0,0.008,0,88.4,5,17.4,0,6,9,11,0,0,0,"2021_9_1_8"
20.817,19.604,1072,14,1740,0,2021,9,35,244,1,3,8,1019.6,17.7,17.7,17.6,87,15.5,16.2,1.6,0.4,4.8,17.7,18,18,20.8,0,0,181,3.89,202,0,0.007,0,86.9,6,18.7,0,7,0,4,0,0,0,"2021_9_1_8"
23.324,24.756,1072,346,1816,343,2021,9,35,244,1,3,8,1019.1,18.7,18.7,17.7,85,16.1,17,3.2,0.8,6.4,18.7,19.2,19.2,22.6,0,0,226,4.86,250,0,0,0.004,83.1,7,20,0,0,5,4,0,0,0,"2021_9_1_8"
24.56,24.56,747,160,0,0,2021,9,35,244,1,3,9,1019.1,19.3,19.3,18.7,83,16.3,17.2,3.2,0.8,6.4,19.3,19.9,19.9,23.8,0,0,270,5.81,292,0.13,0,0.01,79.4,8,21,0,1,2,3,0,0,0,"2021_9_1_9"
27.674,26.394,747,200,520,270,2021,9,35,244,1,3,9,1019.1,19.9,19.9,19.3,80,16.4,17.5,1.6,0.4,4.8,19.9,20.6,20.6,24.9,0,0,312,6.71,330,0,0,0.017,75.2,10,22,0,2,1,3,0,0,0,"2021_9_1_9"
27.796,23.345,1326,169,600,180,2021,9,35,244,1,3,9,1019.4,20.9,20.9,19.9,76,16.6,17.8,1.6,0.4,3.2,20.9,21.5,21.5,26.2,0,0,356,7.66,380,0,0,0.027,73.2,11,22.9,0,3,2,2,0,0,0,"2021_9_1_9"
27.796,23.345,1326,169,600,180,2021,9,35,244,1,3,9,1019.4,20.9,20.9,19.9,76,16.6,17.8,1.6,0.4,3.2,20.9,21.5,21.5,26.2,0,0,356,7.66,380,0,0,0.027,73.2,11,22.9,0,3,2,2,0,0,0,"2021_9_1_9"
27.796,23.345,1326,169,600,180,2021,9,35,244,1,3,9,1019.4,20.9,20.9,19.9,76,16.6,17.8,1.6,0.4,3.2,20.9,21.5,21.5,26.2,0,0,356,7.66,380,0,0,0.027,73.2,11,22.9,0,3,2,2,0,0,0,"2021_9_1_9"
27.796,23.345,1326,169,600,180,2021,9,35,244,1,3,9,1019.4,20.9,20.9,19.9,76,16.6,17.8,1.6,0.4,3.2,20.9,21.5,21.5,26.2,0,0,356,7.66,380,0,0,0.027,73.2,11,22.9,0,3,2,2,0,0,0,"2021_9_1_9"
26.81,27.256,1326,191,794,221,2021,9,35,244,1,3,9,1019.3,21.9,21.9,20.9,74,17.1,18.5,1.6,0.4,4.8,21.9,22.4,22.4,27.5,0,0,401,8.63,418,0,0,0.038,68,12,23.2,0,4,5,13,0,0,0,"2021_9_1_9"
29.671,24.24,1660,9,2340,0,2021,9,35,244,1,3,10,1019.2,22.7,22.8,21.9,66,16,17.9,1.6,0.4,8,22.7,23.1,23.1,28.3,0,0,444,9.55,466,0.23,0,0.046,64.5,13,24.3,0,5,0,13,0,0,0,"2021_9_1_10"
30.416,26.294,1660,351,2397,347,2021,9,35,244,1,3,10,1019,22.8,22.9,22.7,72,17.5,19,3.2,0.8,11.3,22.8,23.4,23.4,29,0,0,486,10.45,501,0,0,0.047,60.5,14,25,0,6,3,0,0,0,0,"2021_9_1_10"
29.878,27.496,1072,14,1740,0,2021,9,35,244,1,3,10,1019.4,23.6,23.6,22.8,66,16.8,18.6,1.6,0.4,8,23.6,24,24,29.8,0,0,523,11.25,540,0,0,0.054,63.7,15,25.6,0,7,3,13,0,0,0,"2021_9_1_10"
31.375,31.989,1072,346,1816,343,2021,9,35,244,1,3,10,1019.2,23.8,23.8,23.6,65,16.8,18.6,1.6,0.4,4.8,23.8,24.2,24.2,30.1,0,0,560,12.05,577,0,0,0.057,55.5,16,26.9,0,0,0,13,0,0,0,"2021_9_1_10"
31.949,31.949,747,160,0,0,2021,9,35,244,1,3,11,1019.2,23.7,23.8,23.6,66,16.9,18.7,3.2,0.8,8,23.7,24.2,24.2,30.2,0,0,596,12.82,613,0.33,0,0.056,57.4,17,27.3,0,1,1,3,0,0,0,"2021_9_1_11"
31.187,30.631,747,200,520,270,2021,9,35,244,1,3,11,1019.3,24.2,24.2,23.7,65,17.2,19,3.2,0.8,9.7,24.2,24.7,24.7,30.9,0,0,627,13.49,638,0,0,0.061,63.9,18,27.7,0,2,4,3,0,0,0,"2021_9_1_11"
30.909,28.849,1326,169,600,180,2021,9,35,244,1,3,11,1019.3,24.4,24.4,24.2,65,17.4,19.2,3.2,0.8,9.7,24.4,24.9,24.9,31.1,0,0,652,14.03,670,0,0,0.063,57.5,19,28.2,0,3,4,1,0,0,0,"2021_9_1_11"
31.284,30.377,1326,191,794,221,2021,9,35,244,1,3,11,1019.4,24.6,24.6,24.3,64,17.3,19.2,6.4,1.61,12.9,24.6,25,25,31.3,0,0,677,14.56,684,0,0,0.065,55.7,20,28.6,0,4,1,2,0,0,0,"2021_9_1_11"
32.404,28.034,1660,9,2340,0,2021,9,35,244,1,3,12,1019.3,24.6,24.6,24.4,61,16.5,18.6,6.4,1.61,12.9,24.6,24.9,24.9,31.2,0,0,720,15.49,737,0.43,0,0.065,54.3,22,29.6,0,5,1,3,0,0,0,"2021_9_1_12"
32.649,29.268,1660,351,2397,347,2021,9,35,244,1,3,12,1019.3,25.1,25.1,24.6,61,17,19,4.8,1.21,12.9,25.1,25.4,25.4,31.8,0,0,754,16.22,768,0,0,0.07,47.4,22,29.6,0,6,0,2,0,0,0,"2021_9_1_12"
32.335,29.127,1072,14,1740,0,2021,9,35,244,1,3,12,1019.6,25.4,25.4,24.8,60,17.1,19.1,6.4,1.61,14.5,25.4,25.7,25.7,32.2,0,0,770,16.56,784,0,0,0.073,49.4,23,29.8,0,7,2,5,0,0,0,"2021_9_1_12"
33.057,30.854,1072,346,1816,343,2021,9,35,244,1,3,12,1019.2,25.4,25.6,25.4,61,17.4,19.4,6.4,1.61,16.1,25.4,25.9,25.9,32.4,0,0,774,16.65,795,0,0,0.074,55.9,24,30.2,0,0,4,13,0,0,0,"2021_9_1_12"
30.383,30.383,747,160,0,0,2021,9,35,244,1,3,13,1018.3,24.8,25.4,24.8,59,16.3,18.5,8,2.01,16.1,24.8,25.1,25.1,30.6,0,0,562,12.09,812,0.48,0,0.068,50.1,24,29.2,0,1,5,5,0,0,0,"2021_9_1_13"
30.585,31.295,747,200,520,270,2021,9,35,244,1,3,13,1019.3,25.4,25.5,24.8,57,16.3,18.6,6.4,1.61,19.3,25.4,25.7,25.7,32.1,0,0,740,15.92,814,0,0,0.074,46.4,26,30.6,0,2,5,3,0,0,0,"2021_9_1_13"
30.602,29.529,1326,169,600,180,2021,9,35,244,1,3,13,1019.5,26,26,25.4,56,16.5,18.8,6.4,1.61,14.5,26,26.3,26.3,32.7,0,0,806,17.34,824,0,0,0.08,47.5,17,30.8,0,3,1,1,0,0,0,"2021_9_1_13"
26.498,26.396,1326,191,794,221,2021,9,35,244,1,3,13,1018.7,26,26.3,25.9,56,16.5,18.8,4.8,1.21,9.7,26,26.3,26.3,32.2,0,0,614,13.21,835,0,0,0.08,52.5,20,28.6,0,4,2,13,0,0,0,"2021_9_1_13"
30.04,27.229,1660,9,2340,0,2021,9,35,244,1,3,14,1019.4,26.2,26.2,25.7,55,16.5,18.8,4.8,1.21,12.9,26.2,26.5,26.5,32.1,0,0,563,12.11,816,0.46,0,0.082,45.4,61,30.6,0,5,2,1,0,0,0,"2021_9_1_14"
30.167,29.742,1660,351,2397,347,2021,9,35,244,1,3,14,1019.3,26.6,26.6,26.2,54,16.5,18.9,6.4,1.61,14.5,26.6,26.9,26.9,33.1,0,0,795,17.1,823,0,0,0.086,43.5,59,31.9,0,6,0,1,0,0,0,"2021_9_1_14"
29.607,30.985,1072,14,1740,0,2021,9,35,244,1,3,14,1019.2,26.9,27.1,26.6,49,15.3,18.1,4.8,1.21,12.9,26.9,27,27,33.3,0,0,766,16.48,780,0,0,0.09,44.9,37,31.4,0,7,1,13,0,0,0,"2021_9_1_14"
31.028,29.806,1072,346,1816,343,2021,9,35,244,1,3,14,1019.2,26.9,26.9,26.8,49,15.3,18,4.8,1.21,11.3,26.9,26.9,26.9,33.2,0,0,753,16.2,761,0,0,0.089,40.6,50,32.9,0,0,0,2,0,0,0,"2021_9_1_14"
26.219,26.219,747,160,0,0,2021,9,35,244,1,3,15,1018.1,26.6,26.9,26.6,51,15.6,18.3,1.6,0.4,4.8,26.6,26.8,26.8,28.5,0,0,190,4.09,257,0.43,0,0.086,53,50,27.4,0,1,11,16,0,0,0,"2021_9_1_15"
28.544,28.853,747,200,520,270,2021,9,35,244,1,3,15,1018.8,27.1,27.2,26.6,52,16.4,18.9,3.2,0.8,11.3,27.1,27.3,27.3,33.6,0,0,649,13.96,712,0,0,0.091,41.5,46,30,0,2,2,2,0,0,0,"2021_9_1_15"
29.822,31.499,1326,169,600,180,2021,9,35,244,1,3,15,1018.3,26.9,27.4,26.9,48,15,17.8,4.8,1.21,11.3,26.9,26.9,26.9,32.7,0,0,559,12.02,701,0,0,0.09,44.8,51,31.5,0,3,4,13,0,0,0,"2021_9_1_15"
30.101,29.413,1326,191,794,221,2021,9,35,244,1,3,15,1019,26.9,27,26.7,51,15.9,18.5,3.2,0.8,8,26.9,27.2,27.2,32.8,0,0,526,11.31,649,0,0,0.09,38.6,46,32,0,4,4,13,0,0,0,"2021_9_1_15"
29.51,28.79,1660,9,2340,0,2021,9,35,244,1,3,16,1018.9,27.6,27.6,27,46,14.9,17.9,4.8,1.21,11.3,27.6,27.5,27.5,33.6,0,0,620,13.34,642,0.41,0,0.097,40.5,44,30.6,0,5,13,13,0,0,0,"2021_9_1_16"
29.796,30.361,1660,351,2397,347,2021,9,35,244,1,3,16,1018.8,27.8,27.9,27.6,44,14.4,17.5,3.2,0.8,11.3,27.8,27.5,27.5,33.5,0,0,602,12.95,619,0,0,0.098,41.3,38,30.2,0,6,13,0,0,0,0,"2021_9_1_16"
29.651,30.627,1072,14,1740,0,2021,9,35,244,1,3,16,1018.5,27.6,27.8,27.6,48,15.6,18.4,4.8,1.21,9.7,27.6,27.7,27.7,33.7,0,0,538,11.57,548,0,0,0.097,46.2,38,29.4,0,7,12,11,0,0,0,"2021_9_1_16"
29.501,28.808,1072,346,1816,343,2021,9,35,244,1,3,16,1018.2,27.6,27.8,27.5,45,14.6,17.5,4.8,1.21,11.3,27.6,27.3,27.3,33.2,0,0,507,10.91,533,0,0,0.096,45.4,33,29.2,0,0,0,11,0,0,0,"2021_9_1_16"
29.643,29.643,747,160,0,0,2021,9,35,244,1,3,17,1018.1,27.5,27.6,27.4,45,14.5,17.5,4.8,1.21,12.9,27.5,27.3,27.3,33,0,0,463,9.96,489,0.38,0,0.095,42.7,31,28.4,0,1,3,1,0,0,0,"2021_9_1_17"
30.181,30.939,747,200,520,270,2021,9,35,244,1,3,17,1018.2,27.6,27.6,27.4,46,14.9,17.9,3.2,0.8,9.7,27.6,27.5,27.5,33,0,0,425,9.14,448,0,0,0.097,43.8,25,28.3,0,2,0,1,0,0,0,"2021_9_1_17"
28.627,33.984,1326,169,600,180,2021,9,35,244,1,3,17,1017.9,27.4,27.7,27.4,46,14.8,17.7,6.4,1.61,12.9,27.4,27.3,27.3,32.6,0,0,377,8.11,404,0,0,0.095,42.7,12,27.5,0,3,4,0,0,0,0,"2021_9_1_17"
28.493,27.259,1326,191,794,221,2021,9,35,244,1,3,17,1018,27.3,27.4,27.3,45,14.4,17.4,4.8,1.21,11.3,27.3,27.1,27.1,32,0,0,339,7.29,359,0,0,0.094,49.9,10,26.9,0,4,4,0,0,0,0,"2021_9_1_17"
29.11,26.767,1660,9,2340,0,2021,9,35,244,1,3,18,1018.1,27.4,27.4,27.3,45,14.5,17.5,3.2,0.8,8,27.4,27.2,27.2,31.8,0,0,297,6.39,315,0.28,0,0.095,53.4,8,26.6,0,5,4,13,0,0,0,"2021_9_1_18"
27.378,26.668,1660,351,2397,347,2021,9,35,244,1,3,18,1018,27.3,27.4,27.3,49,15.7,18.4,3.2,0.8,6.4,27.3,27.4,27.4,31.6,0,0,248,5.33,271,0,0,0.094,49.2,7,26,0,6,4,0,0,0,0,"2021_9_1_18"
26.552,25.771,1072,14,1740,0,2021,9,35,244,1,3,18,1017.9,27.1,27.3,27.1,50,15.7,18.4,3.2,0.8,6.4,27.1,27.2,27.2,30.7,0,0,205,4.41,223,0,0,0.091,51.6,5,25.5,0,7,4,0,0,0,0,"2021_9_1_18"
25.469,25.201,1072,346,1816,343,2021,9,35,244,1,3,18,1017.8,26.8,27.1,26.8,46,14.2,17.2,3.2,0.8,6.4,26.8,26.5,26.5,29.1,0,0,155,3.33,179,0,0,0.088,50.7,4,24.9,0,0,4,0,0,0,0,"2021_9_1_18"
24.466,24.466,747,160,0,0,2021,9,35,244,1,3,19,1017.8,26.5,26.8,26.4,50,15.2,17.9,1.6,0.4,4.8,26.5,26.6,26.6,28.3,0,0,108,2.32,130,0.15,0,0.085,57.1,3,24,0,1,4,0,0,0,0,"2021_9_1_19"
23.561,23.225,747,200,520,270,2021,9,35,244,1,3,19,1017.5,25.8,26.5,25.8,54,15.8,18.3,0,0,3.2,25.8,26,26,25.5,0,0,66,1.42,84,0,0,0.078,66.5,2,22.8,0,2,9,0,0,0,0,"2021_9_1_19"
22.309,22.25,1326,169,600,180,2021,9,35,244,1,3,19,1017.3,24.9,25.8,24.9,59,16.3,18.5,0,0,1.6,24.9,25.1,25.1,24.3,0,0,34,0.73,47,0,0,0.068,73.7,1,21.7,0,3,9,0,0,0,0,"2021_9_1_19"
21.352,21.041,1326,191,794,221,2021,9,35,244,1,3,19,1017.6,23.8,24.9,23.8,64,16.6,18.5,0,0,1.6,23.8,24.2,24.2,23.1,0,0,13,0.28,18,0,0,0.057,79.2,0,20.8,0,4,9,0,0,0,0,"2021_9_1_19"
20.527,20.528,1660,9,2340,0,2021,9,35,244,1,3,20,1017.4,22.8,23.8,22.8,71,17.2,18.8,0,0,1.6,22.8,23.3,23.3,22.1,0,0,3,0.06,9,0.03,0,0.046,82.7,0,20,0,5,9,0,0,0,0,"2021_9_1_20"
19.564,19.857,1660,351,2397,347,2021,9,35,244,1,3,20,1017.7,21.7,22.8,21.7,75,17.1,18.4,0,0,0,21.7,22.2,22.2,21,0,0,0,0,0,0,0,0.035,84.9,0,19.3,0,6,9,8,0,0,0,"2021_9_1_20"
19.319,18.851,1072,14,1740,0,2021,9,35,244,1,3,20,1017.7,20.8,21.7,20.8,78,16.9,18,0,0,0,20.8,21.5,21.5,20.2,0,0,0,0,0,0,0,0.026,86.8,0,18.8,0,7,9,8,0,0,0,"2021_9_1_20"
18.732,18.632,1072,346,1816,343,2021,9,35,244,1,3,20,1018,19.9,20.9,19.9,78,16,17.2,0,0,0,19.9,20.5,20.5,19.1,0,0,0,0,0,0,0,0.017,87,0,18.4,0,0,9,8,0,0,0,"2021_9_1_20"
18.255,18.255,747,160,0,0,2021,9,35,244,1,3,21,1018.4,19.4,19.9,19.4,83,16.4,17.3,0,0,0,19.4,20,20,18.7,0,0,0,0,0,0,0,0.011,87.3,0,18.1,0,1,9,8,0,0,0,"2021_9_1_21"
18.082,18.124,747,200,520,270,2021,9,35,244,1,3,21,1018.7,18.8,19.4,18.8,83,15.9,16.8,0,0,3.2,18.8,19.3,19.3,18,0,0,0,0,0,0,0,0.005,87.8,0,17.7,0,2,9,0,0,0,0,"2021_9_1_21"
18.378,18.219,1326,169,600,180,2021,9,35,244,1,3,21,1019,18.8,18.8,18.7,80,15.3,16.4,1.6,0.4,3.2,18.8,19.2,19.2,17.8,0,0,0,0,0,0,0,0.005,86.6,0,17.6,0,3,11,9,0,0,0,"2021_9_1_21"
18.32,18.106,1326,191,794,221,2021,9,35,244,1,3,21,1019.1,18.4,18.8,18.4,80,14.9,16.1,0,0,3.2,18.4,18.8,18.8,17.4,0,0,0,0,0,0,0,0.001,86.1,0,17.5,0,4,9,10,0,0,0,"2021_9_1_21"
17.772,17.727,1660,9,2340,0,2021,9,35,244,1,3,22,1019.1,18.2,18.4,18.2,82,15,16.1,0,0,3.2,18.2,18.5,18.5,17.1,0,0,0,0,0,0.03,0.002,0,86.6,0,17.1,0,5,9,12,0,0,0,"2021_9_1_22"
17.375,17.602,1660,351,2397,347,2021,9,35,244,1,3,22,1019.3,17.6,18.2,17.6,83,14.7,15.7,0,0,0,17.6,17.8,17.8,16.5,0,0,0,0,0,0,0.008,0,88.3,0,16.7,0,6,9,8,0,0,0,"2021_9_1_22"
17.159,16.909,1072,14,1740,0,2021,9,35,244,1,3,22,1019.4,17.3,17.6,17.3,85,14.8,15.6,0,0,0,17.3,17.6,17.6,16.2,0,0,0,0,0,0,0.01,0,89.1,0,16.5,0,7,9,8,0,0,0,"2021_9_1_22"
16.735,16.655,1072,346,1816,343,2021,9,35,244,1,3,22,1019.5,17.1,17.3,17,86,14.7,15.5,0,0,1.6,17.1,17.3,17.3,15.9,0,0,0,0,0,0,0.013,0,90,0,16.3,0,0,9,9,0,0,0,"2021_9_1_22"
16.726,16.726,747,160,0,0,2021,9,35,244,1,3,23,1019.5,16.6,17.1,16.6,87,14.4,15.2,0,0,3.2,16.6,16.8,16.8,15.4,0,0,0,0,0,0.03,0.018,0,89.9,0,16.1,0,1,9,12,0,0,0,"2021_9_1_23"
16.784,16.755,747,200,520,270,2021,9,35,244,1,3,23,1019.6,16.6,16.6,16.5,87,14.4,15.2,0,0,3.2,16.6,16.8,16.8,15.4,0,0,0,0,0,0,0.018,0,89.5,0,16.1,0,2,9,9,0,0,0,"2021_9_1_23"
16.789,16.753,1326,169,600,180,2021,9,35,244,1,3,23,1019.8,16.7,16.7,16.6,86,14.3,15.1,0,0,1.6,16.7,16.8,16.8,15.4,0,0,0,0,0,0,0.017,0,88.9,0,16.1,0,3,9,9,0,0,0,"2021_9_1_23"
16.595,16.503,1326,191,794,221,2021,9,35,244,1,3,23,1019.8,16.8,16.8,16.6,85,14.3,15.2,1.6,0.4,3.2,16.8,17,17,15.6,0,0,0,0,0,0,0.016,0,89.2,0,15.9,0,4,10,9,0,0,0,"2021_9_1_23"
16.777,16.674,1660,9,2340,0,2021,9,35,245,2,4,0,1020,17.1,17.1,16.8,84,14.3,15.3,1.6,0.4,4.8,17.1,17.2,17.2,15.8,0,0,0,0,0,0.03,0.013,0,88.9,0,16,0,5,10,12,0,0,0,"2021_9_2_0"
16.612,16.525,1660,351,2397,347,2021,9,35,245,2,4,0,1019.9,17.2,17.2,17.1,83,14.3,15.3,1.6,0.4,4.8,17.2,17.4,17.4,16,0,0,0,0,0,0,0.012,0,89.5,0,15.9,0,6,11,12,0,0,0,"2021_9_2_0"
16.393,16.125,1072,14,1740,0,2021,9,35,245,2,4,0,1019.8,16.6,17.2,16.6,84,13.9,14.8,0,0,1.6,16.6,16.7,16.7,15.3,0,0,0,0,0,0,0.018,0,90,0,15.4,0,7,9,12,0,0,0,"2021_9_2_0"
16.161,15.946,1072,346,1816,343,2021,9,35,245,2,4,0,1020,16.1,16.6,16.1,85,13.5,14.4,1.6,0.4,3.2,16.1,16.1,16.1,14.7,0,0,0,0,0,0,0.024,0,90.7,0,15.3,0,0,4,0,0,0,0,"2021_9_2_0"
15.697,15.697,747,160,0,0,2021,9,35,245,2,4,1,1020.1,15.3,16.1,15.3,88,13.3,14,0,0,1.6,15.3,15.4,15.4,13.9,0,0,0,0,0,0.03,0.032,0,90.5,0,15,0,1,9,13,0,0,0,"2021_9_2_1"
15.321,15.436,747,200,520,270,2021,9,35,245,2,4,1,1020.4,15.1,15.3,15.1,89,13.3,14,0,0,0,15.1,15.2,15.2,13.7,0,0,0,0,0,0,0.034,0,91.4,0,14.7,0,2,9,8,0,0,0,"2021_9_2_1"
15.354,15.421,1326,169,600,180,2021,9,35,245,2,4,1,1020.4,14.8,15.1,14.8,89,13,13.6,0,0,3.2,14.8,14.9,14.9,13.4,0,0,0,0,0,0,0.037,0,91.4,0,14.7,0,3,9,13,0,0,0,"2021_9_2_1"
15.176,15.146,1326,191,794,221,2021,9,35,245,2,4,1,1020.5,14.8,14.8,14.6,92,13.5,14,0,0,3.2,14.8,14.9,14.9,13.5,0,0,0,0,0,0,0.037,0,91.5,0,14.6,0,4,9,12,0,0,0,"2021_9_2_1"
15.124,15.167,1660,9,2340,0,2021,9,35,245,2,4,2,1020.4,14.7,14.9,14.7,89,12.9,13.6,0,0,3.2,14.7,14.8,14.8,13.3,0,0,0,0,0,0,0.038,0,92.2,0,14.4,0,5,9,14,0,0,0,"2021_9_2_2"
14.921,15.236,1660,351,2397,347,2021,9,35,245,2,4,2,1020.5,14.7,14.7,14.6,91,13.3,13.8,0,0,1.6,14.7,14.9,14.9,13.4,0,0,0,0,0,0,0.038,0,92.7,0,14.3,0,6,9,11,0,0,0,"2021_9_2_2"
14.909,14.701,1072,14,1740,0,2021,9,35,245,2,4,2,1020.4,14.6,14.8,14.5,91,13.1,13.6,0,0,0,14.6,14.7,14.7,13.2,0,0,0,0,0,0,0.039,0,92.4,0,14.2,0,7,9,8,0,0,0,"2021_9_2_2"
14.816,14.734,1072,346,1816,343,2021,9,35,245,2,4,2,1020.6,14.4,14.6,14.4,91,12.9,13.5,0,0,1.6,14.4,14.5,14.5,13.1,0,0,0,0,0,0,0.041,0,92.8,0,14.2,0,0,9,11,0,0,0,"2021_9_2_2"
14.895,14.895,747,160,0,0,2021,9,35,245,2,4,3,1020.5,14.1,14.4,14.1,90,12.5,13.1,0,0,4.8,14.1,14.2,14.2,12.7,0,0,0,0,0,0,0.044,0,93.1,0,14.1,0,1,9,13,0,0,0,"2021_9_2_3"
14.891,15.045,747,200,520,270,2021,9,35,245,2,4,3,1020.7,14.1,14.2,14.1,92,12.8,13.3,0,0,1.6,14.1,14.2,14.2,12.8,0,0,0,0,0,0,0.044,0,94,0,14.2,0,2,9,3,0,0,0,"2021_9_2_3"
14.898,14.937,1326,169,600,180,2021,9,35,245,2,4,3,1020.9,14,14.1,13.9,93,12.9,13.3,0,0,0,14,14.1,14.1,12.7,0,0,0,0,0,0,0.045,0,94,0,14.3,0,3,9,8,0,0,0,"2021_9_2_3"
15.034,15.137,1326,191,794,221,2021,9,35,245,2,4,3,1020.9,14.6,14.6,14,94,13.7,14,0,0,1.6,14.6,14.8,14.8,13.4,0,0,0,0,0,0,0.039,0,94,0,14.4,0,4,9,3,0,0,0,"2021_9_2_3"
15.269,15.225,1660,9,2340,0,2021,9,35,245,2,4,4,1020.7,14.5,14.7,14.5,92,13.2,13.7,0,0,1.6,14.5,14.7,14.7,13.2,0,0,0,0,0,0,0.04,0,94.3,0,14.5,0,5,9,3,0,0,0,"2021_9_2_4"
14.87,15.258,1660,351,2397,347,2021,9,35,245,2,4,4,1020.8,14.7,14.7,14.4,93,13.5,14,0,0,1.6,14.7,14.9,14.9,13.4,0,0,0,0,0,0,0.038,0,94,0,14.3,0,6,9,3,0,0,0,"2021_9_2_4"
15.173,15.243,1072,14,1740,0,2021,9,35,245,2,4,4,1020.9,14.8,14.9,14.7,92,13.5,14,1.6,0.4,3.2,14.8,15,15,13.6,0,0,0,0,0,0,0.036,0,94.9,0,14.3,0,7,4,0,0,0,0,"2021_9_2_4"
14.954,15.033,1072,346,1816,343,2021,9,35,245,2,4,4,1020.8,14.8,14.8,14.7,93,13.7,14.1,0,0,4.8,14.8,15,15,13.5,0,0,0,0,0,0,0.037,0,94.4,0,14.2,0,0,9,10,0,0,0,"2021_9_2_4"
14.888,14.888,747,160,0,0,2021,9,35,245,2,4,5,1021.1,14.7,14.8,14.7,92,13.4,13.9,0,0,1.6,14.7,14.8,14.8,13.4,0,0,0,0,0,0,0.038,0,94.7,0,14.1,0,1,9,10,0,0,0,"2021_9_2_5"
15.26,15.326,747,200,520,270,2021,9,35,245,2,4,5,1020.9,14.8,14.8,14.7,91,13.3,13.9,1.6,0.4,6.4,14.8,14.9,14.9,13.5,0,0,0,0,0,0,0.037,0,94.5,0,14.2,0,2,13,12,0,0,0,"2021_9_2_5"
15.904,15.397,1326,169,600,180,2021,9,35,245,2,4,5,1021,15.3,15.3,14.8,88,13.4,14.1,1.6,0.4,6.4,15.3,15.4,15.4,14,0,0,0,0,0,0,0.031,0,93,0,14.5,0,3,13,10,0,0,0,"2021_9_2_5"
15.366,15.309,1326,191,794,221,2021,9,35,245,2,4,5,1021,15.4,15.7,15.3,87,13.3,14.1,3.2,0.8,4.8,15.4,15.5,15.5,14,0,0,0,0,0,0,0.03,0,92,0,14.4,0,4,4,0,0,0,0,"2021_9_2_5"
15.348,15.429,1660,9,2340,0,2021,9,35,245,2,4,6,1021.4,15.3,15.4,15.2,87,13.2,14,3.2,0.8,6.4,15.3,15.4,15.4,13.9,0,0,0,0,0,0,0.031,0,92.1,0,14.4,0,5,4,0,0,0,0,"2021_9_2_6"
16.071,15.606,1660,351,2397,347,2021,9,35,245,2,4,6,1021.3,15.9,15.9,15.3,85,13.4,14.3,4.8,1.21,9.7,15.9,15.9,15.9,14.5,0,0,0,0,0,0,0.025,0,88.9,0,14.7,0,6,13,10,0,0,0,"2021_9_2_6"
16.114,15.588,1072,14,1740,0,2021,9,35,245,2,4,6,1021.6,16,16.1,15.8,83,13.1,14.1,3.2,0.8,9.7,16,16,16,14.5,0,0,0,0,0,0,0.024,0,90,0,14.8,0,7,13,11,0,0,0,"2021_9_2_6"
15.646,15.381,1072,346,1816,343,2021,9,35,245,2,4,6,1021.6,16.1,16.2,16,82,13,14.1,4.8,1.21,8,16.1,16.1,16.1,14.7,0,0,1,0.02,5,0,0.023,0,90.7,0,14.6,0,0,11,9,0,0,0,"2021_9_2_6"
16.165,16.165,747,160,0,0,2021,9,35,245,2,4,7,1021.9,16.4,16.4,16.1,81,13.1,14.3,3.2,0.8,8,16.4,16.4,16.4,15.1,0,0,9,0.19,14,0,0.02,0,87.8,0,14.8,0,1,11,12,0,0,0,"2021_9_2_7"
16.338,16.204,747,200,520,270,2021,9,35,245,2,4,7,1021.8,16.3,16.4,16.2,81,13,14.2,1.6,0.4,4.8,16.3,16.3,16.3,15.8,0,0,19,0.41,25,0,0.021,0,89.8,1,14.9,0,2,13,11,0,0,0,"2021_9_2_7"
16.497,16.187,1326,169,600,180,2021,9,35,245,2,4,7,1022,16.3,16.3,16.2,82,13.3,14.3,1.6,0.4,3.2,16.3,16.4,16.4,16.1,0,0,28,0.6,32,0,0.021,0,89,1,15.2,0,3,13,11,0,0,0,"2021_9_2_7"
17.186,16.808,1326,191,794,221,2021,9,35,245,2,4,7,1022.2,16.8,16.8,16.3,82,13.7,14.7,1.6,0.4,3.2,16.8,16.9,16.9,17,0,0,46,0.99,69,0,0.016,0,91.6,4,15.9,0,4,11,12,0,0,0,"2021_9_2_7"
18.916,18.317,1660,9,2340,0,2021,9,35,245,2,4,8,1022.2,18.1,18.1,16.7,80,14.6,15.7,1.6,0.4,4.8,18.1,18.3,18.3,19.6,0,0,96,2.07,107,0.03,0.003,0,88.8,4,17.4,0,5,11,10,0,0,0,"2021_9_2_8"
19.879,19.848,1660,351,2397,347,2021,9,35,245,2,4,8,1022.4,19.2,19.2,18.1,75,14.7,16.1,3.2,0.8,8,19.2,19.5,19.5,21.3,0,0,128,2.75,146,0,0,0.009,82,5,18.3,0,6,11,12,0,0,0,"2021_9_2_8"
21.169,21.2,1072,14,1740,0,2021,9,35,245,2,4,8,1022.5,20,20.1,19.2,71,14.6,16.2,4.8,1.21,11.3,20,20.2,20.2,22.8,0,0,171,3.68,192,0,0,0.017,80.2,7,19.4,0,7,11,12,0,0,0,"2021_9_2_8"
22.773,25.718,1072,346,1816,343,2021,9,35,245,2,4,8,1022.5,20.8,20.8,20.1,70,15.1,16.8,6.4,1.61,12.9,20.8,21,21,24.3,0,0,219,4.71,243,0,0,0.025,76.6,7,20.4,0,0,11,12,0,0,0,"2021_9_2_8"
24.532,24.532,747,160,0,0,2021,9,35,245,2,4,9,1022.4,21.4,21.5,20.8,67,15.1,16.9,6.4,1.61,16.1,21.4,21.5,21.5,25.3,0,0,264,5.68,283,0.13,0,0.032,71,8,21.4,0,1,11,10,0,0,0,"2021_9_2_9"
26.504,25.419,747,200,520,270,2021,9,35,245,2,4,9,1022.4,22.1,22.1,21.5,65,15.2,17.1,8,2.01,17.7,22.1,22.1,22.1,26.3,0,0,306,6.58,325,0,0,0.039,68.9,10,22.3,0,2,11,9,0,0,0,"2021_9_2_9"
27.014,23.54,1326,169,600,180,2021,9,35,245,2,4,9,1022.6,22.7,22.7,22.1,64,15.5,17.5,8,2.01,16.1,22.7,22.9,22.9,27.5,0,0,349,7.51,371,0,0,0.045,65.3,11,23.1,0,3,11,9,0,0,0,"2021_9_2_9"
27.259,26.688,1326,191,794,221,2021,9,35,245,2,4,9,1022.7,23,23,22.7,62,15.3,17.4,8,2.01,16.1,23,23.2,23.2,28.2,0,0,397,8.54,415,0,0,0.049,57.9,12,23.4,0,4,13,11,0,0,0,"2021_9_2_9"
28.051,24.291,1660,9,2340,0,2021,9,35,245,2,4,10,1022.7,23.4,23.4,22.9,61,15.4,17.6,6.4,1.61,16.1,23.4,23.7,23.7,28.8,0,0,436,9.38,462,0.25,0,0.053,58.5,14,23.8,0,5,12,11,0,0,0,"2021_9_2_10"
28.309,26.17,1660,351,2397,347,2021,9,35,245,2,4,10,1022.4,23.7,23.7,23.4,59,15.2,17.5,8,2.01,17.7,23.7,23.9,23.9,29.4,0,0,490,10.54,520,0,0,0.056,53.4,15,25.6,0,6,12,12,0,0,0,"2021_9_2_10"
29.729,27.031,1072,14,1740,0,2021,9,35,245,2,4,10,1022.7,23.9,23.9,23.7,58,15.2,17.5,9.7,2.41,17.7,23.9,24.1,24.1,29.9,0,0,538,11.57,563,0,0,0.058,56.9,16,25,0,7,12,11,0,0,0,"2021_9_2_10"
28.324,30.537,1072,346,1816,343,2021,9,35,245,2,4,10,1022.8,24.3,24.3,23.8,60,16.1,18.2,9.7,2.41,19.3,24.3,24.6,24.6,30.4,0,0,557,11.98,580,0,0,0.063,52.6,17,25.4,0,0,4,0,0,0,0,"2021_9_2_10"
28.85,28.85,747,160,0,0,2021,9,35,245,2,4,11,1022.8,24.4,24.5,24.3,59,15.9,18.1,8,2.01,22.5,24.4,24.7,24.7,30.6,0,0,588,12.65,603,0.38,0,0.064,50.4,17,25.9,0,1,4,0,0,0,0,"2021_9_2_11"
28.349,28.303,747,200,520,270,2021,9,35,245,2,4,11,1022.6,24.5,24.6,24.4,59,16,18.2,9.7,2.41,19.3,24.5,24.7,24.7,30.8,0,0,613,13.19,626,0,0,0.064,51.4,18,26.4,0,2,4,11,0,0,0,"2021_9_2_11"
28.224,26.957,1326,169,600,180,2021,9,35,245,2,4,11,1022.6,24.8,24.8,24.5,59,16.2,18.4,9.7,2.41,19.3,24.8,25,25,31.2,0,0,647,13.92,659,0,0,0.067,53.5,19,27,0,3,4,0,0,0,0,"2021_9_2_11"
28.258,28.062,1326,191,794,221,2021,9,35,245,2,4,11,1022.6,25.1,25.1,24.8,59,16.5,18.7,9.7,2.41,17.7,25.1,25.3,25.3,31.5,0,0,674,14.5,691,0,0,0.07,50,20,27.3,0,4,4,11,0,0,0,"2021_9_2_11"
29.05,27.049,1660,9,2340,0,2021,9,35,245,2,4,12,1022.7,25.3,25.3,25.1,57,16.1,18.4,6.4,1.61,17.7,25.3,25.5,25.5,31.8,0,0,705,15.17,721,0.46,0,0.072,51.5,20,27.8,0,5,4,11,0,0,0,"2021_9_2_12"
29.541,28.191,1660,351,2397,347,2021,9,35,245,2,4,12,1022.5,25.4,25.5,25.3,58,16.6,18.8,8,2.01,16.1,25.4,25.7,25.7,32.1,0,0,717,15.42,742,0,0,0.074,46.2,21,28.2,0,6,12,10,0,0,0,"2021_9_2_12"
28.14,28.631,1072,14,1740,0,2021,9,35,245,2,4,12,1022.3,25.6,25.6,25.4,54,15.6,18.1,6.4,1.61,16.1,25.6,25.8,25.8,32.1,0,0,741,15.94,752,0,0,0.076,47.2,22,28.4,0,7,12,13,0,0,0,"2021_9_2_12"
29.034,29.155,1072,346,1816,343,2021,9,35,245,2,4,12,1022.3,25.9,26.1,25.6,50,14.7,17.5,6.4,1.61,16.1,25.9,25.9,25.9,32.3,0,0,760,16.35,768,0,0,0.079,45.7,23,28.5,0,0,4,13,0,0,0,"2021_9_2_12"
29.168,29.168,747,160,0,0,2021,9,35,245,2,4,13,1022,25.9,26,25.8,52,15.3,17.9,8,2.01,19.3,25.9,26,26,32.4,0,0,767,16.5,791,0.53,0,0.079,42.9,23,29,0,1,4,11,0,0,0,"2021_9_2_13"
29.307,29.812,747,200,520,270,2021,9,35,245,2,4,13,1022.1,25.9,25.9,25.8,52,15.3,17.9,9.7,2.41,22.5,25.9,26,26,32.4,0,0,768,16.52,775,0,0,0.079,44.3,32,29.4,0,2,4,0,0,0,0,"2021_9_2_13"
29.515,28.532,1326,169,600,180,2021,9,35,245,2,4,13,1021.9,26.2,26.2,25.9,49,14.6,17.4,8,2.01,20.9,26.2,26.1,26.1,32.4,0,0,772,16.61,780,0,0,0.082,40.6,60,29.8,0,3,12,0,0,0,0,"2021_9_2_13"
29.393,29.162,1326,191,794,221,2021,9,35,245,2,4,13,1021.9,26.4,26.4,26.1,51,15.5,18.1,6.4,1.61,16.1,26.4,26.6,26.6,32.9,0,0,772,16.61,780,0,0,0.084,38.8,58,31,0,4,4,11,0,0,0,"2021_9_2_13"
28.686,27.31,1660,9,2340,0,2021,9,35,245,2,4,14,1022,26.4,26.4,26.3,49,14.8,17.6,8,2.01,17.7,26.4,26.4,26.4,32.7,0,0,769,16.54,779,0.53,0,0.084,38.1,60,31.2,0,5,4,0,0,0,0,"2021_9_2_14"
29.032,29.003,1660,351,2397,347,2021,9,35,245,2,4,14,1021.8,26.7,26.7,26.3,47,14.5,17.4,6.4,1.61,16.1,26.7,26.6,26.6,32.8,0,0,769,16.54,786,0,0,0.087,41.6,55,31.7,0,6,4,0,0,0,0,"2021_9_2_14"
28.3,30.928,1072,14,1740,0,2021,9,35,245,2,4,14,1021.7,26.8,26.8,26.7,46,14.2,17.2,4.8,1.21,16.1,26.8,26.5,26.5,32.8,0,0,755,16.24,765,0,0,0.088,36.1,39,31.5,0,7,0,4,0,0,0,"2021_9_2_14"
28.735,29.032,1072,346,1816,343,2021,9,35,245,2,4,14,1021.4,26.9,26.9,26.8,44,13.7,16.8,4.8,1.21,16.1,26.9,26.6,26.6,32.7,0,0,743,15.98,752,0,0,0.09,43.5,54,32,0,0,0,0,0,0,0,"2021_9_2_14"
29.461,29.461,747,160,0,0,2021,9,35,245,2,4,15,1021.2,27,27.1,26.8,46,14.4,17.4,4.8,1.21,14.5,27,26.8,26.8,33,0,0,712,15.32,733,0.51,0,0.09,43.5,49,32.2,0,1,11,11,0,0,0,"2021_9_2_15"
28.913,28.931,747,200,520,270,2021,9,35,245,2,4,15,1021,27.4,27.4,27,45,14.4,17.4,4.8,1.21,12.9,27.4,27.1,27.1,33.3,0,0,705,15.17,715,0,0,0.094,36.4,46,31.6,0,2,4,10,0,0,0,"2021_9_2_15"
31.311,34.001,1326,169,600,180,2021,9,35,245,2,4,15,1020.8,27.1,27.4,27.1,45,14.2,17.2,6.4,1.61,12.9,27.1,26.8,26.8,32.9,0,0,687,14.78,698,0,0,0.091,39.5,51,32.3,0,3,4,0,0,0,0,"2021_9_2_15"
28.51,28.495,1326,191,794,221,2021,9,35,245,2,4,15,1020.5,27.3,27.3,27,43,13.6,16.8,6.4,1.61,12.9,27.3,26.9,26.9,32.9,0,0,645,13.87,673,0,0,0.093,42.5,44,31.4,0,4,4,13,0,0,0,"2021_9_2_15"
29.07,28.791,1660,9,2340,0,2021,9,35,245,2,4,16,1020.6,27.4,27.5,27.3,42,13.4,16.6,4.8,1.21,11.3,27.4,27,27,33,0,0,620,13.34,640,0.48,0,0.095,37.6,42,29.8,0,5,0,1,0,0,0,"2021_9_2_16"
28.684,28.836,1660,351,2397,347,2021,9,35,245,2,4,16,1020.3,27.4,27.5,27.3,41,13,16.4,6.4,1.61,12.9,27.4,26.9,26.9,32.9,0,0,590,12.69,605,0,0,0.095,45.2,38,29.4,0,6,12,0,0,0,0,"2021_9_2_16"
20.324,23.654,1072,14,1740,0,2021,9,35,245,2,4,16,1019.9,27.4,27.7,27.3,42,13.4,16.6,3.2,0.8,14.5,27.4,27,27,32.8,0,0,527,11.34,566,0,0,0.095,71.7,5,23.7,0,7,12,10,0,0,0,"2021_9_2_16"
25.852,27.244,1072,346,1816,343,2021,9,35,245,2,4,16,1020.4,27.5,27.5,26.9,43,13.8,17,3.2,0.8,9.7,27.5,27.1,27.1,32.5,0,0,444,9.55,526,0,0,0.095,53.9,35,26.1,0,0,4,11,0,0,0,"2021_9_2_16"
26.855,26.855,747,160,0,0,2021,9,35,245,2,4,17,1019.9,27.3,27.6,27.2,44,14,17.1,6.4,1.61,14.5,27.3,26.9,26.9,32.6,0,0,458,9.85,504,0.38,0,0.093,42.9,31,27.2,0,1,12,0,0,0,0,"2021_9_2_17"
30.591,29.881,747,200,520,270,2021,9,35,245,2,4,17,1019.9,27.3,27.3,27.2,41,12.9,16.2,6.4,1.61,14.5,27.3,26.7,26.7,32.2,0,0,431,9.27,454,0,0,0.093,42.6,22,27.4,0,2,0,13,0,0,0,"2021_9_2_17"
30.011,34.757,1326,169,600,180,2021,9,35,245,2,4,17,1019.8,27.3,27.4,27.3,43,13.7,16.8,4.8,1.21,12.9,27.3,26.9,26.9,32.2,0,0,385,8.28,410,0,0,0.094,40.2,12,27.3,0,3,3,0,0,0,0,"2021_9_2_17"
30.129,27.055,1326,191,794,221,2021,9,35,245,2,4,17,1019.9,27.3,27.3,27.2,41,12.9,16.2,4.8,1.21,11.3,27.3,26.7,26.7,31.6,0,0,341,7.34,364,0,0,0.093,43.1,12,26.8,0,4,4,0,0,0,0,"2021_9_2_17"
29.577,26.263,1660,9,2340,0,2021,9,35,245,2,4,18,1019.7,27.1,27.3,27.1,45,14.1,17.1,4.8,1.21,11.3,27.1,26.8,26.8,31.3,0,0,288,6.2,308,0.28,0,0.091,47.3,8,26.2,0,5,3,0,0,0,0,"2021_9_2_18"
27.147,25.887,1660,351,2397,347,2021,9,35,245,2,4,18,1019.4,26.7,27.1,26.7,44,13.5,16.6,4.8,1.21,11.3,26.7,26.3,26.3,30.2,0,0,238,5.12,265,0,0,0.087,46.8,11,25.6,0,6,3,1,0,0,0,"2021_9_2_18"
25.901,25.196,1072,14,1740,0,2021,9,35,245,2,4,18,1019.4,26.4,26.8,26.4,45,13.5,16.6,4.8,1.21,9.7,26.4,26.1,26.1,29.4,0,0,195,4.19,213,0,0,0.084,46.4,5,25.1,0,7,4,1,0,0,0,"2021_9_2_18"
25.115,24.856,1072,346,1816,343,2021,9,35,245,2,4,18,1019.3,26,26.5,26,48,14.1,17,4.8,1.21,8,26,25.9,25.9,28.4,0,0,154,3.31,172,0,0,0.08,50.8,4,24.5,0,0,4,11,0,0,0,"2021_9_2_18"
24.397,24.397,747,160,0,0,2021,9,35,245,2,4,19,1019,25.4,25.9,25.3,52,14.8,17.5,4.8,1.21,6.4,25.4,25.4,25.4,27.1,0,0,106,2.28,130,0.15,0,0.073,51.8,3,23.9,0,1,4,0,0,0,0,"2021_9_2_19"
23.463,23.28,747,200,520,270,2021,9,35,245,2,4,19,1018.9,24.5,25.3,24.5,55,14.9,17.3,4.8,1.21,8,24.5,24.6,24.6,24,0,0,63,1.36,81,0,0,0.064,60.9,2,22.9,0,2,4,0,0,0,0,"2021_9_2_19"
22.164,21.873,1326,169,600,180,2021,9,35,245,2,4,19,1019,23.5,24.5,23.5,60,15.3,17.5,1.6,0.4,4.8,23.5,23.7,23.7,22.8,0,0,32,0.69,46,0,0,0.054,65.8,1,21.6,0,3,4,0,0,0,0,"2021_9_2_19"
21.05,20.734,1326,191,794,221,2021,9,35,245,2,4,19,1018.9,22.4,23.5,22.4,61,14.5,16.7,3.2,0.8,4.8,22.4,22.5,22.5,21.3,0,0,13,0.28,18,0,0,0.043,67.5,0,20.6,0,4,4,0,0,0,0,"2021_9_2_19"
20.426,20.217,1660,9,2340,0,2021,9,35,245,2,4,20,1018.9,21.8,22.4,21.8,63,14.5,16.6,3.2,0.8,6.4,21.8,21.8,21.8,20.4,0,0,2,0.04,7,0.05,0,0.036,70.1,0,20,0,5,4,0,0,0,0,"2021_9_2_20"
19.967,19.499,1660,351,2397,347,2021,9,35,245,2,4,20,1019.1,21.2,21.8,21.2,65,14.3,16.3,3.2,0.8,6.4,21.2,21.1,21.1,19.7,0,0,0,0,0,0,0,0.03,68.9,0,19.6,0,6,4,0,0,0,0,"2021_9_2_20"
19.54,19.314,1072,14,1740,0,2021,9,35,245,2,4,20,1019.3,20.8,21.2,20.8,68,14.7,16.5,3.2,0.8,6.4,20.8,20.9,20.9,19.5,0,0,0,0,0,0,0,0.025,73,0,19,0,7,4,0,0,0,0,"2021_9_2_20"
18.875,19.01,1072,346,1816,343,2021,9,35,245,2,4,20,1019.4,20.2,20.8,20.2,70,14.5,16.2,1.6,0.4,4.8,20.2,20.4,20.4,19,0,0,0,0,0,0,0,0.019,75.8,0,18.4,0,0,12,11,0,0,0,"2021_9_2_20"
18.384,18.384,747,160,0,0,2021,9,35,245,2,4,21,1019.6,19.6,20.2,19.6,71,14.2,15.9,1.6,0.4,3.2,19.6,19.7,19.7,18.3,0,0,0,0,0,0.05,0,0.013,78.4,0,17.8,0,1,12,11,0,0,0,"2021_9_2_21"
17.852,17.972,747,200,520,270,2021,9,35,245,2,4,21,1019.9,19.3,19.6,19.3,73,14.3,15.9,1.6,0.4,3.2,19.3,19.4,19.4,18,0,0,0,0,0,0,0,0.01,82.5,0,17.2,0,2,12,11,0,0,0,"2021_9_2_21"
17.65,17.598,1326,169,600,180,2021,9,35,245,2,4,21,1020,18.8,19.3,18.8,75,14.3,15.7,1.6,0.4,3.2,18.8,19,19,17.6,0,0,0,0,0,0,0,0.005,83,0,17,0,3,12,11,0,0,0,"2021_9_2_21"
16.863,17.025,1326,191,794,221,2021,9,35,245,2,4,21,1019.9,17.9,18.8,17.9,79,14.2,15.5,1.6,0.4,3.2,17.9,18.1,18.1,16.7,0,0,0,0,0,0,0.004,0,84,0,16.6,0,4,12,11,0,0,0,"2021_9_2_21"
16.744,16.479,1660,9,2340,0,2021,9,35,245,2,4,22,1019.9,17.3,17.9,17.3,81,14,15.1,1.6,0.4,4.8,17.3,17.5,17.5,16.1,0,0,0,0,0,0.03,0.01,0,84.9,0,16.2,0,5,10,9,0,0,0,"2021_9_2_22"
16.613,16.649,1660,351,2397,347,2021,9,35,245,2,4,22,1020.2,17.3,17.3,17.2,81,14,15.1,1.6,0.4,4.8,17.3,17.4,17.4,16,0,0,0,0,0,0,0.011,0,85.9,0,16,0,6,10,9,0,0,0,"2021_9_2_22"
16.652,16.644,1072,14,1740,0,2021,9,35,245,2,4,22,1020,17.2,17.3,17.2,80,13.7,14.9,1.6,0.4,3.2,17.2,17.3,17.3,15.9,0,0,0,0,0,0,0.012,0,86.8,0,16,0,7,10,9,0,0,0,"2021_9_2_22"
16.415,16.435,1072,346,1816,343,2021,9,35,245,2,4,22,1020.1,17.1,17.2,17.1,81,13.8,14.9,1.6,0.4,4.8,17.1,17.2,17.2,15.8,0,0,0,0,0,0,0.013,0,86.1,0,15.8,0,0,10,9,0,0,0,"2021_9_2_22"
16.585,16.585,747,160,0,0,2021,9,35,245,2,4,23,1020.3,17.4,17.4,17.1,78,13.5,14.8,1.6,0.4,4.8,17.4,17.4,17.4,16,0,0,0,0,0,0.03,0.01,0,86.7,0,15.8,0,1,11,12,0,0,0,"2021_9_2_23"
16.153,16.231,747,200,520,270,2021,9,35,245,2,4,23,1020.2,17.4,17.6,17.4,79,13.7,14.9,1.6,0.4,3.2,17.4,17.5,17.5,16.1,0,0,0,0,0,0,0.01,0,86.2,0,15.5,0,2,11,12,0,0,0,"2021_9_2_23"
15.995,15.831,1326,169,600,180,2021,9,35,245,2,4,23,1020.1,16.8,17.4,16.8,80,13.4,14.5,1.6,0.4,3.2,16.8,16.9,16.9,15.5,0,0,0,0,0,0,0.016,0,87.1,0,15.3,0,3,10,12,0,0,0,"2021_9_2_23"
15.87,15.71,1326,191,794,221,2021,9,35,245,2,4,23,1020.2,16.6,16.8,16.6,82,13.5,14.6,1.6,0.4,3.2,16.6,16.7,16.7,15.3,0,0,0,0,0,0,0.018,0,88.1,0,15.1,0,4,10,9,0,0,0,"2021_9_2_23"
15.871,15.83,1660,9,2340,0,2021,9,35,246,3,5,0,1020.3,16.4,16.6,16.4,82,13.3,14.4,1.6,0.4,3.2,16.4,16.4,16.4,15,0,0,0,0,0,0.03,0.02,0,88.8,0,15.1,0,5,10,12,0,0,0,"2021_9_3_0"
15.727,15.707,1660,351,2397,347,2021,9,35,246,3,5,0,1020.2,15.9,16.4,15.9,83,13,14,0,0,0,15.9,15.9,15.9,14.4,0,0,0,0,0,0,0.025,0,89.3,0,15,0,6,9,8,0,0,0,"2021_9_3_0"
15.369,15.194,1072,14,1740,0,2021,9,35,246,3,5,0,1020.3,15.4,15.9,15.4,85,12.9,13.8,0,0,0,15.4,15.4,15.4,13.9,0,0,0,0,0,0,0.031,0,90,0,14.6,0,7,9,8,0,0,0,"2021_9_3_0"
15.105,15.093,1072,346,1816,343,2021,9,35,246,3,5,0,1020.2,14.9,15.4,14.9,85,12.4,13.3,0,0,3.2,14.9,14.8,14.8,13.3,0,0,0,0,0,0,0.036,0,90.5,0,14.3,0,0,9,12,0,0,0,"2021_9_3_0"
14.892,14.892,747,160,0,0,2021,9,35,246,3,5,1,1020.1,14.4,14.9,14.4,87,12.3,13.1,1.6,0.4,4.8,14.4,14.5,14.5,13,0,0,0,0,0,0.03,0.041,0,90.3,0,14.1,0,1,11,3,0,0,0,"2021_9_3_1"
14.655,14.544,747,200,520,270,2021,9,35,246,3,5,1,1020.3,13.9,14.4,13.9,89,12.2,12.8,0,0,3.2,13.9,14,14,12.5,0,0,0,0,0,0,0.046,0,90.5,0,14,0,2,9,2,0,0,0,"2021_9_3_1"
14.301,14.349,1326,169,600,180,2021,9,35,246,3,5,1,1020.4,13.8,13.9,13.8,91,12.4,12.9,0,0,0,13.8,13.9,13.9,12.4,0,0,0,0,0,0,0.047,0,91,0,13.8,0,3,9,8,0,0,0,"2021_9_3_1"
14.108,14.391,1326,191,794,221,2021,9,35,246,3,5,1,1020.4,14,14,13.8,91,12.6,13.1,0,0,0,14,14.1,14.1,12.6,0,0,0,0,0,0,0.045,0,90.5,0,13.7,0,4,9,8,0,0,0,"2021_9_3_1"
13.874,14.161,1660,9,2340,0,2021,9,35,246,3,5,2,1020.4,13.9,14,13.9,91,12.5,13,0,0,1.6,13.9,14,14,12.5,0,0,0,0,0,0,0.046,0,91.2,0,13.5,0,5,9,2,0,0,0,"2021_9_3_2"
13.796,14.051,1660,351,2397,347,2021,9,35,246,3,5,2,1020.1,13.9,14.1,13.9,90,12.3,12.9,1.6,0.4,3.2,13.9,14,14,12.5,0,0,0,0,0,0,0.046,0,91.2,0,13.3,0,6,2,2,0,0,0,"2021_9_3_2"
13.858,13.681,1072,14,1740,0,2021,9,35,246,3,5,2,1020,14.1,14.2,13.9,90,12.5,13.1,3.2,0.8,4.8,14.1,14.2,14.2,12.7,0,0,0,0,0,0,0.044,0,91.5,0,13.3,0,7,10,9,0,0,0,"2021_9_3_2"
13.868,13.705,1072,346,1816,343,2021,9,35,246,3,5,2,1019.9,14.1,14.2,14.1,89,12.3,13,1.6,0.4,4.8,14.1,14.2,14.2,12.7,0,0,0,0,0,0,0.044,0,91.7,0,13.2,0,0,10,9,0,0,0,"2021_9_3_2"
13.834,13.834,747,160,0,0,2021,9,35,246,3,5,3,1019.8,13.7,14.1,13.7,90,12.1,12.7,0,0,0,13.7,13.7,13.7,12.2,0,0,0,0,0,0,0.049,0,92,0,13.1,0,1,9,8,0,0,0,"2021_9_3_3"
13.814,13.777,747,200,520,270,2021,9,35,246,3,5,3,1019.9,13.2,13.7,13.2,92,12,12.4,0,0,1.6,13.2,13.3,13.3,11.8,0,0,0,0,0,0,0.053,0,93,0,13.1,0,2,9,9,0,0,0,"2021_9_3_3"
13.557,13.598,1326,169,600,180,2021,9,35,246,3,5,3,1020,13.1,13.3,13.1,93,12,12.4,0,0,3.2,13.1,13.2,13.2,11.7,0,0,0,0,0,0,0.054,0,92.9,0,12.9,0,3,9,7,0,0,0,"2021_9_3_3"
13.529,13.648,1326,191,794,221,2021,9,35,246,3,5,3,1020,12.9,13.1,12.7,94,12,12.4,1.6,0.4,3.2,12.9,13.1,13.1,11.6,0,0,0,0,0,0,0.056,0,93.3,0,13,0,4,6,6,0,0,0,"2021_9_3_3"
13.37,13.632,1660,9,2340,0,2021,9,35,246,3,5,4,1020,13.5,13.6,12.9,93,12.4,12.8,0,0,1.6,13.5,13.6,13.6,12.1,0,0,0,0,0,0,0.05,0,92.6,0,12.8,0,5,9,5,0,0,0,"2021_9_3_4"
13.12,13.566,1660,351,2397,347,2021,9,35,246,3,5,4,1019.7,13.5,13.6,13.5,91,12.1,12.6,0,0,3.2,13.5,13.6,13.6,12.1,0,0,0,0,0,0,0.05,0,92.7,0,12.6,0,6,9,15,0,0,0,"2021_9_3_4"
13.111,13.135,1072,14,1740,0,2021,9,35,246,3,5,4,1019.8,13.3,13.4,13.3,93,12.2,12.7,1.6,0.4,3.2,13.3,13.5,13.5,12,0,0,0,0,0,0,0.052,0,93.1,0,12.6,0,7,15,15,0,0,0,"2021_9_3_4"
13.33,13.225,1072,346,1816,343,2021,9,35,246,3,5,4,1019.7,13.4,13.4,13.2,93,12.3,12.7,1.6,0.4,3.2,13.4,13.5,13.5,12,0,0,0,0,0,0,0.052,0,93.9,0,12.6,0,0,10,9,0,0,0,"2021_9_3_4"
13.181,13.181,747,160,0,0,2021,9,35,246,3,5,5,1019.4,13.2,13.4,13.2,91,11.8,12.3,0,0,3.2,13.2,13.3,13.3,11.8,0,0,0,0,0,0,0.053,0,94.1,0,12.5,0,1,9,12,0,0,0,"2021_9_3_5"
13.061,13.282,747,200,520,270,2021,9,35,246,3,5,5,1019.3,12.9,13.2,12.9,92,11.7,12.2,0,0,1.6,12.9,13,13,11.5,0,0,0,0,0,0,0.056,0,93.3,0,12.4,0,2,9,12,0,0,0,"2021_9_3_5"
13.07,12.984,1326,169,600,180,2021,9,35,246,3,5,5,1019.3,12.8,12.9,12.8,91,11.3,11.9,0,0,3.2,12.8,12.9,12.9,11.3,0,0,0,0,0,0,0.058,0,94.2,0,12.3,0,3,9,12,0,0,0,"2021_9_3_5"
12.791,12.98,1326,191,794,221,2021,9,35,246,3,5,5,1019,12.4,12.8,12.4,93,11.3,11.7,0,0,1.6,12.4,12.5,12.5,11,0,0,0,0,0,0,0.062,0,93.9,0,12.2,0,4,9,12,0,0,0,"2021_9_3_5"
12.728,12.823,1660,9,2340,0,2021,9,35,246,3,5,6,1019.1,12.3,12.4,12.3,94,11.4,11.8,0,0,1.6,12.3,12.5,12.5,10.9,0,0,0,0,0,0,0.062,0,93.9,0,12.1,0,5,9,12,0,0,0,"2021_9_3_6"
12.573,12.909,1660,351,2397,347,2021,9,35,246,3,5,6,1018.9,12.2,12.4,12.2,93,11.1,11.5,0,0,1.6,12.2,12.3,12.3,10.7,0,0,0,0,0,0,0.064,0,94.5,0,11.9,0,6,9,15,0,0,0,"2021_9_3_6"
12.422,12.29,1072,14,1740,0,2021,9,35,246,3,5,6,1019.2,12.2,12.2,12.1,95,11.4,11.7,0,0,1.6,12.2,12.3,12.3,10.8,0,0,0,0,0,0,0.064,0,94.2,0,11.9,0,7,9,15,0,0,0,"2021_9_3_6"
12.275,12.447,1072,346,1816,343,2021,9,35,246,3,5,6,1019,12.2,12.2,12.2,95,11.4,11.7,0,0,1.6,12.2,12.3,12.3,10.8,0,0,0,0,0,0,0.064,0,94.4,0,11.8,0,0,9,15,0,0,0,"2021_9_3_6"
12.426,12.426,747,160,0,0,2021,9,35,246,3,5,7,1019.1,12.2,12.3,12.2,95,11.4,11.8,0,0,1.6,12.2,12.4,12.4,10.9,0,0,7,0.15,11,0,0.064,0,94.3,0,11.7,0,1,9,15,0,0,0,"2021_9_3_7"
13.07,13.356,747,200,520,270,2021,9,35,246,3,5,7,1019.2,12.6,12.6,12.2,95,11.8,12.1,1.6,0.4,4.8,12.6,12.8,12.8,12.1,0,0,15,0.32,19,0,0.06,0,96.2,1,12.3,0,2,13,11,0,0,0,"2021_9_3_7"
14.084,14.069,1326,169,600,180,2021,9,35,246,3,5,7,1019.2,13.3,13.3,12.6,93,12.2,12.6,0,0,3.2,13.3,13.4,13.4,13,0,0,24,0.52,32,0,0.053,0,96.2,2,13.2,0,3,9,14,0,0,0,"2021_9_3_7"
15.585,15.128,1326,191,794,221,2021,9,35,246,3,5,7,1018.9,14.3,14.3,13.3,92,13.1,13.5,1.6,0.4,3.2,14.3,14.5,14.5,14.7,0,0,49,1.05,67,0,0.042,0,95.3,3,14.4,0,4,10,9,0,0,0,"2021_9_3_7"
17.25,16.513,1660,9,2340,0,2021,9,35,246,3,5,8,1019.2,15.6,15.6,14.3,90,13.9,14.5,0,0,3.2,15.6,15.7,15.7,16.9,0,0,89,1.91,109,0.03,0.029,0,94.9,4,15.9,0,5,9,9,0,0,0,"2021_9_3_8"
18.979,19.099,1660,351,2397,347,2021,9,35,246,3,5,8,1019.4,17.5,17.5,15.6,84,14.8,15.7,0,0,3.2,17.5,17.7,17.7,19.7,0,0,131,2.82,151,0,0.009,0,92.6,5,17.3,0,6,9,9,0,0,0,"2021_9_3_8"
20.446,21.138,1072,14,1740,0,2021,9,35,246,3,5,8,1019.5,19.2,19.2,17.4,78,15.2,16.5,0,0,1.6,19.2,19.6,19.6,22.2,0,0,175,3.76,195,0,0,0.009,85.8,6,18.6,0,7,9,9,0,0,0,"2021_9_3_8"
22.049,25.281,1072,346,1816,343,2021,9,35,246,3,5,8,1019.2,20.4,20.4,19.2,72,15.2,16.8,0,0,1.6,20.4,20.8,20.8,24.2,0,0,224,4.82,246,0,0,0.022,74.8,7,19.6,0,0,9,9,0,0,0,"2021_9_3_8"
23.737,23.737,747,160,0,0,2021,9,35,246,3,5,9,1019.4,20.7,20.7,20.4,72,15.5,17,1.6,0.4,3.2,20.7,21.1,21.1,24.9,0,0,269,5.79,288,0.13,0,0.025,75.3,8,20.6,0,1,4,10,0,0,0,"2021_9_3_9"
24.8,25.149,747,200,520,270,2021,9,35,246,3,5,9,1019.6,21.2,21.2,20.7,69,15.3,17,1.6,0.4,6.4,21.2,21.2,21.2,25.5,0,0,311,6.69,332,0,0,0.03,67.9,10,21.5,0,2,4,13,0,0,0,"2021_9_3_9"
24.756,23.051,1326,169,600,180,2021,9,35,246,3,5,9,1019.6,21.7,21.7,21.2,66,15,16.9,3.2,0.8,8,21.7,21.7,21.7,26.4,0,0,358,7.7,376,0,0,0.035,65.3,11,22.1,0,3,4,13,0,0,0,"2021_9_3_9"
25.207,26.624,1326,191,794,221,2021,9,35,246,3,5,9,1019.5,22.1,22.1,21.7,63,14.7,16.8,3.2,0.8,11.3,22.1,22.1,22.1,27,0,0,390,8.39,427,0,0,0.039,61.5,13,22.9,0,4,3,0,0,0,0,"2021_9_3_9"
25.562,23.892,1660,9,2340,0,2021,9,35,246,3,5,10,1019.5,22.8,22.8,22.1,61,14.9,17.1,4.8,1.21,12.9,22.8,23,23,28.3,0,0,449,9.66,468,0.23,0,0.047,58.1,14,23.4,0,5,12,0,0,0,0,"2021_9_3_10"
25.986,27.394,1660,351,2397,347,2021,9,35,246,3,5,10,1019.2,23.3,23.3,22.8,56,14.1,16.6,6.4,1.61,16.1,23.3,23.4,23.4,28.9,0,0,491,10.56,520,0,0,0.052,55.5,14,25.2,0,6,13,10,0,0,0,"2021_9_3_10"
23.845,24.516,1072,14,1740,0,2021,9,35,246,3,5,10,1018.7,23.2,23.4,23.2,55,13.6,16.2,8,2.01,16.1,23.2,23.2,23.2,27.7,0,0,404,8.69,531,0,0,0.05,57.3,13,23.4,0,7,12,11,0,0,0,"2021_9_3_10"
26.902,30.836,1072,346,1816,343,2021,9,35,246,3,5,10,1019.6,23.7,23.7,23,59,15.2,17.5,6.4,1.61,16.1,23.7,23.9,23.9,29.6,0,0,537,11.55,603,0,0,0.056,51.3,17,24.8,0,0,12,11,0,0,0,"2021_9_3_10"
26.965,26.965,747,160,0,0,2021,9,35,246,3,5,11,1019.4,24.4,24.4,23.7,55,14.8,17.3,6.4,1.61,14.5,24.4,24.5,24.5,30.5,0,0,613,13.19,629,0.36,0,0.063,52.4,18,25.6,0,1,12,0,0,0,0,"2021_9_3_11"
27.725,28.866,747,200,520,270,2021,9,35,246,3,5,11,1019.3,24.6,24.6,24.3,50,13.5,16.4,6.4,1.61,14.5,24.6,24.6,24.6,30.6,0,0,643,13.83,657,0,0,0.065,46.3,18,25.9,0,2,13,10,0,0,0,"2021_9_3_11"
28.492,27.103,1326,169,600,180,2021,9,35,246,3,5,11,1019.3,24.9,24.9,24.6,50,13.8,16.6,6.4,1.61,14.5,24.9,24.9,24.9,31,0,0,662,14.24,680,0,0,0.069,47.2,19,27,0,3,13,0,0,0,0,"2021_9_3_11"
28.947,27.648,1326,191,794,221,2021,9,35,246,3,5,11,1019.2,25.2,25.2,24.9,47,13.1,16.1,4.8,1.21,12.9,25.2,24.9,24.9,31,0,0,678,14.58,707,0,0,0.071,44.1,15,27.2,0,4,13,0,0,0,0,"2021_9_3_11"
31.033,27.425,1660,9,2340,0,2021,9,35,246,3,5,12,1019.1,25.3,25.3,25.1,52,14.7,17.4,4.8,1.21,12.9,25.3,25.3,25.3,31.5,0,0,699,15.04,728,0.46,0,0.072,51.5,20,28.3,0,5,4,0,0,0,0,"2021_9_3_12"
30.246,27.802,1660,351,2397,347,2021,9,35,246,3,5,12,1018.9,25.3,25.6,25.3,46,12.9,16,4.8,1.21,12.9,25.3,25,25,31.2,0,0,723,15.55,751,0,0,0.073,43,21,28.6,0,6,0,13,0,0,0,"2021_9_3_12"
29.685,28.975,1072,14,1740,0,2021,9,35,246,3,5,12,1018.6,25.6,25.6,25.3,45,12.7,15.9,4.8,1.21,16.1,25.6,25.2,25.2,31.4,0,0,739,15.9,766,0,0,0.075,45,23,28.9,0,7,4,11,0,0,0,"2021_9_3_12"
30.14,29.939,1072,346,1816,343,2021,9,35,246,3,5,12,1018.7,25.9,25.9,25.5,46,13.4,16.5,3.2,0.8,9.7,25.9,25.7,25.7,31.9,0,0,785,16.89,814,0,0,0.079,44.3,21,29.1,0,0,5,3,0,0,0,"2021_9_3_12"
29.569,29.569,747,160,0,0,2021,9,35,246,3,5,13,1018.4,25.9,26.1,25.9,49,14.4,17.2,4.8,1.21,12.9,25.9,25.9,25.9,32.2,0,0,754,16.22,835,0.51,0,0.079,45.1,24,28.9,0,1,0,0,0,0,0,"2021_9_3_13"
29.012,29.837,747,200,520,270,2021,9,35,246,3,5,13,1018.4,26.1,26.1,25.9,48,14.2,17.1,3.2,0.8,11.3,26.1,25.9,25.9,32.1,0,0,708,15.23,763,0,0,0.08,46.2,46,29.4,0,2,5,1,0,0,0,"2021_9_3_13"
29.691,28.728,1326,169,600,180,2021,9,35,246,3,5,13,1018.5,26.3,26.3,26.1,48,14.4,17.3,3.2,0.8,14.5,26.3,26.2,26.2,32.5,0,0,769,16.54,847,0,0,0.083,44.9,40,29.3,0,3,0,13,0,0,0,"2021_9_3_13"
30.971,30.109,1326,191,794,221,2021,9,35,246,3,5,13,1018.1,26.8,26.8,26.3,48,14.8,17.7,3.2,0.8,11.3,26.8,26.7,26.7,32.9,0,0,804,17.29,933,0,0,0.088,44.5,63,32.9,0,4,13,0,0,0,0,"2021_9_3_13"
30.383,30.032,1660,9,2340,0,2021,9,35,246,3,5,14,1018.3,27.3,27.3,26.7,45,14.3,17.3,3.2,0.8,11.3,27.3,27,27,32.9,0,0,871,18.74,888,0.53,0,0.093,38.5,57,34,0,5,11,10,0,0,0,"2021_9_3_14"
30.173,29.828,1660,351,2397,347,2021,9,35,246,3,5,14,1018.1,27.1,27.3,27.1,43,13.4,16.6,4.8,1.21,12.9,27.1,26.6,26.6,32.5,0,0,813,17.49,863,0,0,0.091,37.6,61,33.3,0,6,4,0,0,0,0,"2021_9_3_14"
27.805,29.372,1072,14,1740,0,2021,9,35,246,3,5,14,1017.6,27,27.3,27,46,14.4,17.4,6.4,1.61,12.9,27,26.8,26.8,32.9,0,0,780,16.78,851,0,0,0.09,36.3,41,31.5,0,7,4,13,0,0,0,"2021_9_3_14"
29.837,29.17,1072,346,1816,343,2021,9,35,246,3,5,14,1018,27.3,27.3,26.9,44,14,17.1,3.2,0.8,8,27.3,26.9,26.9,33.1,0,0,695,14.95,817,0,0,0.093,39.5,25,31.5,0,0,12,10,0,0,0,"2021_9_3_14"
29.132,29.132,747,160,0,0,2021,9,35,246,3,5,15,1017.6,27.2,27.3,27,44,13.9,17,3.2,0.8,8,27.2,26.8,26.8,32.7,0,0,616,13.25,867,0.51,0,0.092,38.2,22,31.4,0,1,0,1,0,0,0,"2021_9_3_15"
27.984,27.93,747,200,520,270,2021,9,35,246,3,5,15,1016.6,26.7,27.3,26.7,44,13.4,16.6,4.8,1.21,11.3,26.7,26.3,26.3,30.7,0,0,421,9.06,846,0,0,0.087,39.9,44,29.2,0,2,0,3,0,0,0,"2021_9_3_15"
27.338,27.929,1326,169,600,180,2021,9,35,246,3,5,15,1016.4,26.3,27,26.3,46,13.8,16.8,4.8,1.21,11.3,26.3,26.1,26.1,29.8,0,0,342,7.36,821,0,0,0.083,45.9,29,27.7,0,3,0,0,0,0,0,"2021_9_3_15"
31.61,29.4,1326,191,794,221,2021,9,35,246,3,5,15,1016.6,26.5,26.9,26.2,46,13.9,16.9,6.4,1.61,17.7,26.5,26.2,26.2,32.3,0,0,665,14.3,772,0,0,0.085,43.7,35,31.5,0,4,2,4,0,0,0,"2021_9_3_15"
31.828,29.803,1660,9,2340,0,2021,9,35,246,3,5,16,1016.8,26.7,26.7,26.4,49,15.1,17.9,6.4,1.61,17.7,26.7,26.8,26.8,32.8,0,0,676,14.54,740,0.41,0,0.087,48.2,51,31.3,0,5,5,1,0,0,0,"2021_9_3_16"
31.298,29.594,1660,351,2397,347,2021,9,35,246,3,5,16,1015.9,26.3,26.8,26.3,46,13.8,16.8,8,2.01,14.5,26.3,26.1,26.1,32,0,0,563,12.11,754,0,0,0.083,45.2,48,30.6,0,6,1,13,0,0,0,"2021_9_3_16"
31.017,29.594,1072,14,1740,0,2021,9,35,246,3,5,16,1016.6,26.7,26.7,26.3,48,14.7,17.6,6.4,1.61,16.1,26.7,26.6,26.6,32.7,0,0,611,13.14,722,0,0,0.087,46.2,20,29.9,0,7,0,1,0,0,0,"2021_9_3_16"
30.741,28.962,1072,346,1816,343,2021,9,35,246,3,5,16,1016.3,26.9,26.9,26.7,49,15.3,18.1,4.8,1.21,11.3,26.9,27,27,32.8,0,0,543,11.68,629,0,0,0.09,46.9,39,29.4,0,0,2,3,0,0,0,"2021_9_3_16"
30.367,30.367,747,160,0,0,2021,9,35,246,3,5,17,1015.8,26.8,26.9,26.8,47,14.6,17.5,6.4,1.61,11.3,26.8,26.7,26.7,32.3,0,0,506,10.88,541,0.41,0,0.089,44.3,31,28.5,0,1,1,3,0,0,0,"2021_9_3_17"
31.424,28.808,747,200,520,270,2021,9,35,246,3,5,17,1015.5,26.7,26.8,26.7,47,14.5,17.4,4.8,1.21,12.9,26.7,26.6,26.6,32.2,0,0,442,9.51,468,0,0,0.087,42.7,14,27.6,0,2,1,1,0,0,0,"2021_9_3_17"
26.372,26.433,1326,169,600,180,2021,9,35,246,3,5,17,1014.8,25.9,26.8,25.9,48,14.1,17,4.8,1.21,11.3,25.9,25.8,25.8,29.7,0,0,267,5.74,427,0,0,0.079,48.7,4,25.6,0,3,1,1,0,0,0,"2021_9_3_17"
27.488,25.093,1326,191,794,221,2021,9,35,246,3,5,17,1015.2,25.6,25.9,25.4,50,14.4,17.2,3.2,0.8,8,25.6,25.6,25.6,27.9,0,0,160,3.44,388,0,0,0.076,46.8,16,25.4,0,4,4,3,0,0,0,"2021_9_3_17"
30.786,26.452,1660,9,2340,0,2021,9,35,246,3,5,18,1015.4,26.6,26.6,25.6,47,14.4,17.3,3.2,0.8,8,26.6,26.5,26.5,32.2,0,0,383,8.24,397,0.25,0,0.086,44.1,12,26.5,0,5,3,1,0,0,0,"2021_9_3_18"
27.342,25.91,1660,351,2397,347,2021,9,35,246,3,5,18,1014.8,26.4,26.7,26.4,45,13.5,16.6,4.8,1.21,9.7,26.4,26.1,26.1,30.6,0,0,293,6.3,350,0,0,0.084,48,12,25.8,0,6,0,13,0,0,0,"2021_9_3_18"
25.65,24.761,1072,14,1740,0,2021,9,35,246,3,5,18,1014.9,26.2,26.4,26.2,46,13.7,16.7,3.2,0.8,8,26.2,26,26,29.4,0,0,207,4.45,241,0,0,0.082,48.9,4,24.8,0,7,0,1,0,0,0,"2021_9_3_18"
24.116,23.838,1072,346,1816,343,2021,9,35,246,3,5,18,1014.5,25.4,26.2,25.4,51,14.5,17.2,3.2,0.8,8,25.4,25.4,25.4,27.1,0,0,110,2.37,142,0,0,0.073,54.8,3,23.7,0,0,3,1,0,0,0,"2021_9_3_18"
23.683,23.683,747,160,0,0,2021,9,35,246,3,5,19,1014.5,24.3,25.3,24.3,55,14.7,17.2,1.6,0.4,6.4,24.3,24.4,24.4,26,0,0,106,2.28,114,0.15,0,0.062,61.5,4,23.1,0,1,3,13,0,0,0,"2021_9_3_19"
23.01,22.661,747,200,520,270,2021,9,35,246,3,5,19,1014.5,24.1,24.3,23.9,52,13.6,16.3,1.6,0.4,4.8,24.1,24.1,24.1,23.7,0,0,84,1.81,100,0,0,0.06,61.5,3,22.5,0,2,3,1,0,0,0,"2021_9_3_19"
21.893,21.863,1326,169,600,180,2021,9,35,246,3,5,19,1014.1,23.8,24.2,23.8,61,15.9,18,0,0,3.2,23.8,24.1,24.1,23.3,0,0,44,0.95,65,0,0,0.057,65.9,1,21.4,0,3,9,13,0,0,0,"2021_9_3_19"
20.603,20.365,1326,191,794,221,2021,9,35,246,3,5,19,1014.1,22.7,23.8,22.7,64,15.6,17.5,0,0,1.6,22.7,23,23,21.9,0,0,17,0.37,25,0,0,0.046,69.6,0,20.1,0,4,9,13,0,0,0,"2021_9_3_19"
19.438,19.627,1660,9,2340,0,2021,9,35,246,3,5,20,1014,21.7,22.7,21.7,65,14.9,16.8,0,0,0,21.7,21.7,21.7,20.4,0,0,2,0.04,9,0.03,0,0.035,75.3,0,19.1,0,5,9,8,0,0,0,"2021_9_3_20"
18.817,18.989,1660,351,2397,347,2021,9,35,246,3,5,20,1014.1,20.7,21.7,20.7,69,14.8,16.6,0,0,0,20.7,20.9,20.9,19.5,0,0,0,0,0,0,0,0.025,78.4,0,18.4,0,6,9,8,0,0,0,"2021_9_3_20"
17.989,18.075,1072,14,1740,0,2021,9,35,246,3,5,20,1014.2,19.8,20.7,19.8,75,15.2,16.6,0,0,0,19.8,20.1,20.1,18.8,0,0,0,0,0,0,0,0.015,82.9,0,17.8,0,7,9,8,0,0,0,"2021_9_3_20"
17.538,17.372,1072,346,1816,343,2021,9,35,246,3,5,20,1014.3,18.9,19.8,18.9,79,15.2,16.3,0,0,1.6,18.9,19.3,19.3,17.9,0,0,0,0,0,0,0,0.006,83.6,0,17.4,0,0,9,13,0,0,0,"2021_9_3_20"
17.48,17.48,747,160,0,0,2021,9,35,246,3,5,21,1014.2,18.3,18.9,18.2,80,14.8,15.9,0,0,3.2,18.3,18.5,18.5,17.2,0,0,0,0,0,0.03,0.001,0,85.3,0,17,0,1,9,13,0,0,0,"2021_9_3_21"
17.095,17.195,747,200,520,270,2021,9,35,246,3,5,21,1014.5,17.8,18.2,17.7,82,14.7,15.7,0,0,0,17.8,18,18,16.6,0,0,0,0,0,0,0.006,0,85.8,0,16.8,0,2,9,8,0,0,0,"2021_9_3_21"
16.764,16.896,1326,169,600,180,2021,9,35,246,3,5,21,1014.8,17.3,17.8,17.3,83,14.4,15.4,0,0,3.2,17.3,17.5,17.5,16.1,0,0,0,0,0,0,0.01,0,86.8,0,16.5,0,3,9,13,0,0,0,"2021_9_3_21"
17.091,16.927,1326,191,794,221,2021,9,35,246,3,5,21,1015,17.6,17.6,17.3,82,14.5,15.5,0,0,3.2,17.6,17.8,17.8,16.4,0,0,0,0,0,0,0.008,0,86.5,0,16.4,0,4,9,12,0,0,0,"2021_9_3_21"
16.842,16.762,1660,9,2340,0,2021,9,35,246,3,5,22,1014.7,17.4,17.7,17.4,80,14,15.1,0,0,3.2,17.4,17.6,17.6,16.2,0,0,0,0,0,0.03,0.009,0,86,0,16.2,0,5,9,12,0,0,0,"2021_9_3_22"
16.697,16.615,1660,351,2397,347,2021,9,35,246,3,5,22,1014.8,17.2,17.4,17.2,80,13.7,14.9,0,0,3.2,17.2,17.3,17.3,15.9,0,0,0,0,0,0,0.012,0,87,0,15.9,0,6,9,11,0,0,0,"2021_9_3_22"
16.21,16.237,1072,14,1740,0,2021,9,35,246,3,5,22,1014.7,17.1,17.2,17,82,14,15,0,0,1.6,17.1,17.2,17.2,15.8,0,0,0,0,0,0,0.013,0,88.5,0,15.6,0,7,9,13,0,0,0,"2021_9_3_22"
16.135,15.918,1072,346,1816,343,2021,9,35,246,3,5,22,1014.7,16.5,17.1,16.5,84,13.8,14.7,0,0,1.6,16.5,16.6,16.6,15.1,0,0,0,0,0,0,0.019,0,88,0,15.6,0,0,9,13,0,0,0,"2021_9_3_22"
16.022,16.022,747,160,0,0,2021,9,35,246,3,5,23,1014.9,16.3,16.5,16.2,85,13.8,14.6,0,0,1.6,16.3,16.4,16.4,14.9,0,0,0,0,0,0.03,0.021,0,89.1,0,15.4,0,1,9,13,0,0,0,"2021_9_3_23"
15.885,15.882,747,200,520,270,2021,9,35,246,3,5,23,1015.2,16,16.2,16,86,13.7,14.5,0,0,1.6,16,16.1,16.1,14.6,0,0,0,0,0,0,0.024,0,89.8,0,15.3,0,2,9,13,0,0,0,"2021_9_3_23"
16.056,16.04,1326,169,600,180,2021,9,35,246,3,5,23,1015.2,15.7,16,15.6,88,13.7,14.4,0,0,3.2,15.7,15.8,15.8,14.4,0,0,0,0,0,0,0.027,0,89.9,0,15.3,0,3,9,13,0,0,0,"2021_9_3_23"
15.937,15.684,1326,191,794,221,2021,9,35,246,3,5,23,1015.2,15.7,15.8,15.6,89,13.9,14.5,0,0,3.2,15.7,15.8,15.8,14.4,0,0,0,0,0,0,0.028,0,90.6,0,15.2,0,4,9,12,0,0,0,"2021_9_3_23"
15.785,15.667,1660,9,2340,0,2021,9,35,247,4,6,0,1015.2,15.7,15.8,15.6,88,13.7,14.4,0,0,3.2,15.7,15.8,15.8,14.3,0,0,0,0,0,0,0.028,0,91,0,15.1,0,5,9,9,0,0,0,"2021_9_4_0"
15.718,15.827,1660,351,2397,347,2021,9,35,247,4,6,0,1015.2,15.9,15.9,15.6,88,14,14.7,1.6,0.4,3.2,15.9,16.1,16.1,14.7,0,0,0,0,0,0,0.025,0,90.7,0,15.1,0,6,14,9,0,0,0,"2021_9_4_0"
15.631,15.658,1072,14,1740,0,2021,9,35,247,4,6,0,1015.4,16.4,16.4,15.9,85,13.9,14.7,1.6,0.4,4.8,16.4,16.5,16.5,15,0,0,0,0,0,0,0.02,0,91.5,0,15.1,0,7,14,9,0,0,0,"2021_9_4_0"
15.594,15.431,1072,346,1816,343,2021,9,35,247,4,6,0,1015.4,16.3,16.4,16.3,84,13.6,14.5,0,0,3.2,16.3,16.3,16.3,14.9,0,0,0,0,0,0,0.021,0,91.2,0,14.8,0,0,9,9,0,0,0,"2021_9_4_0"
15.4,15.4,747,160,0,0,2021,9,35,247,4,6,1,1015.1,15.8,16.3,15.8,86,13.5,14.3,0,0,1.6,15.8,15.9,15.9,14.5,0,0,0,0,0,0.03,0.026,0,90.2,0,14.8,0,1,9,14,0,0,0,"2021_9_4_1"
15.154,15.273,747,200,520,270,2021,9,35,247,4,6,1,1015.1,15.6,15.8,15.6,87,13.5,14.2,0,0,3.2,15.6,15.7,15.7,14.2,0,0,0,0,0,0,0.028,0,90.1,0,14.6,0,2,9,14,0,0,0,"2021_9_4_1"
15.051,15.121,1326,169,600,180,2021,9,35,247,4,6,1,1015,15.4,15.7,15.4,86,13.1,13.9,0,0,1.6,15.4,15.4,15.4,13.9,0,0,0,0,0,0,0.031,0,91.5,0,14.5,0,3,9,14,0,0,0,"2021_9_4_1"
14.732,14.927,1326,191,794,221,2021,9,35,247,4,6,1,1014.7,15.1,15.4,15.1,87,12.9,13.7,0,0,0,15.1,15.1,15.1,13.6,0,0,0,0,0,0,0.034,0,91,0,14.4,0,4,9,8,0,0,0,"2021_9_4_1"
14.472,14.865,1660,9,2340,0,2021,9,35,247,4,6,2,1014.8,14.6,15,14.6,89,12.8,13.5,0,0,0,14.6,14.7,14.7,13.2,0,0,0,0,0,0,0.039,0,91.8,0,14.1,0,5,9,8,0,0,0,"2021_9_4_2"
14.385,14.934,1660,351,2397,347,2021,9,35,247,4,6,2,1014.9,14.3,14.6,14.3,90,12.7,13.3,0,0,0,14.3,14.4,14.4,12.9,0,0,0,0,0,0,0.042,0,91.9,0,14,0,6,9,8,0,0,0,"2021_9_4_2"
14.194,14.394,1072,14,1740,0,2021,9,35,247,4,6,2,1014.7,13.9,14.3,13.9,90,12.3,12.9,0,0,0,13.9,14,14,12.5,0,0,0,0,0,0,0.046,0,92.4,0,13.9,0,7,9,8,0,0,0,"2021_9_4_2"
14.134,14.062,1072,346,1816,343,2021,9,35,247,4,6,2,1014.7,13.7,13.9,13.7,91,12.3,12.8,0,0,0,13.7,13.8,13.8,12.3,0,0,0,0,0,0,0.048,0,92.8,0,13.7,0,0,9,8,0,0,0,"2021_9_4_2"
13.982,13.982,747,160,0,0,2021,9,35,247,4,6,3,1014.5,13.7,13.7,13.7,92,12.4,12.9,0,0,0,13.7,13.8,13.8,12.3,0,0,0,0,0,0,0.049,0,92.4,0,13.6,0,1,9,8,0,0,0,"2021_9_4_3"
13.997,14.279,747,200,520,270,2021,9,35,247,4,6,3,1014.5,13.6,13.7,13.6,92,12.3,12.8,0,0,0,13.6,13.7,13.7,12.2,0,0,0,0,0,0,0.05,0,92.9,0,13.5,0,2,9,8,0,0,0,"2021_9_4_3"
13.742,13.924,1326,169,600,180,2021,9,35,247,4,6,3,1014.2,13.3,13.6,13.3,92,12,12.5,0,0,0,13.3,13.4,13.4,11.9,0,0,0,0,0,0,0.053,0,93,0,13.4,0,3,9,8,0,0,0,"2021_9_4_3"
13.924,14.138,1326,191,794,221,2021,9,35,247,4,6,3,1014.3,13.3,13.3,13.2,94,12.3,12.7,0,0,0,13.3,13.4,13.4,11.9,0,0,0,0,0,0,0.053,0,93.7,0,13.3,0,4,9,8,0,0,0,"2021_9_4_3"
13.699,13.744,1660,9,2340,0,2021,9,35,247,4,6,4,1014.4,13.1,13.3,13.1,94,12.2,12.5,0,0,0,13.1,13.3,13.3,11.7,0,0,0,0,0,0,0.054,0,92.9,0,13.2,0,5,9,8,0,0,0,"2021_9_4_4"
13.364,13.919,1660,351,2397,347,2021,9,35,247,4,6,4,1014.2,13.3,13.3,13.1,94,12.3,12.7,0,0,0,13.3,13.4,13.4,11.9,0,0,0,0,0,0,0.053,0,92.9,0,13,0,6,9,8,0,0,0,"2021_9_4_4"
13.324,13.392,1072,14,1740,0,2021,9,35,247,4,6,4,1014,13.1,13.3,13,93,11.9,12.4,0,0,0,13.1,13.2,13.2,11.7,0,0,0,0,0,0,0.055,0,93.3,0,13,0,7,9,8,0,0,0,"2021_9_4_4"
13.279,13.497,1072,346,1816,343,2021,9,35,247,4,6,4,1014,12.8,13.1,12.8,94,11.9,12.3,0,0,0,12.8,13,13,11.5,0,0,0,0,0,0,0.057,0,93.5,0,12.8,0,0,9,8,0,0,0,"2021_9_4_4"
13.221,13.221,747,160,0,0,2021,9,35,247,4,6,5,1014,13.1,13.1,12.8,95,12.3,12.6,0,0,1.6,13.1,13.2,13.2,11.7,0,0,0,0,0,0,0.055,0,93.1,0,12.8,0,1,9,14,0,0,0,"2021_9_4_5"
13.243,13.52,747,200,520,270,2021,9,35,247,4,6,5,1013.7,12.9,13.1,12.9,94,12,12.4,0,0,0,12.9,13.1,13.1,11.6,0,0,0,0,0,0,0.056,0,94.1,0,12.6,0,2,9,8,0,0,0,"2021_9_4_5"
13.157,13.332,1326,169,600,180,2021,9,35,247,4,6,5,1013.7,12.9,13,12.9,94,12,12.4,0,0,1.6,12.9,13.1,13.1,11.6,0,0,0,0,0,0,0.056,0,93.9,0,12.6,0,3,9,14,0,0,0,"2021_9_4_5"
13.27,13.324,1326,191,794,221,2021,9,35,247,4,6,5,1013.6,12.8,12.9,12.8,94,11.9,12.3,0,0,0,12.8,13,13,11.5,0,0,0,0,0,0,0.057,0,94.6,0,12.6,0,4,9,8,0,0,0,"2021_9_4_5"
13.416,13.159,1660,9,2340,0,2021,9,35,247,4,6,6,1013.5,12.4,12.8,12.4,94,11.5,11.9,0,0,0,12.4,12.6,12.6,11,0,0,0,0,0,0,0.061,0,94.8,0,12.6,0,5,9,8,0,0,0,"2021_9_4_6"
13.151,13.341,1660,351,2397,347,2021,9,35,247,4,6,6,1013.5,12.3,12.4,12.3,94,11.4,11.8,0,0,0,12.3,12.5,12.5,10.9,0,0,0,0,0,0,0.062,0,94.4,0,12.5,0,6,9,8,0,0,0,"2021_9_4_6"
12.82,12.861,1072,14,1740,0,2021,9,35,247,4,6,6,1013.5,12.4,12.4,12.3,95,11.6,11.9,0,0,1.6,12.4,12.6,12.6,11,0,0,0,0,0,0,0.062,0,94.5,0,12.3,0,7,9,14,0,0,0,"2021_9_4_6"
12.815,12.978,1072,346,1816,343,2021,9,35,247,4,6,6,1013.5,12.4,12.5,12.4,95,11.7,12,0,0,0,12.4,12.6,12.6,11.1,0,0,0,0,5,0,0.061,0,94.7,0,12.3,0,0,9,8,0,0,0,"2021_9_4_6"
12.915,12.915,747,160,0,0,2021,9,35,247,4,6,7,1013.6,12.3,12.4,12.3,95,11.6,11.9,0,0,0,12.3,12.5,12.5,11.1,0,0,9,0.19,14,0,0.062,0,94.7,0,12.4,0,1,9,8,0,0,0,"2021_9_4_7"
13.541,13.928,747,200,520,270,2021,9,35,247,4,6,7,1013.8,12.9,12.9,12.3,96,12.3,12.5,0,0,0,12.9,13.1,13.1,12.6,0,0,21,0.45,25,0,0.057,0,95.6,1,12.9,0,2,9,8,0,0,0,"2021_9_4_7"
14.453,14.42,1326,169,600,180,2021,9,35,247,4,6,7,1014,13.5,13.5,12.9,95,12.7,13,0,0,0,13.5,13.7,13.7,13.5,0,0,31,0.67,37,0,0.05,0,96,1,13.6,0,3,9,8,0,0,0,"2021_9_4_7"
15.554,15.751,1326,191,794,221,2021,9,35,247,4,6,7,1014,13.8,13.8,13.5,94,12.9,13.2,0,0,0,13.8,14,14,14.4,0,0,58,1.25,84,0,0.047,0,96.1,4,14.6,0,4,9,8,0,0,0,"2021_9_4_7"
17.103,16.958,1660,9,2340,0,2021,9,35,247,4,6,8,1014.4,15.4,15.4,13.9,92,14.1,14.6,0,0,0,15.4,15.6,15.6,17.2,0,0,109,2.34,120,0.03,0.031,0,92.5,4,16,0,5,9,8,0,0,0,"2021_9_4_8"
18.736,18.891,1660,351,2397,347,2021,9,35,247,4,6,8,1014.4,16.8,16.8,15.4,87,14.6,15.3,0,0,1.6,16.8,17,17,19.1,0,0,136,2.93,158,0,0.016,0,88.6,5,17,0,6,9,9,0,0,0,"2021_9_4_8"
19.936,19.946,1072,14,1740,0,2021,9,35,247,4,6,8,1014.7,17.9,17.9,16.8,83,15,16,0,0,1.6,17.9,18.2,18.2,20.7,0,0,162,3.48,176,0,0.004,0,84.5,6,18.1,0,7,9,11,0,0,0,"2021_9_4_8"
22.066,25.078,1072,346,1816,343,2021,9,35,247,4,6,8,1014.8,19.1,19.1,17.9,83,16.1,17,0,0,1.6,19.1,19.6,19.6,22.8,0,0,211,4.54,281,0,0,0.008,83.8,8,19.2,0,0,9,12,0,0,0,"2021_9_4_8"
23.145,23.145,747,160,0,0,2021,9,35,247,4,6,9,1014.7,20.3,20.3,19.1,77,16.1,17.4,1.6,0.4,4.8,20.3,20.8,20.8,24.5,0,0,253,5.44,283,0.1,0,0.02,81,8,20.4,0,1,12,0,0,0,0,"2021_9_4_9"
25.18,24.216,747,200,520,270,2021,9,35,247,4,6,9,1014.9,21.1,21.1,20.3,75,16.5,17.8,1.6,0.4,4.8,21.1,21.6,21.6,25.5,0,0,281,6.04,332,0,0,0.029,76.4,9,21.6,0,2,13,11,0,0,0,"2021_9_4_9"
25.019,22.917,1326,169,600,180,2021,9,35,247,4,6,9,1014.5,21.9,21.9,21.1,71,16.4,18,1.6,0.4,4.8,21.9,22.3,22.3,26.2,0,0,291,6.26,366,0,0,0.038,73.4,14,22.6,0,3,12,11,0,0,0,"2021_9_4_9"
23.354,23.791,1326,191,794,221,2021,9,35,247,4,6,9,1014.4,22.5,22.6,21.9,67,16.1,17.8,1.6,0.4,4.8,22.5,22.8,22.8,26.7,0,0,303,6.52,434,0,0,0.043,71.1,12,22,0,4,4,11,0,0,0,"2021_9_4_9"
25.893,23.8,1660,9,2340,0,2021,9,35,247,4,6,10,1015.1,23,23,22.5,65,16.1,17.9,0,0,3.2,23,23.4,23.4,27.6,0,0,344,7.4,466,0.18,0,0.049,69,15,23.2,0,5,9,11,0,0,0,"2021_9_4_10"
27.268,26.543,1660,351,2397,347,2021,9,35,247,4,6,10,1015.4,23.7,23.8,23.1,65,16.7,18.6,1.6,0.4,4.8,23.7,24.2,24.2,29.9,0,0,496,10.67,513,0,0,0.056,61.1,16,25.4,0,6,4,0,0,0,0,"2021_9_4_10"
27.674,27.685,1072,14,1740,0,2021,9,35,247,4,6,10,1015.4,24.2,24.3,23.8,59,15.7,17.9,1.6,0.4,4.8,24.2,24.4,24.4,29.9,0,0,488,10.5,585,0,0,0.061,57.1,17,25.4,0,7,13,11,0,0,0,"2021_9_4_10"
28.465,31.775,1072,346,1816,343,2021,9,35,247,4,6,10,1015.3,24.3,24.6,24.2,59,15.8,18,3.2,0.8,4.8,24.3,24.6,24.6,30.4,0,0,556,11.96,603,0,0,0.063,52.4,17,26.3,0,0,2,12,0,0,0,"2021_9_4_10"
30.043,30.043,747,160,0,0,2021,9,35,247,4,6,11,1015.2,24.4,24.6,24.3,57,15.4,17.7,3.2,0.8,8,24.4,24.6,24.6,30.6,0,0,590,12.69,643,0.36,0,0.064,53.7,19,27.1,0,1,0,1,0,0,0,"2021_9_4_11"
29.31,29.11,747,200,520,270,2021,9,35,247,4,6,11,1015.3,24.6,24.6,24.3,57,15.5,17.9,3.2,0.8,9.7,24.6,24.8,24.8,30.9,0,0,634,13.64,686,0,0,0.065,50.6,21,27.3,0,2,3,1,0,0,0,"2021_9_4_11"
28.5,27.259,1326,169,600,180,2021,9,35,247,4,6,11,1015.4,25.4,25.4,24.6,58,16.5,18.7,3.2,0.8,9.7,25.4,25.7,25.7,31.8,0,0,641,13.79,700,0,0,0.073,54.4,18,27.1,0,3,3,13,0,0,0,"2021_9_4_11"
26.752,26.303,1326,191,794,221,2021,9,35,247,4,6,11,1014.9,24.8,25.4,24.8,55,15.2,17.6,3.2,0.8,16.1,24.8,24.9,24.9,29.3,0,0,413,8.88,519,0,0,0.068,57.4,14,25.8,0,4,0,1,0,0,0,"2021_9_4_11"
27.219,24.993,1660,9,2340,0,2021,9,35,247,4,6,12,1015,24.5,24.8,24.5,56,15.1,17.6,3.2,0.8,8,24.5,24.6,24.6,28.5,0,0,374,8.05,468,0.36,0,0.064,56.4,18,25.6,0,5,0,1,0,0,0,"2021_9_4_12"
27.61,26.474,1660,351,2397,347,2021,9,35,247,4,6,12,1015.1,25.2,25.2,24.5,52,14.7,17.3,3.2,0.8,11.3,25.2,25.3,25.3,30.3,0,0,501,10.78,555,0,0,0.072,52.2,21,26.3,0,6,4,0,0,0,0,"2021_9_4_12"
28.45,27.236,1072,14,1740,0,2021,9,35,247,4,6,12,1014.9,25.3,25.3,25.2,51,14.4,17.1,4.8,1.21,11.3,25.3,25.3,25.3,30.6,0,0,547,11.77,626,0,0,0.072,49.2,18,27.1,0,7,4,0,0,0,0,"2021_9_4_12"
26.913,26.787,1072,346,1816,343,2021,9,35,247,4,6,12,1014.7,25,25.3,24.9,54,15,17.6,4.8,1.21,11.3,25,25.1,25.1,29.4,0,0,426,9.16,454,0,0,0.069,61.8,17,26,0,0,0,3,0,0,0,"2021_9_4_12"
26.66,26.66,747,160,0,0,2021,9,35,247,4,6,13,1014.7,25,25,24.9,56,15.6,18,3.2,0.8,9.7,25,25.1,25.1,29,0,0,374,8.05,397,0.33,0,0.069,54.1,18,26.1,0,1,0,1,0,0,0,"2021_9_4_13"
27.805,27.588,747,200,520,270,2021,9,35,247,4,6,13,1014.9,25.4,25.4,24.9,55,15.7,18.2,3.2,0.8,9.7,25.4,25.6,25.6,30.6,0,0,501,10.78,610,0,0,0.074,49.4,27,27,0,2,0,1,0,0,0,"2021_9_4_13"
28.535,27.96,1326,169,600,180,2021,9,35,247,4,6,13,1014.5,25.7,25.7,25.4,51,14.8,17.5,4.8,1.21,12.9,25.7,25.7,25.7,31.7,0,0,653,14.05,714,0,0,0.076,43.3,37,28.4,0,3,4,0,0,0,0,"2021_9_4_13"
29.205,28.541,1326,191,794,221,2021,9,35,247,4,6,13,1014.7,25.9,25.9,25.7,51,15,17.7,4.8,1.21,9.7,25.9,26,26,32.3,0,0,710,15.27,738,0,0,0.079,43.6,44,29.6,0,4,4,11,0,0,0,"2021_9_4_13"
29.078,26.79,1660,9,2340,0,2021,9,35,247,4,6,14,1014.7,26.2,26.3,25.9,48,14.3,17.2,4.8,1.21,11.3,26.2,26,26,32,0,0,644,13.85,707,0.43,0,0.082,42.9,29,29.5,0,5,0,0,0,0,0,"2021_9_4_14"
28.569,27.567,1660,351,2397,347,2021,9,35,247,4,6,14,1014.4,25.9,26.2,25.8,46,13.4,16.4,4.8,1.21,11.3,25.9,25.6,25.6,30.5,0,0,486,10.45,529,0,0,0.079,50.6,33,28.5,0,6,4,13,0,0,0,"2021_9_4_14"
26.504,27.012,1072,14,1740,0,2021,9,35,247,4,6,14,1014.2,25.9,26.1,25.8,47,13.7,16.7,4.8,1.21,11.3,25.9,25.7,25.7,30.1,0,0,434,9.34,536,0,0,0.079,50,20,27.4,0,7,0,1,0,0,0,"2021_9_4_14"
26.33,26.616,1072,346,1816,343,2021,9,35,247,4,6,14,1014,25.7,25.9,25.6,50,14.5,17.3,6.4,1.61,12.9,25.7,25.7,25.7,29.7,0,0,386,8.3,476,0,0,0.077,52.7,26,27.2,0,0,0,3,0,0,0,"2021_9_4_14"
27.424,27.424,747,160,0,0,2021,9,35,247,4,6,15,1014,26.2,26.2,25.7,44,13,16.1,3.2,0.8,16.1,26.2,25.8,25.8,30.6,0,0,475,10.22,550,0.33,0,0.082,41.1,38,28.5,0,1,4,13,0,0,0,"2021_9_4_15"
28.193,28.317,747,200,520,270,2021,9,35,247,4,6,15,1014.1,26.6,26.6,26.2,48,14.7,17.5,4.8,1.21,14.5,26.6,26.5,26.5,32.5,0,0,612,13.16,642,0,0,0.086,40.5,30,29.8,0,2,4,0,0,0,0,"2021_9_4_15"
28.196,31.457,1326,169,600,180,2021,9,35,247,4,6,15,1013.8,26.8,26.8,26.6,44,13.5,16.6,4.8,1.21,16.1,26.8,26.4,26.4,32.3,0,0,608,13.08,654,0,0,0.088,39.4,43,29.9,0,3,4,0,0,0,0,"2021_9_4_15"
27.574,27.507,1326,191,794,221,2021,9,35,247,4,6,15,1013.5,26.9,27,26.8,44,13.7,16.8,4.8,1.21,14.5,26.9,26.6,26.6,31,0,0,401,8.63,577,0,0,0.09,37.9,36,29.8,0,4,4,0,0,0,0,"2021_9_4_15"
28.894,28.015,1660,9,2340,0,2021,9,35,247,4,6,16,1013.2,27,27.1,26.8,42,13,16.3,6.4,1.61,16.1,27,26.5,26.5,32.3,0,0,565,12.15,599,0.41,0,0.09,40.8,37,28.9,0,5,4,0,0,0,0,"2021_9_4_16"
28.582,28.894,1660,351,2397,347,2021,9,35,247,4,6,16,1013.2,27.1,27.1,26.9,45,14.2,17.2,6.4,1.61,16.1,27.1,26.8,26.8,32.8,0,0,568,12.22,589,0,0,0.091,41.2,37,29,0,6,4,11,0,0,0,"2021_9_4_16"
29.082,28.773,1072,14,1740,0,2021,9,35,247,4,6,16,1013.2,27.2,27.3,27.1,47,14.9,17.8,4.8,1.21,16.1,27.2,27.1,27.1,33.1,0,0,554,11.92,605,0,0,0.093,43.6,28,28.2,0,7,0,0,0,0,0,"2021_9_4_16"
29.466,28.17,1072,346,1816,343,2021,9,35,247,4,6,16,1012.9,26.9,27.3,26.9,41,12.6,15.9,8,2.01,14.5,26.9,26.3,26.3,32.1,0,0,500,10.76,534,0,0,0.09,41.4,31,28.4,0,0,4,0,0,0,0,"2021_9_4_16"
28.503,28.503,747,160,0,0,2021,9,35,247,4,6,17,1013,26.7,26.9,26.7,39,11.6,15.2,6.4,1.61,14.5,26.7,26,26,31.1,0,0,409,8.8,478,0.38,0,0.087,48.6,25,27.1,0,1,0,1,0,0,0,"2021_9_4_17"
30.397,28.51,747,200,520,270,2021,9,35,247,4,6,17,1013.2,26.8,26.9,26.7,44,13.6,16.7,6.4,1.61,11.3,26.8,26.4,26.4,31.9,0,0,415,8.93,464,0,0,0.089,43.5,19,27.4,0,2,0,0,0,0,0,"2021_9_4_17"
29.051,29.397,1326,169,600,180,2021,9,35,247,4,6,17,1012.9,26.8,26.9,26.8,43,13.2,16.4,4.8,1.21,11.3,26.8,26.3,26.3,31.4,0,0,363,7.81,455,0,0,0.088,43.4,17,26.8,0,3,0,13,0,0,0,"2021_9_4_17"
27.94,25.972,1326,191,794,221,2021,9,35,247,4,6,17,1012.6,26.7,26.8,26.7,42,12.7,16,6.4,1.61,12.9,26.7,26.1,26.1,30.5,0,0,294,6.32,357,0,0,0.087,44.1,12,26,0,4,4,0,0,0,0,"2021_9_4_17"
26.532,25.165,1660,9,2340,0,2021,9,35,247,4,6,18,1012.6,26.2,26.7,26.2,44,13,16.2,4.8,1.21,11.3,26.2,25.8,25.8,28.8,0,0,192,4.13,257,0.25,0,0.082,49.3,8,25.1,0,5,4,0,0,0,0,"2021_9_4_18"
26.622,25.495,1660,351,2397,347,2021,9,35,247,4,6,18,1012.9,26.4,26.4,26.2,45,13.5,16.6,3.2,0.8,8,26.4,26.1,26.1,30.2,0,0,249,5.36,269,0,0,0.084,48.1,10,25.2,0,6,3,13,0,0,0,"2021_9_4_18"
25.893,24.688,1072,14,1740,0,2021,9,35,247,4,6,18,1012.7,26.4,26.5,26.3,46,13.8,16.8,3.2,0.8,6.4,26.4,26.1,26.1,29.5,0,0,204,4.39,237,0,0,0.084,48.1,5,24.8,0,7,4,1,0,0,0,"2021_9_4_18"
24.824,24.106,1072,346,1816,343,2021,9,35,247,4,6,18,1012.7,25.9,26.4,25.9,52,15.3,17.9,3.2,0.8,6.4,25.9,26,26,28.4,0,0,138,2.97,183,0,0,0.079,56,4,24.1,0,0,4,0,0,0,0,"2021_9_4_18"
24.1,24.1,747,160,0,0,2021,9,35,247,4,6,19,1012.7,25.4,25.9,25.4,52,14.9,17.5,1.6,0.4,4.8,25.4,25.5,25.5,27.1,0,0,104,2.24,125,0.15,0,0.074,59.9,3,23.2,0,1,12,10,0,0,0,"2021_9_4_19"
23.046,22.579,747,200,520,270,2021,9,35,247,4,6,19,1012.4,24.9,25.5,24.9,54,14.9,17.5,1.6,0.4,3.2,24.9,25,25,24.3,0,0,60,1.29,77,0,0,0.068,64.3,2,22.1,0,2,12,11,0,0,0,"2021_9_4_19"
21.754,21.655,1326,169,600,180,2021,9,35,247,4,6,19,1012.3,23.8,24.9,23.8,60,15.6,17.8,1.6,0.4,3.2,23.8,24.1,24.1,23.1,0,0,29,0.62,44,0,0,0.057,71.3,0,21.1,0,3,12,11,0,0,0,"2021_9_4_19"
20.576,20.417,1326,191,794,221,2021,9,35,247,4,6,19,1012.4,22.7,23.8,22.7,65,15.8,17.7,1.6,0.4,1.6,22.7,23,23,21.9,0,0,12,0.26,18,0,0,0.046,75.3,0,20.1,0,4,12,11,0,0,0,"2021_9_4_19"
19.53,19.759,1660,9,2340,0,2021,9,35,247,4,6,20,1012.6,21.6,22.7,21.6,68,15.4,17.2,0,0,1.6,21.6,21.7,21.7,20.4,0,0,2,0.04,7,0.03,0,0.034,80.3,0,19.2,0,5,9,11,0,0,0,"2021_9_4_20"
18.86,19.022,1660,351,2397,347,2021,9,35,247,4,6,20,1012.6,20.6,21.6,20.6,76,16.2,17.5,0,0,0,20.6,21.1,21.1,19.8,0,0,0,0,0,0,0,0.023,83.4,0,18.3,0,6,9,8,0,0,0,"2021_9_4_20"
18.076,18.204,1072,14,1740,0,2021,9,35,247,4,6,20,1012.9,19.7,20.6,19.7,76,15.4,16.7,0,0,0,19.7,20.1,20.1,18.8,0,0,0,0,0,0,0,0.014,85.2,0,17.9,0,7,9,8,0,0,0,"2021_9_4_20"
17.729,17.914,1072,346,1816,343,2021,9,35,247,4,6,20,1013.2,19,19.7,19,78,15.1,16.3,0,0,0,19,19.4,19.4,18,0,0,0,0,0,0,0,0.007,87.1,0,17.5,0,0,9,8,0,0,0,"2021_9_4_20"
17.428,17.428,747,160,0,0,2021,9,35,247,4,6,21,1013.3,18.4,19,18.4,82,15.3,16.3,0,0,0,18.4,18.8,18.8,17.4,0,0,0,0,0,0.03,0,0.001,87.8,0,17.2,0,1,9,8,0,0,0,"2021_9_4_21"
17.171,17.469,747,200,520,270,2021,9,35,247,4,6,21,1013.2,17.8,18.4,17.8,85,15.3,16.1,0,0,1.6,17.8,18.1,18.1,16.8,0,0,0,0,0,0,0.005,0,87.7,0,16.9,0,2,9,11,0,0,0,"2021_9_4_21"
17.077,17.248,1326,169,600,180,2021,9,35,247,4,6,21,1013.6,17.6,17.8,17.6,84,14.8,15.7,0,0,1.6,17.6,17.8,17.8,16.4,0,0,0,0,0,0,0.008,0,88.7,0,16.7,0,3,9,11,0,0,0,"2021_9_4_21"
16.871,16.884,1326,191,794,221,2021,9,35,247,4,6,21,1013.5,17.2,17.6,17.1,86,14.8,15.6,0,0,0,17.2,17.4,17.4,16,0,0,0,0,0,0,0.012,0,87.3,0,16.4,0,4,9,8,0,0,0,"2021_9_4_21"
16.54,16.819,1660,9,2340,0,2021,9,35,247,4,6,22,1013.7,16.6,17.1,16.6,87,14.4,15.2,0,0,0,16.6,16.8,16.8,15.4,0,0,0,0,0,0.03,0.018,0,89.1,0,16.1,0,5,9,8,0,0,0,"2021_9_4_22"
16.006,16.624,1660,351,2397,347,2021,9,35,247,4,6,22,1013.9,16.3,16.7,16.3,88,14.3,15,0,0,0,16.3,16.5,16.5,15.1,0,0,0,0,0,0,0.021,0,89.4,0,15.7,0,6,9,8,0,0,0,"2021_9_4_22"
16.016,15.757,1072,14,1740,0,2021,9,35,247,4,6,22,1013.9,16,16.3,16,86,13.7,14.5,0,0,1.6,16,16.1,16.1,14.6,0,0,0,0,0,0,0.024,0,91.1,0,15.5,0,7,9,11,0,0,0,"2021_9_4_22"
15.849,15.563,1072,346,1816,343,2021,9,35,247,4,6,22,1014.1,15.6,16,15.6,88,13.6,14.3,0,0,1.6,15.6,15.7,15.7,14.3,0,0,0,0,0,0,0.028,0,89.8,0,15.3,0,0,9,11,0,0,0,"2021_9_4_22"
15.749,15.749,747,160,0,0,2021,9,35,247,4,6,23,1014.2,15.4,15.6,15.4,88,13.5,14.2,0,0,0,15.4,15.5,15.5,14.1,0,0,0,0,0,0,0.03,0,90.5,0,15.1,0,1,9,8,0,0,0,"2021_9_4_23"
15.314,15.581,747,200,520,270,2021,9,35,247,4,6,23,1014.3,15.3,15.4,15.3,88,13.3,14,0,0,0,15.3,15.4,15.4,13.9,0,0,0,0,0,0,0.032,0,90.2,0,14.9,0,2,9,8,0,0,0,"2021_9_4_23"
15.105,15.329,1326,169,600,180,2021,9,35,247,4,6,23,1014.2,15.1,15.3,15.1,89,13.3,14,0,0,0,15.1,15.2,15.2,13.7,0,0,0,0,0,0,0.034,0,91,0,14.7,0,3,9,8,0,0,0,"2021_9_4_23"
15.037,15.346,1326,191,794,221,2021,9,35,247,4,6,23,1014.2,14.8,15.1,14.8,89,13,13.6,0,0,0,14.8,14.9,14.9,13.4,0,0,0,0,0,0,0.037,0,90.2,0,14.8,0,4,9,8,0,0,0,"2021_9_4_23"
14.886,15.012,1660,9,2340,0,2021,9,35,248,5,7,0,1014.2,14.6,14.8,14.6,90,12.9,13.5,0,0,0,14.6,14.7,14.7,13.2,0,0,0,0,0,0,0.039,0,90.9,0,14.5,0,5,9,8,0,0,0,"2021_9_5_0"
14.747,15.081,1660,351,2397,347,2021,9,35,248,5,7,0,1014.2,14.4,14.6,14.4,91,12.9,13.5,0,0,0,14.4,14.5,14.5,13,0,0,0,0,0,0,0.041,0,91.1,0,14.4,0,6,9,8,0,0,0,"2021_9_5_0"
14.737,14.688,1072,14,1740,0,2021,9,35,248,5,7,0,1014.3,14.3,14.4,14.3,91,12.8,13.4,0,0,0,14.3,14.4,14.4,12.9,0,0,0,0,0,0,0.042,0,91.3,0,14.3,0,7,9,8,0,0,0,"2021_9_5_0"
14.442,14.58,1072,346,1816,343,2021,9,35,248,5,7,0,1014.2,14.2,14.3,14.1,91,12.7,13.3,0,0,0,14.2,14.3,14.3,12.8,0,0,0,0,0,0,0.043,0,91.2,0,14.2,0,0,9,8,0,0,0,"2021_9_5_0"
14.366,14.366,747,160,0,0,2021,9,35,248,5,7,1,1014.4,14.1,14.2,14.1,91,12.7,13.2,0,0,0,14.1,14.2,14.2,12.7,0,0,0,0,0,0,0.044,0,91.2,0,14.1,0,1,9,8,0,0,0,"2021_9_5_1"
14.162,14.722,747,200,520,270,2021,9,35,248,5,7,1,1014.4,13.9,14.1,13.9,92,12.7,13.1,0,0,0,13.9,14,14,12.6,0,0,0,0,0,0,0.046,0,91.1,0,13.9,0,2,9,8,0,0,0,"2021_9_5_1"
14.11,14.27,1326,169,600,180,2021,9,35,248,5,7,1,1014.4,13.7,13.9,13.7,91,12.2,12.8,0,0,0,13.7,13.7,13.7,12.2,0,0,0,0,0,0,0.049,0,91.7,0,13.8,0,3,9,8,0,0,0,"2021_9_5_1"
13.94,14.369,1326,191,794,221,2021,9,35,248,5,7,1,1014.5,13.4,13.7,13.4,90,11.8,12.5,0,0,0,13.4,13.5,13.5,12,0,0,0,0,0,0,0.051,0,91.7,0,13.7,0,4,9,8,0,0,0,"2021_9_5_1"
13.939,13.993,1660,9,2340,0,2021,9,35,248,5,7,2,1014.6,13.4,13.5,13.4,91,12,12.6,0,0,1.6,13.4,13.5,13.5,12,0,0,0,0,0,0,0.051,0,91.6,0,13.5,0,5,9,11,0,0,0,"2021_9_5_2"
13.804,14.282,1660,351,2397,347,2021,9,35,248,5,7,2,1014.5,13.5,13.5,13.4,91,12.1,12.6,0,0,0,13.5,13.6,13.6,12.1,0,0,0,0,0,0,0.05,0,92,0,13.4,0,6,9,8,0,0,0,"2021_9_5_2"
13.664,13.756,1072,14,1740,0,2021,9,35,248,5,7,2,1014.6,13.4,13.5,13.3,91,11.9,12.5,0,0,0,13.4,13.5,13.5,11.9,0,0,0,0,0,0,0.052,0,92.5,0,13.3,0,7,9,8,0,0,0,"2021_9_5_2"
13.754,13.721,1072,346,1816,343,2021,9,35,248,5,7,2,1014.5,13.2,13.3,13.2,92,12,12.4,0,0,0,13.2,13.3,13.3,11.8,0,0,0,0,0,0,0.053,0,92.9,0,13.1,0,0,9,8,0,0,0,"2021_9_5_2"
13.512,13.512,747,160,0,0,2021,9,35,248,5,7,3,1014.6,13.2,13.3,13.1,93,12.1,12.5,0,0,0,13.2,13.3,13.3,11.8,0,0,0,0,0,0,0.053,0,92,0,13.1,0,1,9,8,0,0,0,"2021_9_5_3"
13.742,14.038,747,200,520,270,2021,9,35,248,5,7,3,1014.6,13.2,13.3,13.2,92,11.9,12.4,0,0,0,13.2,13.3,13.3,11.7,0,0,0,0,0,0,0.054,0,92.7,0,13.2,0,2,9,8,0,0,0,"2021_9_5_3"
13.421,13.547,1326,169,600,180,2021,9,35,248,5,7,3,1014.7,13.1,13.2,13.1,92,11.8,12.3,0,0,0,13.1,13.2,13.2,11.6,0,0,0,0,0,0,0.055,0,92.8,0,13,0,3,9,8,0,0,0,"2021_9_5_3"
13.249,13.739,1326,191,794,221,2021,9,35,248,5,7,3,1014.7,13.1,13.1,13,92,11.8,12.3,0,0,0,13.1,13.2,13.2,11.7,0,0,0,0,0,0,0.054,0,93,0,12.9,0,4,9,8,0,0,0,"2021_9_5_3"
13.13,13.224,1660,9,2340,0,2021,9,35,248,5,7,4,1014.6,12.9,13.1,12.9,92,11.7,12.2,0,0,0,12.9,13,13,11.5,0,0,0,0,0,0,0.056,0,92.8,0,12.7,0,5,9,8,0,0,0,"2021_9_5_4"
13.183,13.524,1660,351,2397,347,2021,9,35,248,5,7,4,1014.8,12.8,12.9,12.7,93,11.7,12.1,0,0,0,12.8,12.9,12.9,11.4,0,0,0,0,0,0,0.058,0,93.7,0,12.7,0,6,9,8,0,0,0,"2021_9_5_4"
12.947,12.85,1072,14,1740,0,2021,9,35,248,5,7,4,1014.8,12.9,12.9,12.8,93,11.8,12.2,0,0,0,12.9,13,13,11.5,0,0,0,0,0,0,0.057,0,93.4,0,12.5,0,7,9,8,0,0,0,"2021_9_5_4"
13.084,13.005,1072,346,1816,343,2021,9,35,248,5,7,4,1014.7,12.6,12.9,12.6,92,11.3,11.8,0,0,0,12.6,12.7,12.7,11.2,0,0,0,0,0,0,0.06,0,93.6,0,12.5,0,0,9,8,0,0,0,"2021_9_5_4"
13.282,13.282,747,160,0,0,2021,9,35,248,5,7,5,1014.8,12.5,12.6,12.4,93,11.4,11.8,0,0,0,12.5,12.6,12.6,11.1,0,0,0,0,0,0,0.061,0,93.7,0,12.6,0,1,9,8,0,0,0,"2021_9_5_5"
12.972,13.388,747,200,520,270,2021,9,35,248,5,7,5,1014.8,12.6,12.6,12.4,94,11.6,12,0,0,0,12.6,12.7,12.7,11.2,0,0,0,0,0,0,0.06,0,94.2,0,12.3,0,2,9,8,0,0,0,"2021_9_5_5"
12.864,12.995,1326,169,600,180,2021,9,35,248,5,7,5,1014.8,12.6,12.6,12.5,94,11.7,12,0,0,0,12.6,12.8,12.8,11.2,0,0,0,0,0,0,0.06,0,94.1,0,12.4,0,3,9,8,0,0,0,"2021_9_5_5"
12.736,13.16,1326,191,794,221,2021,9,35,248,5,7,5,1014.9,12.6,12.7,12.6,93,11.5,11.9,0,0,0,12.6,12.7,12.7,11.2,0,0,0,0,0,0,0.06,0,93.6,0,12.3,0,4,9,8,0,0,0,"2021_9_5_5"
12.598,12.829,1660,9,2340,0,2021,9,35,248,5,7,6,1014.7,12.4,12.7,12.4,93,11.3,11.8,0,0,0,12.4,12.6,12.6,11,0,0,0,0,0,0,0.061,0,94.5,0,12.2,0,5,9,8,0,0,0,"2021_9_5_6"
12.518,12.823,1660,351,2397,347,2021,9,35,248,5,7,6,1014.9,12.4,12.4,12.3,94,11.5,11.8,0,0,0,12.4,12.5,12.5,11,0,0,0,0,0,0,0.062,0,93.8,0,12,0,6,9,8,0,0,0,"2021_9_5_6"
12.644,12.613,1072,14,1740,0,2021,9,35,248,5,7,6,1014.9,12.2,12.4,12.2,93,11.1,11.6,0,0,1.6,12.2,12.3,12.3,10.8,0,0,0,0,0,0,0.064,0,95.1,0,11.9,0,7,9,11,0,0,0,"2021_9_5_6"
12.609,12.628,1072,346,1816,343,2021,9,35,248,5,7,6,1015.1,11.9,12.2,11.9,93,10.8,11.3,0,0,0,11.9,12.1,12.1,10.5,0,0,0,0,0,0,0.067,0,95.2,0,12,0,0,9,8,0,0,0,"2021_9_5_6"
12.903,12.903,747,160,0,0,2021,9,35,248,5,7,7,1015.2,11.9,11.9,11.9,94,11,11.4,0,0,0,11.9,12.1,12.1,10.6,0,0,5,0.11,11,0,0.067,0,96.1,0,12.1,0,1,9,8,0,0,0,"2021_9_5_7"
13.254,13.717,747,200,520,270,2021,9,35,248,5,7,7,1015.6,12.4,12.4,11.9,95,11.6,11.9,0,0,0,12.4,12.6,12.6,11.2,0,0,15,0.32,19,0,0.062,0,96.1,1,12.6,0,2,9,8,0,0,0,"2021_9_5_7"
14.179,14.156,1326,169,600,180,2021,9,35,248,5,7,7,1015.6,13.4,13.4,12.4,94,12.4,12.8,0,0,1.6,13.4,13.5,13.5,13.1,0,0,24,0.52,30,0,0.052,0,96,2,13.3,0,3,9,11,0,0,0,"2021_9_5_7"
15.26,15.081,1326,191,794,221,2021,9,35,248,5,7,7,1015.8,14.4,14.4,13.4,91,12.9,13.5,0,0,3.2,14.4,14.5,14.5,14.7,0,0,46,0.99,62,0,0.041,0,95.2,2,14.2,0,4,9,11,0,0,0,"2021_9_5_7"
16.921,16.05,1660,9,2340,0,2021,9,35,248,5,7,8,1015.9,15,15,14.4,89,13.2,13.9,0,0,1.6,15,15.1,15.1,16,0,0,82,1.76,100,0.03,0.035,0,93.2,3,15.2,0,5,9,11,0,0,0,"2021_9_5_8"
18.21,17.813,1660,351,2397,347,2021,9,35,248,5,7,8,1016.4,16,16,15,88,14,14.7,0,0,0,16,16.1,16.1,17.9,0,0,121,2.6,141,0,0.024,0,89.8,4,16.3,0,6,9,8,0,0,0,"2021_9_5_8"
20.122,19.036,1072,14,1740,0,2021,9,35,248,5,7,8,1016.6,17.2,17.2,16,85,14.7,15.5,0,0,0,17.2,17.4,17.4,19.9,0,0,162,3.48,183,0,0.012,0,87.3,5,17.8,0,7,9,8,0,0,0,"2021_9_5_8"
22.188,24.64,1072,346,1816,343,2021,9,35,248,5,7,8,1016.7,18.5,18.5,17.2,80,15,16.1,0,0,1.6,18.5,18.8,18.8,21.9,0,0,206,4.43,225,0,0,0.002,84.7,6,18.9,0,0,9,11,0,0,0,"2021_9_5_8"
23.578,23.578,747,160,0,0,2021,9,35,248,5,7,9,1016.9,20.2,20.2,18.5,77,16.1,17.3,0,0,0,20.2,20.8,20.8,24.4,0,0,249,5.36,269,0.1,0,0.02,81.5,7,20.1,0,1,9,8,0,0,0,"2021_9_5_9"
26.202,24.305,747,200,520,270,2021,9,35,248,5,7,9,1016.9,21.7,21.7,20.3,69,15.7,17.4,1.6,0.4,6.4,21.7,21.8,21.8,26,0,0,295,6.35,315,0,0,0.035,72.4,9,21.2,0,2,12,0,0,0,0,"2021_9_5_9"
26.152,22.797,1326,169,600,180,2021,9,35,248,5,7,9,1016.9,22.4,22.4,21.7,67,16,17.7,3.2,0.8,6.4,22.4,22.6,22.6,27.2,0,0,336,7.23,357,0,0,0.042,68.7,11,21.9,0,3,12,0,0,0,0,"2021_9_5_9"
27.494,26.529,1326,191,794,221,2021,9,35,248,5,7,9,1017,23.2,23.2,22.4,65,16.3,18.2,3.2,0.8,6.4,23.2,23.6,23.6,28.5,0,0,379,8.15,399,0,0,0.051,67.3,12,23.1,0,4,12,0,0,0,0,"2021_9_5_9"
28.42,24.323,1660,9,2340,0,2021,9,35,248,5,7,10,1017.2,23.8,23.8,23.2,61,15.8,17.9,4.8,1.21,14.5,23.8,24,24,29.2,0,0,420,9.03,438,0.23,0,0.057,59.6,12,23.8,0,5,12,12,0,0,0,"2021_9_5_10"
29.163,26.368,1660,351,2397,347,2021,9,35,248,5,7,10,1017.4,24.2,24.2,23.8,61,16.2,18.3,6.4,1.61,12.9,24.2,24.5,24.5,29.9,0,0,459,9.87,478,0,0,0.061,57.3,13,24.9,0,6,13,11,0,0,0,"2021_9_5_10"
28.603,27.058,1072,14,1740,0,2021,9,35,248,5,7,10,1017.2,24.5,24.6,24.2,56,15.1,17.6,8,2.01,17.7,24.5,24.6,24.6,30.1,0,0,497,10.69,515,0,0,0.064,58.3,14,25.1,0,7,13,11,0,0,0,"2021_9_5_10"
28.827,30.825,1072,346,1816,343,2021,9,35,248,5,7,10,1017.3,25.2,25.2,24.6,53,14.9,17.5,8,2.01,17.7,25.2,25.2,25.2,30.9,0,0,533,11.47,548,0,0,0.071,55.4,15,25.7,0,0,12,10,0,0,0,"2021_9_5_10"
28.614,28.614,747,160,0,0,2021,9,35,248,5,7,11,1017.4,25.3,25.3,25.2,52,14.7,17.4,8,2.01,17.7,25.3,25.3,25.3,31.1,0,0,567,12.2,580,0.38,0,0.072,47.9,16,26.2,0,1,4,0,0,0,0,"2021_9_5_11"
28.784,28.784,747,200,520,270,2021,9,35,248,5,7,11,1017.2,25.7,25.7,25.3,48,13.9,16.8,9.7,2.41,19.3,25.7,25.6,25.6,31.4,0,0,598,12.86,613,0,0,0.077,48.7,17,26.7,0,2,4,0,0,0,0,"2021_9_5_11"
29.065,27.425,1326,169,600,180,2021,9,35,248,5,7,11,1017.4,25.8,25.8,25.7,49,14.3,17.1,11.3,2.82,20.9,25.8,25.8,25.8,31.6,0,0,630,13.55,642,0,0,0.078,45.1,18,27.1,0,3,4,0,0,0,0,"2021_9_5_11"
29.696,28.232,1326,191,794,221,2021,9,35,248,5,7,11,1017.6,26.2,26.2,25.8,48,14.3,17.2,6.4,1.61,16.1,26.2,26.1,26.1,32.2,0,0,654,14.07,664,0,0,0.082,45.4,18,27.7,0,4,4,0,0,0,0,"2021_9_5_11"
29.505,27.577,1660,9,2340,0,2021,9,35,248,5,7,12,1017.3,26.4,26.4,26.2,47,14.2,17.1,6.4,1.61,14.5,26.4,26.2,26.2,32.4,0,0,679,14.61,693,0.48,0,0.084,42.7,19,28.1,0,5,4,0,0,0,0,"2021_9_5_12"
29.891,29.056,1660,351,2397,347,2021,9,35,248,5,7,12,1017.5,26.7,26.7,26.4,47,14.5,17.4,6.4,1.61,20.9,26.7,26.6,26.6,32.8,0,0,701,15.08,714,0,0,0.087,52.1,20,28.9,0,6,12,0,0,0,0,"2021_9_5_12"
30.007,28.973,1072,14,1740,0,2021,9,35,248,5,7,12,1017.3,27,27,26.8,46,14.4,17.4,4.8,1.21,12.9,27,26.8,26.8,33,0,0,719,15.47,724,0,0,0.09,41.9,21,29,0,7,13,11,0,0,0,"2021_9_5_12"
29.939,29.343,1072,346,1816,343,2021,9,35,248,5,7,12,1017.2,26.8,27,26.7,43,13.2,16.4,6.4,1.61,17.7,26.8,26.4,26.4,32.6,0,0,729,15.68,735,0,0,0.089,40.2,22,29.3,0,0,4,0,0,0,0,"2021_9_5_12"
30.542,30.542,747,160,0,0,2021,9,35,248,5,7,13,1017.1,27.1,27.1,26.8,41,12.7,16,6.4,1.61,19.3,27.1,26.4,26.4,32.7,0,0,743,15.98,751,0.53,0,0.091,37.7,22,29.5,0,1,4,0,0,0,0,"2021_9_5_13"
29.374,29.347,747,200,520,270,2021,9,35,248,5,7,13,1017.1,27.3,27.3,27.1,45,14.3,17.3,4.8,1.21,16.1,27.3,27,27,33.3,0,0,752,16.18,758,0,0,0.093,42.2,25,29.5,0,2,4,0,0,0,0,"2021_9_5_13"
29.101,29.129,1326,169,600,180,2021,9,35,248,5,7,13,1017.3,27.4,27.4,27.1,43,13.8,16.9,8,2.01,17.7,27.4,27,27,33.3,0,0,787,16.93,821,0,0,0.095,46.1,38,30.4,0,3,4,0,0,0,0,"2021_9_5_13"
29.93,29.138,1326,191,794,221,2021,9,35,248,5,7,13,1017.2,27.2,27.5,27.1,47,14.9,17.8,4.8,1.21,16.1,27.2,27.1,27.1,32.9,0,0,601,12.93,916,0,0,0.093,46.1,49,30.6,0,4,12,0,0,0,0,"2021_9_5_13"
30.365,28.735,1660,9,2340,0,2021,9,35,248,5,7,14,1017.4,27.8,27.9,27.3,40,12.9,16.3,4.8,1.21,11.3,27.8,27.2,27.2,33.2,0,0,798,17.17,838,0.53,0,0.098,34.9,57,32.6,0,5,12,11,0,0,0,"2021_9_5_14"
29.691,30.243,1660,351,2397,347,2021,9,35,248,5,7,14,1017.3,28.1,28.2,27.8,39,12.9,16.3,3.2,0.8,8,28.1,27.5,27.5,33.6,0,0,756,16.26,782,0,0,0.102,37.5,48,31.9,0,6,13,12,0,0,0,"2021_9_5_14"
29.18,30.462,1072,14,1740,0,2021,9,35,248,5,7,14,1017.1,28.2,28.2,28.1,41,13.7,17,4.8,1.21,14.5,28.2,27.7,27.7,33.9,0,0,737,15.85,742,0,0,0.103,33.8,48,32.3,0,7,4,0,0,0,0,"2021_9_5_14"
31.52,30.211,1072,346,1816,343,2021,9,35,248,5,7,14,1017.1,27.9,28.2,27.8,42,13.8,17,6.4,1.61,14.5,27.9,27.5,27.5,33.6,0,0,714,15.36,728,0,0,0.1,30.9,48,33,0,0,1,0,0,0,0,"2021_9_5_14"
29.201,29.201,747,160,0,0,2021,9,35,248,5,7,15,1017,28.3,28.4,27.9,41,13.8,17.1,3.2,0.8,14.5,28.3,27.9,27.9,34,0,0,695,14.95,703,0.51,0,0.104,39.7,48,32.8,0,1,12,1,0,0,0,"2021_9_5_15"
30.162,29.96,747,200,520,270,2021,9,35,248,5,7,15,1017,28.7,28.7,28.3,41,14.1,17.3,3.2,0.8,9.7,28.7,28.2,28.2,34.4,0,0,676,14.54,689,0,0,0.108,38.7,27,31.8,0,2,0,1,0,0,0,"2021_9_5_15"
30.432,34.446,1326,169,600,180,2021,9,35,248,5,7,15,1016.5,28.3,28.7,28.3,43,14.6,17.6,4.8,1.21,11.3,28.3,28,28,34.2,0,0,654,14.07,663,0,0,0.104,35.9,49,32.8,0,3,0,1,0,0,0,"2021_9_5_15"
30.066,29.151,1326,191,794,221,2021,9,35,248,5,7,15,1016.7,28.9,28.9,28.3,47,16.5,19.2,3.2,0.8,12.9,28.9,29.3,29.3,35.5,0,0,626,13.47,643,0,0,0.111,38.3,41,31.9,0,4,1,11,0,0,0,"2021_9_5_15"
29.982,29.474,1660,9,2340,0,2021,9,35,248,5,7,16,1016.6,28.7,28.9,28.5,46,15.9,18.7,4.8,1.21,16.1,28.7,28.8,28.8,34.9,0,0,594,12.78,610,0.46,0,0.108,40.9,37,30.2,0,5,4,11,0,0,0,"2021_9_5_16"
30.07,29.665,1660,351,2397,347,2021,9,35,248,5,7,16,1016.3,28.8,28.9,28.7,42,14.6,17.7,3.2,0.8,14.5,28.8,28.5,28.5,34.5,0,0,561,12.07,582,0,0,0.109,39.4,34,30.4,0,6,12,13,0,0,0,"2021_9_5_16"
29.975,30.101,1072,14,1740,0,2021,9,35,248,5,7,16,1016.5,28.5,28.8,28.5,42,14.3,17.5,6.4,1.61,16.1,28.5,28.2,28.2,34.1,0,0,529,11.38,547,0,0,0.106,37.4,35,29.5,0,7,4,0,0,0,0,"2021_9_5_16"
30.071,29.165,1072,346,1816,343,2021,9,35,248,5,7,16,1016.4,28.6,28.6,28.4,43,14.8,17.8,6.4,1.61,19.3,28.6,28.3,28.3,34.1,0,0,486,10.45,499,0,0,0.106,42.4,33,29.2,0,0,4,0,0,0,0,"2021_9_5_16"
30.188,30.188,747,160,0,0,2021,9,35,248,5,7,17,1016.2,28.4,28.7,28.4,43,14.6,17.7,4.8,1.21,14.5,28.4,28.1,28.1,33.7,0,0,446,9.59,459,0.38,0,0.105,40.3,17,28.5,0,1,4,1,0,0,0,"2021_9_5_17"
31.319,29.579,747,200,520,270,2021,9,35,248,5,7,17,1016.3,28.3,28.4,28.2,39,13,16.5,4.8,1.21,14.5,28.3,27.7,27.7,33,0,0,405,8.71,427,0,0,0.104,46.3,13,28.3,0,2,1,0,0,0,0,"2021_9_5_17"
30.672,31.384,1326,169,600,180,2021,9,35,248,5,7,17,1016.2,28.4,28.6,28.3,39,13.1,16.5,4.8,1.21,12.9,28.4,27.8,27.8,32.9,0,0,364,7.83,383,0,0,0.105,39.4,20,27.7,0,3,4,0,0,0,0,"2021_9_5_17"
31.084,27.641,1326,191,794,221,2021,9,35,248,5,7,17,1016.2,28.4,28.5,28.4,41,13.9,17.1,3.2,0.8,14.5,28.4,27.9,27.9,32.7,0,0,323,6.95,345,0,0,0.105,39.7,16,27.4,0,4,12,13,0,0,0,"2021_9_5_17"
30.211,26.914,1660,9,2340,0,2021,9,35,248,5,7,18,1016.2,28.3,28.5,28.3,39,13,16.4,3.2,0.8,8,28.3,27.6,27.6,31.9,0,0,273,5.87,302,0.28,0,0.104,41.4,8,27,0,5,4,12,0,0,0,"2021_9_5_18"
27.819,26.372,1660,351,2397,347,2021,9,35,248,5,7,18,1016.1,28.1,28.3,28.1,41,13.6,16.8,3.2,0.8,9.7,28.1,27.6,27.6,31.4,0,0,230,4.95,248,0,0,0.101,44.4,6,26.3,0,6,4,10,0,0,0,"2021_9_5_18"
26.459,25.806,1072,14,1740,0,2021,9,35,248,5,7,18,1015.6,27.1,28.1,27.1,47,14.8,17.6,4.8,1.21,14.5,27.1,26.9,26.9,30.1,0,0,188,4.04,206,0,0,0.091,54.1,5,25.4,0,7,10,0,0,0,0,"2021_9_5_18"
24.915,24.336,1072,346,1816,343,2021,9,35,248,5,7,18,1015.8,25.9,27,25.9,51,15,17.7,4.8,1.21,11.3,25.9,26,26,28.1,0,0,126,2.71,167,0,0,0.079,59.1,4,24.3,0,0,10,14,0,0,0,"2021_9_5_18"
24.014,24.014,747,160,0,0,2021,9,35,248,5,7,19,1015.7,25.3,25.9,25.3,54,15.3,17.8,3.2,0.8,6.4,25.3,25.4,25.4,26.7,0,0,88,1.89,113,0.15,0,0.072,61.2,2,23.4,0,1,11,10,0,0,0,"2021_9_5_19"
22.675,22.751,747,200,520,270,2021,9,35,248,5,7,19,1015.8,23.7,25.3,23.7,57,14.6,17,4.8,1.21,12.9,23.7,23.8,23.8,23,0,0,43,0.92,70,0,0,0.056,58.8,1,22.2,0,2,15,15,0,0,0,"2021_9_5_19"
21.646,21.703,1326,169,600,180,2021,9,35,248,5,7,19,1016,22.8,23.6,22.8,60,14.7,16.9,3.2,0.8,6.4,22.8,23,23,21.8,0,0,18,0.39,23,0,0,0.047,63.6,0,21.3,0,3,14,15,0,0,0,"2021_9_5_19"
21.096,20.896,1326,191,794,221,2021,9,35,248,5,7,19,1016.2,22.3,22.8,22.3,63,14.9,17,1.6,0.4,3.2,22.3,22.4,22.4,21.2,0,0,7,0.15,12,0,0,0.042,67.3,0,20.6,0,4,11,9,0,0,0,"2021_9_5_19"
20.579,20.314,1660,9,2340,0,2021,9,35,248,5,7,20,1016.3,21.4,22.3,21.4,67,15.1,16.9,1.6,0.4,3.2,21.4,21.5,21.5,20.2,0,0,0,0,0,0.03,0,0.032,69.1,0,20.1,0,5,4,10,0,0,0,"2021_9_5_20"
19.963,19.771,1660,351,2397,347,2021,9,35,248,5,7,20,1016.6,21,21.4,21,70,15.3,17,0,0,3.2,21,21.1,21.1,19.8,0,0,0,0,0,0,0,0.028,74.9,0,19.4,0,6,9,0,0,0,0,"2021_9_5_20"
19.157,18.711,1072,14,1740,0,2021,9,35,248,5,7,20,1016.7,20.6,21.1,20.6,69,14.7,16.4,0,0,1.6,20.6,20.8,20.8,19.4,0,0,0,0,0,0,0,0.023,78.8,0,18.6,0,7,9,11,0,0,0,"2021_9_5_20"
18.681,18.186,1072,346,1816,343,2021,9,35,248,5,7,20,1016.9,19.8,20.6,19.8,75,15.3,16.7,0,0,3.2,19.8,20.2,20.2,18.9,0,0,0,0,0,0,0,0.016,83,0,18.1,0,0,9,0,0,0,0,"2021_9_5_20"
18.087,18.087,747,160,0,0,2021,9,35,248,5,7,21,1017,19.1,19.8,19.1,77,15,16.3,0,0,3.2,19.1,19.4,19.4,18.1,0,0,0,0,0,0.03,0,0.008,84.5,0,17.7,0,1,9,9,0,0,0,"2021_9_5_21"
17.883,17.986,747,200,520,270,2021,9,35,248,5,7,21,1017.3,18.7,19.1,18.7,78,14.8,16.1,0,0,1.6,18.7,19,19,17.7,0,0,0,0,0,0,0,0.004,86.3,0,17.4,0,2,9,15,0,0,0,"2021_9_5_21"
17.796,17.925,1326,169,600,180,2021,9,35,248,5,7,21,1017.6,18.2,18.7,18.2,81,14.9,16,0,0,0,18.2,18.5,18.5,17.2,0,0,0,0,0,0,0.001,0,86.7,0,17.4,0,3,9,8,0,0,0,"2021_9_5_21"
17.693,17.833,1326,191,794,221,2021,9,35,248,5,7,21,1017.8,17.8,18.2,17.8,83,14.9,15.8,0,0,0,17.8,18,18,16.7,0,0,0,0,0,0,0.006,0,86.7,0,17.3,0,4,9,8,0,0,0,"2021_9_5_21"
17.443,17.625,1660,9,2340,0,2021,9,35,248,5,7,22,1018,17.6,17.7,17.5,85,15.1,15.9,0,0,1.6,17.6,17.9,17.9,16.6,0,0,0,0,0,0.03,0.008,0,86.9,0,17.1,0,5,9,15,0,0,0,"2021_9_5_22"
17.204,17.393,1660,351,2397,347,2021,9,35,248,5,7,22,1017.9,17.7,17.8,17.6,82,14.6,15.6,0,0,1.6,17.7,18,18,16.6,0,0,0,0,0,0,0.006,0,87.5,0,16.7,0,6,9,15,0,0,0,"2021_9_5_22"
16.833,16.766,1072,14,1740,0,2021,9,35,248,5,7,22,1017.9,17.2,17.7,17.2,84,14.5,15.4,0,0,0,17.2,17.4,17.4,16.1,0,0,0,0,0,0,0.012,0,88.9,0,16.4,0,7,9,8,0,0,0,"2021_9_5_22"
16.545,16.435,1072,346,1816,343,2021,9,35,248,5,7,22,1018.2,16.9,17.2,16.9,86,14.5,15.3,0,0,0,16.9,17.1,17.1,15.7,0,0,0,0,0,0,0.015,0,89.2,0,16.2,0,0,9,8,0,0,0,"2021_9_5_22"
16.521,16.521,747,160,0,0,2021,9,35,248,5,7,23,1018.2,16.5,16.9,16.5,86,14.1,15,0,0,1.6,16.5,16.6,16.6,15.3,0,0,0,0,0,0.03,0.019,0,90,0,16.1,0,1,9,14,0,0,0,"2021_9_5_23"
16.365,16.615,747,200,520,270,2021,9,35,248,5,7,23,1018.3,16.3,16.5,16.3,88,14.3,15,0,0,0,16.3,16.5,16.5,15.1,0,0,0,0,0,0,0.021,0,90.1,0,15.9,0,2,9,8,0,0,0,"2021_9_5_23"
16.564,16.522,1326,169,600,180,2021,9,35,248,5,7,23,1018.3,16.3,16.5,16.3,87,14.2,14.9,0,0,1.6,16.3,16.5,16.5,15.1,0,0,0,0,0,0,0.021,0,90.5,0,15.9,0,3,9,14,0,0,0,"2021_9_5_23"
16.318,16.414,1326,191,794,221,2021,9,35,248,5,7,23,1018.6,16,16.3,16,88,14,14.7,0,0,3.2,16,16.1,16.1,14.8,0,0,0,0,0,0,0.024,0,91.1,0,15.7,0,4,9,15,0,0,0,"2021_9_5_23"
16.226,16.143,1660,9,2340,0,2021,9,36,249,6,1,0,1018.7,16.1,16.1,15.9,89,14.2,14.9,0,0,1.6,16.1,16.2,16.2,14.9,0,0,0,0,0,0,0.024,0,91.2,0,15.6,0,5,9,15,0,0,0,"2021_9_6_0"
15.952,16.147,1660,351,2397,347,2021,9,36,249,6,1,0,1018.7,15.7,16.1,15.7,89,13.9,14.5,0,0,3.2,15.7,15.8,15.8,14.4,0,0,0,0,0,0,0.028,0,91.4,0,15.4,0,6,9,15,0,0,0,"2021_9_6_0"
15.877,15.789,1072,14,1740,0,2021,9,36,249,6,1,0,1018.7,15.8,15.9,15.6,88,13.8,14.6,1.6,0.4,3.2,15.8,16,16,14.6,0,0,0,0,0,0,0.026,0,92,0,15.2,0,7,4,11,0,0,0,"2021_9_6_0"
15.605,15.496,1072,346,1816,343,2021,9,36,249,6,1,0,1018.8,15.7,15.9,15.7,88,13.7,14.4,0,0,1.6,15.7,15.8,15.8,14.4,0,0,0,0,0,0,0.028,0,91.4,0,15,0,0,9,0,0,0,0,"2021_9_6_0"
15.712,15.712,747,160,0,0,2021,9,36,249,6,1,1,1018.9,15.2,15.7,15.2,89,13.4,14.1,1.6,0.4,3.2,15.2,15.3,15.3,13.9,0,0,0,0,0,0,0.032,0,92.1,0,15,0,1,4,0,0,0,0,"2021_9_6_1"
15.481,15.602,747,200,520,270,2021,9,36,249,6,1,1,1018.7,15.5,15.5,15.2,90,13.9,14.5,1.6,0.4,3.2,15.5,15.7,15.7,14.3,0,0,0,0,0,0,0.03,0,91.7,0,14.9,0,2,16,15,0,0,0,"2021_9_6_1"
15.075,15.42,1326,169,600,180,2021,9,36,249,6,1,1,1018.6,14.9,15.6,14.9,89,13.1,13.8,0,0,3.2,14.9,15,15,13.6,0,0,0,0,0,0,0.035,0,92.2,0,14.7,0,3,9,15,0,0,0,"2021_9_6_1"
15.054,15.272,1326,191,794,221,2021,9,36,249,6,1,1,1018.7,14.8,14.9,14.7,92,13.5,14,0,0,1.6,14.8,14.9,14.9,13.5,0,0,0,0,0,0,0.037,0,92.4,0,14.6,0,4,9,15,0,0,0,"2021_9_6_1"
15.24,15.409,1660,9,2340,0,2021,9,36,249,6,1,2,1018.7,14.7,14.8,14.7,90,13,13.6,0,0,1.6,14.7,14.8,14.8,13.3,0,0,0,0,0,0,0.038,0,93.8,0,14.7,0,5,9,15,0,0,0,"2021_9_6_2"
15.193,15.429,1660,351,2397,347,2021,9,36,249,6,1,2,1018.9,14.7,14.7,14.6,92,13.4,13.9,0,0,3.2,14.7,14.9,14.9,13.5,0,0,0,0,0,0,0.038,0,93.5,0,14.7,0,6,9,12,0,0,0,"2021_9_6_2"
15.066,14.855,1072,14,1740,0,2021,9,36,249,6,1,2,1018.9,14.8,14.8,14.7,91,13.3,13.9,0,0,0,14.8,14.9,14.9,13.5,0,0,0,0,0,0,0.037,0,92.6,0,14.6,0,7,9,8,0,0,0,"2021_9_6_2"
14.828,14.827,1072,346,1816,343,2021,9,36,249,6,1,2,1018.8,14.6,14.8,14.6,92,13.3,13.7,0,0,0,14.6,14.7,14.7,13.3,0,0,0,0,0,0,0.039,0,93,0,14.3,0,0,9,8,0,0,0,"2021_9_6_2"
14.641,14.641,747,160,0,0,2021,9,36,249,6,1,3,1018.7,14.4,14.6,14.4,91,13,13.5,0,0,0,14.4,14.6,14.6,13.1,0,0,0,0,0,0,0.041,0,92.8,0,14.2,0,1,9,8,0,0,0,"2021_9_6_3"
14.695,14.795,747,200,520,270,2021,9,36,249,6,1,3,1018.6,14.5,14.6,14.4,89,12.7,13.4,0,0,1.6,14.5,14.6,14.6,13.1,0,0,0,0,0,0,0.04,0,92.6,0,14.1,0,2,9,12,0,0,0,"2021_9_6_3"
15.188,15.07,1326,169,600,180,2021,9,36,249,6,1,3,1018.7,14.8,14.8,14.5,87,12.7,13.5,0,0,1.6,14.8,14.8,14.8,13.4,0,0,0,0,0,0,0.036,0,92.5,0,14.2,0,3,9,12,0,0,0,"2021_9_6_3"
14.692,14.626,1326,191,794,221,2021,9,36,249,6,1,3,1018.8,14.3,14.8,14.3,87,12.2,13,0,0,3.2,14.3,14.3,14.3,12.8,0,0,0,0,0,0,0.042,0,92.8,0,14,0,4,9,2,0,0,0,"2021_9_6_3"
14.511,14.384,1660,9,2340,0,2021,9,36,249,6,1,4,1018.8,14.2,14.3,14.2,88,12.2,12.9,0,0,3.2,14.2,14.2,14.2,12.7,0,0,0,0,0,0,0.043,0,92.8,0,13.7,0,5,9,2,0,0,0,"2021_9_6_4"
14.117,14.134,1660,351,2397,347,2021,9,36,249,6,1,4,1019,14.1,14.2,14,89,12.3,12.9,0,0,0,14.1,14.1,14.1,12.6,0,0,0,0,0,0,0.045,0,92.7,0,13.5,0,6,9,8,0,0,0,"2021_9_6_4"
13.886,13.7,1072,14,1740,0,2021,9,36,249,6,1,4,1019,13.9,14.1,13.9,89,12.2,12.8,0,0,3.2,13.9,14,14,12.5,0,0,0,0,0,0,0.046,0,92.8,0,13.3,0,7,9,2,0,0,0,"2021_9_6_4"
13.623,13.568,1072,346,1816,343,2021,9,36,249,6,1,4,1019,13.7,13.9,13.7,90,12.1,12.7,0,0,0,13.7,13.8,13.8,12.3,0,0,0,0,0,0,0.048,0,92.4,0,13.3,0,0,9,8,0,0,0,"2021_9_6_4"
13.395,13.395,747,160,0,0,2021,9,36,249,6,1,5,1019,13.7,13.8,13.7,89,11.9,12.6,0,0,0,13.7,13.7,13.7,12.2,0,0,0,0,0,0,0.049,0,93.1,0,13.1,0,1,9,8,0,0,0,"2021_9_6_5"
13.431,13.661,747,200,520,270,2021,9,36,249,6,1,5,1018.9,13.3,13.7,13.2,91,11.8,12.4,0,0,0,13.3,13.4,13.4,11.9,0,0,0,0,0,0,0.053,0,92.6,0,13,0,2,9,8,0,0,0,"2021_9_6_5"
13.227,13.412,1326,169,600,180,2021,9,36,249,6,1,5,1018.9,13.2,13.3,13.2,91,11.8,12.3,0,0,0,13.2,13.3,13.3,11.8,0,0,0,0,0,0,0.053,0,93.4,0,12.8,0,3,9,8,0,0,0,"2021_9_6_5"
13.276,13.514,1326,191,794,221,2021,9,36,249,6,1,5,1018.9,12.9,13.2,12.8,92,11.6,12.1,0,0,0,12.9,13,13,11.5,0,0,0,0,0,0,0.057,0,93.4,0,12.8,0,4,9,8,0,0,0,"2021_9_6_5"
13.147,13.278,1660,9,2340,0,2021,9,36,249,6,1,6,1018.9,12.9,12.9,12.8,92,11.7,12.2,0,0,0,12.9,13,13,11.6,0,0,0,0,0,0,0.056,0,93.5,0,12.7,0,5,9,8,0,0,0,"2021_9_6_6"
12.927,13.206,1660,351,2397,347,2021,9,36,249,6,1,6,1018.9,12.8,12.9,12.8,91,11.3,11.9,0,0,0,12.8,12.9,12.9,11.3,0,0,0,0,0,0,0.058,0,93.7,0,12.5,0,6,9,8,0,0,0,"2021_9_6_6"
12.838,12.828,1072,14,1740,0,2021,9,36,249,6,1,6,1018.9,12.6,12.8,12.5,93,11.5,11.9,0,0,0,12.6,12.7,12.7,11.2,0,0,0,0,0,0,0.06,0,93.9,0,12.4,0,7,9,8,0,0,0,"2021_9_6_6"
13.019,12.776,1072,346,1816,343,2021,9,36,249,6,1,6,1019,12.7,12.7,12.6,93,11.6,12,0,0,0,12.7,12.8,12.8,11.3,0,0,0,0,0,0,0.059,0,94,0,12.4,0,0,9,8,0,0,0,"2021_9_6_6"
13.35,13.35,747,160,0,0,2021,9,36,249,6,1,7,1019.1,12.6,12.7,12.6,93,11.5,11.9,0,0,0,12.6,12.7,12.7,11.3,0,0,8,0.17,12,0,0.06,0,94.8,0,12.7,0,1,9,8,0,0,0,"2021_9_6_7"
13.736,14.104,747,200,520,270,2021,9,36,249,6,1,7,1019.4,12.9,12.9,12.6,94,11.9,12.3,0,0,0,12.9,13,13,11.8,0,0,18,0.39,23,0,0.057,0,94.6,1,13.2,0,2,9,8,0,0,0,"2021_9_6_7"
14.689,14.58,1326,169,600,180,2021,9,36,249,6,1,7,1019.7,13.8,13.8,12.9,92,12.5,13,0,0,0,13.8,13.9,13.9,13.6,0,0,28,0.6,33,0,0.047,0,95.2,2,13.8,0,3,9,8,0,0,0,"2021_9_6_7"
15.8,15.825,1326,191,794,221,2021,9,36,249,6,1,7,1019.8,14.9,14.9,13.8,91,13.4,14,0,0,0,14.9,15,15,15.4,0,0,51,1.1,69,0,0.036,0,95.3,3,14.9,0,4,9,8,0,0,0,"2021_9_6_7"
17.592,16.97,1660,9,2340,0,2021,9,36,249,6,1,8,1020.1,16.7,16.7,14.9,87,14.5,15.3,0,0,0,16.7,16.9,16.9,18.1,0,0,88,1.89,105,0.03,0.017,0,92.4,4,16.1,0,5,9,8,0,0,0,"2021_9_6_8"
19.399,19.679,1660,351,2397,347,2021,9,36,249,6,1,8,1020.4,18.8,18.8,16.8,80,15.3,16.4,0,0,0,18.8,19.3,19.3,21.2,0,0,129,2.77,151,0,0,0.005,88.1,5,17.7,0,6,9,8,0,0,0,"2021_9_6_8"
21.056,20.594,1072,14,1740,0,2021,9,36,249,6,1,8,1020.5,20.2,20.2,18.8,72,15,16.5,0,0,1.6,20.2,20.5,20.5,23.2,0,0,177,3.81,202,0,0,0.019,79.9,6,18.9,0,7,9,2,0,0,0,"2021_9_6_8"
24.359,25.298,1072,346,1816,343,2021,9,36,249,6,1,8,1020.6,21.3,21.3,20.2,68,15.1,16.9,0,0,3.2,21.3,21.3,21.3,24.8,0,0,228,4.9,258,0,0,0.031,78.7,7,19.9,0,0,9,1,0,0,0,"2021_9_6_8"
24.347,24.347,747,160,0,0,2021,9,36,249,6,1,9,1020.6,21.9,21.9,21.3,65,15.1,17,1.6,0.4,4.8,21.9,22,22,26,0,0,269,5.79,306,0.13,0,0.038,72.7,8,20.9,0,1,4,0,0,0,0,"2021_9_6_9"
26.426,25.439,747,200,520,270,2021,9,36,249,6,1,9,1020.7,22.4,22.4,21.9,64,15.3,17.3,1.6,0.4,4.8,22.4,22.6,22.6,26.9,0,0,310,6.67,327,0,0,0.043,69.5,10,22.3,0,2,4,0,0,0,0,"2021_9_6_9"
27.29,23.642,1326,169,600,180,2021,9,36,249,6,1,9,1020.6,23.3,23.3,22.4,62,15.6,17.7,1.6,0.4,6.4,23.3,23.6,23.6,28.1,0,0,332,7.14,350,0,0,0.052,61.8,11,22.8,0,3,4,0,0,0,0,"2021_9_6_9"
28.989,26.841,1326,191,794,221,2021,9,36,249,6,1,9,1020.9,24.1,24.1,23.3,59,15.5,17.8,3.2,0.8,6.4,24.1,24.3,24.3,28.8,0,0,356,7.66,413,0,0,0.06,58.6,13,23.7,0,4,4,0,0,0,0,"2021_9_6_9"
30.051,25.556,1660,9,2340,0,2021,9,36,249,6,1,10,1020.9,24.9,24.9,24.1,50,13.8,16.6,4.8,1.21,11.3,24.9,24.9,24.9,30.1,0,0,436,9.38,450,0.23,0,0.069,55.2,13,24.9,0,5,12,11,0,0,0,"2021_9_6_10"
29.157,26.526,1660,351,2397,347,2021,9,36,249,6,1,10,1021.1,25.5,25.5,24.9,46,13,16.1,6.4,1.61,14.5,25.5,25.2,25.2,30.5,0,0,471,10.13,487,0,0,0.075,48,13,25.8,0,6,13,10,0,0,0,"2021_9_6_10"
28.512,27.072,1072,14,1740,0,2021,9,36,249,6,1,10,1021,25.7,25.8,25.5,44,12.6,15.8,9.7,2.41,17.7,25.7,25.3,25.3,30.8,0,0,507,10.91,526,0,0,0.077,43.4,14,25.8,0,7,13,10,0,0,0,"2021_9_6_10"
29.402,31.572,1072,346,1816,343,2021,9,36,249,6,1,10,1021.1,25.8,25.8,25.7,41,11.6,15.1,11.3,2.82,22.5,25.8,25.2,25.2,30.7,0,0,540,11.62,559,0,0,0.078,43.3,16,26.3,0,0,13,10,0,0,0,"2021_9_6_10"
29.56,29.56,747,160,0,0,2021,9,36,249,6,1,11,1021.3,26.2,26.2,25.8,41,11.9,15.3,11.3,2.82,20.9,26.2,25.6,25.6,31.1,0,0,574,12.35,587,0.41,0,0.082,44.2,17,26.8,0,1,13,11,0,0,0,"2021_9_6_11"
29.483,29.14,747,200,520,270,2021,9,36,249,6,1,11,1021.5,26.4,26.4,26.2,41,12.1,15.5,11.3,2.82,20.9,26.4,25.8,25.8,31.5,0,0,610,13.12,626,0,0,0.084,40.3,18,27.6,0,2,13,10,0,0,0,"2021_9_6_11"
28.813,27.537,1326,169,600,180,2021,9,36,249,6,1,11,1021.4,26.6,26.6,26.4,39,11.5,15.1,12.9,3.22,25.7,26.1,25.8,25.3,30.9,0,0,635,13.66,645,0,0,0.086,39.3,18,27.5,0,3,12,0,0,0,0,"2021_9_6_11"
26.668,26.579,1326,191,794,221,2021,9,36,249,6,1,11,1020.9,26.3,26.7,26.3,40,11.7,15.2,11.3,2.82,25.7,26.3,25.6,25.6,31.1,0,0,581,12.5,701,0,0,0.083,45,15,26.7,0,4,12,11,0,0,0,"2021_9_6_11"
29.131,28.06,1660,9,2340,0,2021,9,36,249,6,1,12,1021.4,26.7,26.7,26,41,12.4,15.8,9.7,2.41,17.7,26.7,26.1,26.1,31.9,0,0,629,13.53,747,0.48,0,0.087,42,21,27.9,0,5,13,10,0,0,0,"2021_9_6_12"
30.447,28.973,1660,351,2397,347,2021,9,36,249,6,1,12,1021.5,27.1,27.1,26.7,41,12.7,16.1,9.7,2.41,17.7,27.1,26.5,26.5,32.7,0,0,741,15.94,802,0,0,0.091,38,20,28.8,0,6,13,11,0,0,0,"2021_9_6_12"
28.675,28.902,1072,14,1740,0,2021,9,36,249,6,1,12,1021.1,26.9,27.2,26.8,40,12.2,15.7,9.7,2.41,19.3,26.9,26.2,26.2,31.5,0,0,551,11.85,802,0,0,0.09,43.5,26,28.2,0,7,13,0,0,0,0,"2021_9_6_12"
28.836,29.817,1072,346,1816,343,2021,9,36,249,6,1,12,1020.7,27.1,27.3,26.9,41,12.7,16.1,8,2.01,17.7,27.1,26.4,26.4,31.5,0,0,522,11.23,666,0,0,0.091,37.9,25,28.9,0,0,13,0,0,0,0,"2021_9_6_12"
28.586,28.586,747,160,0,0,2021,9,36,249,6,1,13,1020.6,27.4,27.5,27,37,11.5,15.2,9.7,2.41,20.9,27.4,26.6,26.6,32,0,0,567,12.2,1041,0.51,0,0.095,41.9,40,29,0,1,12,11,0,0,0,"2021_9_6_13"
29.265,29.321,747,200,520,270,2021,9,36,249,6,1,13,1021.2,28.2,28.2,27.4,37,12.1,15.7,8,2.01,19.3,28.2,27.4,27.4,33.5,0,0,751,16.15,937,0,0,0.102,35.4,27,29.9,0,2,13,10,0,0,0,"2021_9_6_13"
29.742,29.165,1326,169,600,180,2021,9,36,249,6,1,13,1020.7,28.1,28.2,28.1,34,10.7,14.6,11.3,2.82,24.1,28.1,27.1,27.1,33,0,0,757,16.28,812,0,0,0.101,38.3,26,30.2,0,3,12,0,0,0,0,"2021_9_6_13"
29.357,29.092,1326,191,794,221,2021,9,36,249,6,1,13,1020.8,28.2,28.2,28,35,11.3,15.1,8,2.01,19.3,28.2,27.2,27.2,33.4,0,0,758,16.31,763,0,0,0.102,33.6,58,31.2,0,4,13,11,0,0,0,"2021_9_6_13"
29.307,29.302,1660,9,2340,0,2021,9,36,249,6,1,14,1020.8,28.5,28.6,28.2,37,12.4,16,8,2.01,19.3,28.5,27.7,27.7,33.9,0,0,748,16.09,754,0.58,0,0.106,34.4,55,32,0,5,12,1,0,0,0,"2021_9_6_14"
29.44,29.291,1660,351,2397,347,2021,9,36,249,6,1,14,1020.7,28.4,28.6,28.4,35,11.5,15.3,6.4,1.61,16.1,28.4,27.5,27.5,33.6,0,0,740,15.92,744,0,0,0.105,32.5,41,31.6,0,6,13,11,0,0,0,"2021_9_6_14"
29.903,30.966,1072,14,1740,0,2021,9,36,249,6,1,14,1021,28.8,28.8,28.4,32,10.4,14.5,4.8,1.21,16.1,28.8,27.7,27.7,33.7,0,0,728,15.66,740,0,0,0.109,31.3,49,32.5,0,7,13,10,0,0,0,"2021_9_6_14"
29.607,29.936,1072,346,1816,343,2021,9,36,249,6,1,14,1020.4,28.6,29.1,28.6,33,10.7,14.7,8,2.01,19.3,28.6,27.5,27.5,33.6,0,0,713,15.34,724,0,0,0.106,28.8,48,32.3,0,0,13,12,0,0,0,"2021_9_6_14"
29.613,29.613,747,160,0,0,2021,9,36,249,6,1,15,1020.8,29,29,28.5,33,11.1,15,4.8,1.21,12.9,29,28,28,34,0,0,696,14.97,705,0.56,0,0.111,26.7,49,32.5,0,1,4,13,0,0,0,"2021_9_6_15"
30.068,30.059,747,200,520,270,2021,9,36,249,6,1,15,1020.7,29.1,29.1,28.9,39,13.7,17.1,4.8,1.21,14.5,29.1,28.6,28.6,34.7,0,0,676,14.54,693,0,0,0.112,32.9,42,31.7,0,2,13,0,0,0,0,"2021_9_6_15"
30.408,33.945,1326,169,600,180,2021,9,36,249,6,1,15,1020.3,28.9,29.2,28.9,32,10.6,14.6,6.4,1.61,16.1,28.9,27.9,27.9,33.8,0,0,649,13.96,663,0,0,0.111,29.9,48,31.9,0,3,4,0,0,0,0,"2021_9_6_15"
29.4,28.703,1326,191,794,221,2021,9,36,249,6,1,15,1019.9,29,29.3,28.9,32,10.6,14.6,8,2.01,19.3,29,27.9,27.9,33.8,0,0,622,13.38,638,0,0,0.111,32.3,41,31.1,0,4,4,13,0,0,0,"2021_9_6_15"
29.696,32.961,1660,9,2340,0,2021,9,36,249,6,1,16,1020.1,29,29.2,29,32,10.6,14.6,6.4,1.61,14.5,29,27.9,27.9,33.8,0,0,594,12.78,606,0.51,0,0.111,36.1,35,30.1,0,5,4,0,0,0,0,"2021_9_6_16"
30.184,29.237,1660,351,2397,347,2021,9,36,249,6,1,16,1020.1,29.1,29.2,28.9,32,10.7,14.7,6.4,1.61,16.1,29.1,28,28,33.8,0,0,559,12.02,578,0,0,0.112,31.9,35,29.8,0,6,4,0,0,0,0,"2021_9_6_16"
29.894,29.938,1072,14,1740,0,2021,9,36,249,6,1,16,1019.6,28.8,29.2,28.8,31,10,14.2,8,2.01,17.7,28.8,27.7,27.7,33.4,0,0,522,11.23,541,0,0,0.109,32.9,36,29.3,0,7,4,0,0,0,0,"2021_9_6_16"
29.972,28.712,1072,346,1816,343,2021,9,36,249,6,1,16,1019.8,28.9,28.9,28.8,32,10.5,14.6,6.4,1.61,14.5,28.9,27.8,27.8,33.4,0,0,491,10.56,506,0,0,0.11,35.6,33,28.9,0,0,4,11,0,0,0,"2021_9_6_16"
29.737,29.737,747,160,0,0,2021,9,36,249,6,1,17,1019.6,28.7,28.9,28.7,34,11.3,15.1,6.4,1.61,19.3,28.7,27.7,27.7,33.2,0,0,450,9.68,471,0.43,0,0.108,33.7,17,28.4,0,1,4,0,0,0,0,"2021_9_6_17"
29.486,28.933,747,200,520,270,2021,9,36,249,6,1,17,1019.2,28.6,28.8,28.5,34,11.2,15,8,2.01,19.3,28.6,27.6,27.6,32.9,0,0,410,8.82,427,0,0,0.106,42.3,13,27.9,0,2,0,0,0,0,0,"2021_9_6_17"
30.317,32.505,1326,169,600,180,2021,9,36,249,6,1,17,1019.5,28.4,28.6,28.4,33,10.6,14.6,4.8,1.21,12.9,28.4,27.4,27.4,32.4,0,0,366,7.87,390,0,0,0.105,37.9,22,27.5,0,3,0,1,0,0,0,"2021_9_6_17"
30.318,27.708,1326,191,794,221,2021,9,36,249,6,1,17,1019.4,28.6,28.6,28.4,34,11.2,15,4.8,1.21,11.3,28.6,27.6,27.6,32.2,0,0,321,6.91,339,0,0,0.106,37.8,16,27.2,0,4,4,1,0,0,0,"2021_9_6_17"
29.704,26.995,1660,9,2340,0,2021,9,36,249,6,1,18,1019.4,28.2,28.6,28.2,37,12.1,15.7,4.8,1.21,12.9,28.2,27.4,27.4,31.6,0,0,275,5.92,299,0.3,0,0.102,39.2,7,26.8,0,5,4,0,0,0,0,"2021_9_6_18"
27.181,25.837,1660,351,2397,347,2021,9,36,249,6,1,18,1019.3,27.8,28.2,27.8,36,11.4,15.1,6.4,1.61,14.5,27.8,27,27,30.6,0,0,227,4.88,250,0,0,0.099,38,6,26.2,0,6,4,11,0,0,0,"2021_9_6_18"
25.983,25.651,1072,14,1740,0,2021,9,36,249,6,1,18,1019.4,27.4,27.8,27.4,36,11,14.8,4.8,1.21,12.9,27.4,26.5,26.5,29.4,0,0,181,3.89,206,0,0,0.094,38.5,4,25.4,0,7,3,0,0,0,0,"2021_9_6_18"
25.028,24.777,1072,346,1816,343,2021,9,36,249,6,1,18,1019.3,26.9,27.4,26.9,35,10.1,14.1,4.8,1.21,12.9,26.9,25.9,25.9,27.9,0,0,132,2.84,155,0,0,0.089,40.1,3,24.7,0,0,4,13,0,0,0,"2021_9_6_18"
24.071,24.071,747,160,0,0,2021,9,36,249,6,1,19,1019.4,26.4,26.9,26.4,35,9.7,13.7,3.2,0.8,9.7,26.4,25.5,25.5,26.4,0,0,85,1.83,105,0.18,0,0.084,44.2,2,23.7,0,1,3,13,0,0,0,"2021_9_6_19"
22.77,22.458,747,200,520,270,2021,9,36,249,6,1,19,1019.1,25.6,26.4,25.6,39,10.6,14.3,3.2,0.8,6.4,25.6,24.8,24.8,23.9,0,0,49,1.05,65,0,0,0.075,49.6,1,22.5,0,2,4,13,0,0,0,"2021_9_6_19"
21.698,21.58,1326,169,600,180,2021,9,36,249,6,1,19,1018.9,24.3,25.6,24.3,44,11.3,14.7,1.6,0.4,3.2,24.3,23.9,23.9,22.7,0,0,20,0.43,32,0,0,0.063,56.8,0,21.3,0,3,4,13,0,0,0,"2021_9_6_19"
20.554,20.061,1326,191,794,221,2021,9,36,249,6,1,19,1019,23.1,24.3,23.1,52,12.7,15.5,0,0,3.2,23.1,22.9,22.9,21.6,0,0,6,0.13,12,0,0,0.049,62.6,0,20.1,0,4,9,0,0,0,0,"2021_9_6_19"
19.653,18.901,1660,9,2340,0,2021,9,36,249,6,1,20,1019.1,21.8,23,21.8,56,12.7,15.3,0,0,1.6,21.8,21.5,21.5,20,0,0,0,0,0,0.03,0,0.036,65.4,0,18.8,0,5,9,0,0,0,0,"2021_9_6_20"
18.451,17.87,1660,351,2397,347,2021,9,36,249,6,1,20,1019.2,20.9,21.8,20.9,58,12.3,14.8,0,0,0,20.9,20.5,20.5,19,0,0,0,0,0,0,0,0.027,70.3,0,18,0,6,9,8,0,0,0,"2021_9_6_20"
17.919,17.749,1072,14,1740,0,2021,9,36,249,6,1,20,1019.2,20.3,20.9,20.3,58,11.7,14.3,0,0,0,20.3,19.9,19.9,18.4,0,0,0,0,0,0,0,0.02,74.3,0,17.5,0,7,9,8,0,0,0,"2021_9_6_20"
17.531,16.997,1072,346,1816,343,2021,9,36,249,6,1,20,1019.6,19.7,20.3,19.7,60,11.7,14.2,0,0,0,19.7,19.4,19.4,17.9,0,0,0,0,0,0,0,0.014,77.5,0,17.1,0,0,9,8,0,0,0,"2021_9_6_20"
17.298,17.298,747,160,0,0,2021,9,36,249,6,1,21,1019.8,18.9,19.7,18.9,65,12.2,14.3,0,0,0,18.9,18.7,18.7,17.3,0,0,0,0,0,0.03,0,0.006,80.7,0,16.7,0,1,9,8,0,0,0,"2021_9_6_21"
16.583,17.055,747,200,520,270,2021,9,36,249,6,1,21,1020,18.3,18.9,18.3,65,11.6,13.8,0,0,1.6,18.3,18,18,16.5,0,0,0,0,0,0,0,0,81.3,0,16.3,0,2,9,0,0,0,0,"2021_9_6_21"
16.567,16.604,1326,169,600,180,2021,9,36,249,6,1,21,1020.3,18.1,18.4,18.1,69,12.3,14.2,1.6,0.4,4.8,18.1,17.8,17.8,16.4,0,0,0,0,0,0,0.003,0,80.8,0,15.9,0,3,14,9,0,0,0,"2021_9_6_21"
16.555,16.318,1326,191,794,221,2021,9,36,249,6,1,21,1020.3,18.3,18.3,18.1,65,11.6,13.8,1.6,0.4,4.8,18.3,18,18,16.5,0,0,0,0,0,0,0,0,78.9,0,15.8,0,4,14,14,0,0,0,"2021_9_6_21"
16.466,16.15,1660,9,2340,0,2021,9,36,249,6,1,22,1020.5,18.4,18.5,18.3,67,12.1,14.2,1.6,0.4,4.8,18.4,18.1,18.1,16.7,0,0,0,0,0,0.03,0,0.001,80,0,15.7,0,5,14,14,0,0,0,"2021_9_6_22"
16.015,15.956,1660,351,2397,347,2021,9,36,249,6,1,22,1020.4,17.8,18.3,17.8,69,12.1,14,0,0,3.2,17.8,17.6,17.6,16.1,0,0,0,0,0,0,0.005,0,82.9,0,15.3,0,6,9,14,0,0,0,"2021_9_6_22"
15.514,15.528,1072,14,1740,0,2021,9,36,249,6,1,22,1020.3,16.9,17.8,16.9,75,12.4,14,0,0,0,16.9,16.7,16.7,15.3,0,0,0,0,0,0,0.015,0,84.6,0,14.9,0,7,9,8,0,0,0,"2021_9_6_22"
15.242,15.057,1072,346,1816,343,2021,9,36,249,6,1,22,1020.5,16.3,16.9,16.3,77,12.2,13.6,0,0,0,16.3,16.1,16.1,14.7,0,0,0,0,0,0,0.021,0,86.1,0,14.8,0,0,9,8,0,0,0,"2021_9_6_22"
15.042,15.042,747,160,0,0,2021,9,36,249,6,1,23,1020.6,16,16.3,16,79,12.4,13.6,0,0,1.6,16,15.9,15.9,14.4,0,0,0,0,0,0.03,0.024,0,85.8,0,14.6,0,1,9,14,0,0,0,"2021_9_6_23"
14.8,15.249,747,200,520,270,2021,9,36,249,6,1,23,1020.6,15.4,16,15.4,81,12.2,13.4,0,0,0,15.4,15.4,15.4,13.9,0,0,0,0,0,0,0.03,0,86.9,0,14.4,0,2,9,8,0,0,0,"2021_9_6_23"
14.658,14.859,1326,169,600,180,2021,9,36,249,6,1,23,1020.5,14.9,15.4,14.9,82,11.9,13,0,0,0,14.9,14.9,14.9,13.4,0,0,0,0,0,0,0.035,0,88.1,0,14.2,0,3,9,8,0,0,0,"2021_9_6_23"
14.498,14.77,1326,191,794,221,2021,9,36,249,6,1,23,1020.7,14.8,14.9,14.8,83,12,13,0,0,0,14.8,14.7,14.7,13.3,0,0,0,0,0,0,0.036,0,88.5,0,14.1,0,4,9,8,0,0,0,"2021_9_6_23"
14.472,14.566,1660,9,2340,0,2021,9,36,250,7,2,0,1020.6,14.9,14.9,14.8,83,12,13.1,0,0,0,14.9,14.8,14.8,13.3,0,0,0,0,0,0.03,0.036,0,88.1,0,14.1,0,5,9,8,0,0,0,"2021_9_7_0"
14.533,14.665,1660,351,2397,347,2021,9,36,250,7,2,0,1020.9,14.6,14.9,14.6,82,11.5,12.6,0,0,0,14.6,14.4,14.4,12.9,0,0,0,0,0,0,0.039,0,89.8,0,13.8,0,6,9,8,0,0,0,"2021_9_7_0"
14.447,14.11,1072,14,1740,0,2021,9,36,250,7,2,0,1021,14.3,14.6,14.3,83,11.5,12.5,0,0,0,14.3,14.2,14.2,12.7,0,0,0,0,0,0,0.042,0,89.8,0,13.9,0,7,9,8,0,0,0,"2021_9_7_0"
14.426,14.282,1072,346,1816,343,2021,9,36,250,7,2,0,1020.9,14.1,14.3,14.1,83,11.3,12.3,0,0,0,14.1,14,14,12.5,0,0,0,0,0,0,0.044,0,90.7,0,13.8,0,0,9,8,0,0,0,"2021_9_7_0"
14.176,14.176,747,160,0,0,2021,9,36,250,7,2,1,1020.9,14.1,14.1,14,86,11.7,12.6,0,0,0,14.1,14,14,12.5,0,0,0,0,0,0.03,0.045,0,89.7,0,13.7,0,1,9,8,0,0,0,"2021_9_7_1"
14.683,14.916,747,200,520,270,2021,9,36,250,7,2,1,1021,13.9,14.1,13.9,86,11.6,12.5,0,0,1.6,13.9,13.9,13.9,12.4,0,0,0,0,0,0,0.046,0,91.2,0,14,0,2,9,14,0,0,0,"2021_9_7_1"
14.279,14.37,1326,169,600,180,2021,9,36,250,7,2,1,1020.8,14,14.1,13.9,88,12,12.8,0,0,0,14,14,14,12.5,0,0,0,0,0,0,0.045,0,90.7,0,13.9,0,3,9,8,0,0,0,"2021_9_7_1"
14.319,14.201,1326,191,794,221,2021,9,36,250,7,2,1,1020.8,14.1,14.1,13.9,85,11.6,12.6,0,0,1.6,14.1,14,14,12.5,0,0,0,0,0,0,0.044,0,89.7,0,13.7,0,4,9,15,0,0,0,"2021_9_7_1"
13.903,13.969,1660,9,2340,0,2021,9,36,250,7,2,2,1020.7,13.9,14.2,13.9,87,11.8,12.6,0,0,1.6,13.9,13.8,13.8,12.4,0,0,0,0,0,0,0.046,0,91.2,0,13.4,0,5,9,15,0,0,0,"2021_9_7_2"
13.643,14.062,1660,351,2397,347,2021,9,36,250,7,2,2,1020.5,13.7,13.9,13.7,89,11.9,12.6,0,0,1.6,13.7,13.7,13.7,12.2,0,0,0,0,0,0,0.049,0,91,0,13.4,0,6,9,12,0,0,0,"2021_9_7_2"
13.617,13.539,1072,14,1740,0,2021,9,36,250,7,2,2,1020.6,13.5,13.7,13.5,89,11.7,12.4,0,0,0,13.5,13.5,13.5,12,0,0,0,0,0,0,0.05,0,90.5,0,13.1,0,7,9,8,0,0,0,"2021_9_7_2"
13.457,13.317,1072,346,1816,343,2021,9,36,250,7,2,2,1020.6,13.3,13.6,13.3,89,11.6,12.2,0,0,0,13.3,13.4,13.4,11.8,0,0,0,0,0,0,0.052,0,90.7,0,13.1,0,0,9,8,0,0,0,"2021_9_7_2"
13.666,13.666,747,160,0,0,2021,9,36,250,7,2,3,1020.7,13.2,13.3,13.2,86,10.9,11.8,1.6,0.4,4.8,13.2,13.1,13.1,11.6,0,0,0,0,0,0,0.053,0,89.1,0,12.8,0,1,13,11,0,0,0,"2021_9_7_3"
13.401,13.532,747,200,520,270,2021,9,36,250,7,2,3,1020.7,13.2,13.3,13.2,87,11.1,11.9,0,0,4.8,13.2,13.2,13.2,11.6,0,0,0,0,0,0,0.053,0,91.3,0,12.8,0,2,9,11,0,0,0,"2021_9_7_3"
13.643,13.631,1326,169,600,180,2021,9,36,250,7,2,3,1020.6,13.2,13.2,13.1,87,11,11.9,0,0,3.2,13.2,13.1,13.1,11.6,0,0,0,0,0,0,0.054,0,91.8,0,12.8,0,3,9,11,0,0,0,"2021_9_7_3"
13.404,13.404,1326,191,794,221,2021,9,36,250,7,2,3,1020.7,13,13.2,12.9,89,11.2,11.9,0,0,3.2,13,13,13,11.5,0,0,0,0,0,0,0.056,0,91.5,0,12.7,0,4,9,7,0,0,0,"2021_9_7_3"
13.332,13.228,1660,9,2340,0,2021,9,36,250,7,2,4,1020.4,12.9,13.1,12.9,88,10.9,11.7,0,0,3.2,12.9,12.9,12.9,11.3,0,0,0,0,0,0,0.057,0,92.1,0,12.6,0,5,9,9,0,0,0,"2021_9_7_4"
13.183,13.175,1660,351,2397,347,2021,9,36,250,7,2,4,1020.5,12.6,12.9,12.5,89,10.8,11.5,0,0,0,12.6,12.6,12.6,11,0,0,0,0,0,0,0.06,0,92.3,0,12.5,0,6,9,8,0,0,0,"2021_9_7_4"
13.032,12.791,1072,14,1740,0,2021,9,36,250,7,2,4,1020.5,12.6,12.7,12.5,89,10.8,11.5,0,0,1.6,12.6,12.6,12.6,11,0,0,0,0,0,0,0.06,0,92.5,0,12.5,0,7,9,10,0,0,0,"2021_9_7_4"
12.742,12.701,1072,346,1816,343,2021,9,36,250,7,2,4,1020.5,12.5,12.6,12.4,91,11.1,11.6,0,0,0,12.5,12.6,12.6,11,0,0,0,0,0,0,0.061,0,92.6,0,12.3,0,0,9,8,0,0,0,"2021_9_7_4"
12.935,12.935,747,160,0,0,2021,9,36,250,7,2,5,1020.3,12.5,12.6,12.4,91,11.1,11.6,0,0,0,12.5,12.6,12.6,11,0,0,0,0,0,0,0.061,0,92.9,0,12.3,0,1,9,8,0,0,0,"2021_9_7_5"
12.989,13.305,747,200,520,270,2021,9,36,250,7,2,5,1020.1,12.4,12.6,12.3,91,11,11.5,0,0,0,12.4,12.5,12.5,10.9,0,0,0,0,0,0,0.062,0,92.8,0,12.3,0,2,9,8,0,0,0,"2021_9_7_5"
12.687,12.858,1326,169,600,180,2021,9,36,250,7,2,5,1020,12.4,12.4,12.3,91,11,11.5,1.6,0.4,4.8,12.4,12.5,12.5,10.9,0,0,0,0,0,0,0.062,0,92.4,0,12.1,0,3,12,11,0,0,0,"2021_9_7_5"
12.858,12.815,1326,191,794,221,2021,9,36,250,7,2,5,1019.8,12.5,12.5,12.4,91,11.1,11.6,0,0,3.2,12.5,12.6,12.6,11,0,0,0,0,0,0,0.061,0,93.3,0,12.2,0,4,9,11,0,0,0,"2021_9_7_5"
12.739,12.748,1660,9,2340,0,2021,9,36,250,7,2,6,1019.8,12.4,12.6,12.3,92,11.1,11.6,1.6,0.4,3.2,12.4,12.5,12.5,11,0,0,0,0,0,0,0.062,0,93.5,0,12.2,0,5,16,9,0,0,0,"2021_9_7_6"
12.711,12.861,1660,351,2397,347,2021,9,36,250,7,2,6,1019.8,12.5,12.6,12.3,91,11.1,11.6,0,0,1.6,12.5,12.6,12.6,11,0,0,0,0,0,0,0.061,0,92.9,0,12.1,0,6,9,16,0,0,0,"2021_9_7_6"
12.571,12.459,1072,14,1740,0,2021,9,36,250,7,2,6,1020,12.4,12.6,12.3,92,11.1,11.6,0,0,0,12.4,12.5,12.5,11,0,0,0,0,0,0,0.062,0,93.3,0,11.9,0,7,9,8,0,0,0,"2021_9_7_6"
12.63,12.394,1072,346,1816,343,2021,9,36,250,7,2,6,1020.1,12.3,12.4,12.2,92,11,11.5,0,0,0,12.3,12.4,12.4,10.8,0,0,0,0,0,0,0.063,0,93.5,0,12,0,0,9,8,0,0,0,"2021_9_7_6"
12.541,12.541,747,160,0,0,2021,9,36,250,7,2,7,1020.1,12.3,12.3,12.2,93,11.2,11.6,0,0,0,12.3,12.4,12.4,11,0,0,7,0.15,12,0,0.063,0,94,0,12,0,1,9,8,0,0,0,"2021_9_7_7"
13.123,13.394,747,200,520,270,2021,9,36,250,7,2,7,1020.4,12.5,12.5,12.3,93,11.4,11.8,0,0,0,12.5,12.6,12.6,11.3,0,0,16,0.34,21,0,0.061,0,94.8,1,12.3,0,2,9,8,0,0,0,"2021_9_7_7"
13.946,13.931,1326,169,600,180,2021,9,36,250,7,2,7,1020.3,13.3,13.3,12.5,93,12.2,12.6,0,0,0,13.3,13.4,13.4,13,0,0,25,0.54,30,0,0.053,0,95.4,2,13.1,0,3,9,8,0,0,0,"2021_9_7_7"
15.167,14.963,1326,191,794,221,2021,9,36,250,7,2,7,1020.7,14.6,14.6,13.3,90,12.9,13.5,0,0,1.6,14.6,14.7,14.7,14.8,0,0,45,0.97,62,0,0.039,0,96.1,2,14.1,0,4,9,16,0,0,0,"2021_9_7_7"
16.845,16.321,1660,9,2340,0,2021,9,36,250,7,2,8,1021,16.1,16.1,14.6,88,14.1,14.8,0,0,0,16.1,16.2,16.2,17.2,0,0,79,1.7,93,0.03,0.024,0,93.6,3,15.3,0,5,9,8,0,0,0,"2021_9_7_8"
18.64,18.069,1660,351,2397,347,2021,9,36,250,7,2,8,1021,17.8,17.8,16.1,82,14.7,15.7,0,0,0,17.8,18.1,18.1,19.7,0,0,114,2.45,132,0,0.005,0,89.7,4,16.8,0,6,9,8,0,0,0,"2021_9_7_8"
20.641,19.233,1072,14,1740,0,2021,9,36,250,7,2,8,1021.3,18.8,18.8,17.8,79,15.1,16.2,0,0,0,18.8,19.1,19.1,21.5,0,0,153,3.29,178,0,0,0.005,83,5,18.2,0,7,9,8,0,0,0,"2021_9_7_8"
23.436,23.165,1072,346,1816,343,2021,9,36,250,7,2,8,1021.1,19.7,19.7,18.8,67,13.4,15.4,0,0,1.6,19.7,19.7,19.7,22.6,0,0,194,4.17,206,0,0,0.014,74.6,6,19.1,0,0,9,16,0,0,0,"2021_9_7_8"
22.7,22.7,747,160,0,0,2021,9,36,250,7,2,9,1021.2,20.6,20.6,19.7,64,13.5,15.6,0,0,3.2,20.6,20.5,20.5,23.9,0,0,238,5.12,271,0.1,0,0.023,74.6,7,19.8,0,1,9,16,0,0,0,"2021_9_7_9"
25.942,24.237,747,200,520,270,2021,9,36,250,7,2,9,1021.5,22.2,22.2,20.6,60,14,16.3,0,0,1.6,22.2,22.1,22.1,26.2,0,0,292,6.28,325,0,0,0.04,70.1,10,21.2,0,2,9,16,0,0,0,"2021_9_7_9"
27.87,23.83,1326,169,600,180,2021,9,36,250,7,2,9,1021.2,22.6,22.6,22.2,58,13.9,16.3,0,0,1.6,22.6,22.5,22.5,27.2,0,0,355,7.64,392,0,0,0.044,62.7,12,22.8,0,3,9,13,0,0,0,"2021_9_7_9"
27.083,26.485,1326,191,794,221,2021,9,36,250,7,2,9,1021.2,23.6,23.6,22.6,52,13.2,16,1.6,0.4,4.8,23.6,23.6,23.6,28.5,0,0,396,8.52,432,0,0,0.055,60.3,13,23.4,0,4,3,13,0,0,0,"2021_9_7_9"
28.478,24.05,1660,9,2340,0,2021,9,36,250,7,2,10,1021.3,24.3,24.3,23.6,52,13.8,16.5,3.2,0.8,6.4,24.3,24.3,24.3,28.7,0,0,360,7.74,526,0.23,0,0.062,55,11,23.7,0,5,12,13,0,0,0,"2021_9_7_10"
25.598,24.237,1660,351,2397,347,2021,9,36,250,7,2,10,1021,24.2,24.3,24.1,53,14,16.6,3.2,0.8,8,24.2,24.2,24.2,27.6,0,0,288,6.2,374,0,0,0.061,57.7,12,23.4,0,6,4,0,0,0,0,"2021_9_7_10"
26.549,25.977,1072,14,1740,0,2021,9,36,250,7,2,10,1021.6,24.8,24.8,24.2,53,14.5,17.2,3.2,0.8,8,24.8,24.8,24.8,29.1,0,0,370,7.96,439,0,0,0.067,56,13,24.2,0,7,12,10,0,0,0,"2021_9_7_10"
26.059,27.812,1072,346,1816,343,2021,9,36,250,7,2,10,1021.7,25.1,25.1,24.8,46,12.7,15.8,4.8,1.21,11.3,25.1,24.8,24.8,29.3,0,0,404,8.69,552,0,0,0.071,45.5,19,24.4,0,0,13,10,0,0,0,"2021_9_7_10"
28.529,28.529,747,160,0,0,2021,9,36,250,7,2,11,1021.9,25.5,25.5,25.1,46,13,16.1,4.8,1.21,11.3,25.5,25.2,25.2,30.7,0,0,540,11.62,613,0.28,0,0.075,46.2,16,25.8,0,1,13,0,0,0,0,"2021_9_7_11"
26.478,26.344,747,200,520,270,2021,9,36,250,7,2,11,1021.4,25.4,25.7,25.4,43,11.9,15.3,4.8,1.21,12.9,25.4,25,25,29.6,0,0,442,9.51,605,0,0,0.074,50.2,16,25,0,2,12,13,0,0,0,"2021_9_7_11"
24.43,23.806,1326,169,600,180,2021,9,36,250,7,2,11,1021.1,25,25.4,24.9,44,11.9,15.2,3.2,0.8,11.3,25,24.6,24.6,27.2,0,0,260,5.59,385,0,0,0.069,50,7,23.7,0,3,0,1,0,0,0,"2021_9_7_11"
26.318,24.703,1326,191,794,221,2021,9,36,250,7,2,11,1021.5,24.9,24.9,24.7,46,12.5,15.6,3.2,0.8,12.9,24.9,24.6,24.6,26.7,0,0,228,4.9,392,0,0,0.068,54.6,20,24.7,0,4,4,0,0,0,0,"2021_9_7_11"
29.415,27.453,1660,9,2340,0,2021,9,36,250,7,2,12,1022.1,26.4,26.4,24.9,44,13.2,16.3,3.2,0.8,14.5,26.4,26,26,32.1,0,0,685,14.73,714,0.3,0,0.084,38.8,21,27.4,0,5,4,0,0,0,0,"2021_9_7_12"
29.396,29.008,1660,351,2397,347,2021,9,36,250,7,2,12,1021.8,26.9,26.9,26.4,38,11.4,15.1,6.4,1.61,17.7,26.9,26.1,26.1,32.2,0,0,714,15.36,722,0,0,0.09,38.6,35,28.5,0,6,4,0,0,0,0,"2021_9_7_12"
30.211,29.04,1072,14,1740,0,2021,9,36,250,7,2,12,1021.3,27,27,26.7,35,10.2,14.2,8,2.01,14.5,27,26.1,26.1,32.1,0,0,733,15.77,747,0,0,0.09,44.6,24,29,0,7,0,1,0,0,0,"2021_9_7_12"
30.775,29.088,1072,346,1816,343,2021,9,36,250,7,2,12,1021,27,27.1,27,35,10.2,14.2,6.4,1.61,14.5,27,26.1,26.1,32.1,0,0,737,15.85,768,0,0,0.09,34.7,24,29.6,0,0,0,13,0,0,0,"2021_9_7_12"
30.2,30.2,747,160,0,0,2021,9,36,250,7,2,13,1021,26.9,27.1,26.8,33,9.3,13.5,6.4,1.61,12.9,26.9,25.9,25.9,31.8,0,0,666,14.33,733,0.53,0,0.09,39.6,25,29.3,0,1,0,3,0,0,0,"2021_9_7_13"
30.101,30.487,747,200,520,270,2021,9,36,250,7,2,13,1021,27.3,27.4,26.9,31,8.7,13,6.4,1.61,12.9,27.3,26.2,26.2,32.2,0,0,743,15.98,798,0,0,0.094,42.1,25,29.4,0,2,4,0,0,0,0,"2021_9_7_13"
29.327,29.014,1326,169,600,180,2021,9,36,250,7,2,13,1020.7,27.8,27.8,27.3,41,13.3,16.6,4.8,1.21,12.9,27.8,27.3,27.3,33.5,0,0,734,15.79,759,0,0,0.098,42.2,29,30.3,0,3,4,0,0,0,0,"2021_9_7_13"
29.641,28.825,1326,191,794,221,2021,9,36,250,7,2,13,1020.5,27.9,28.1,27.8,35,11,14.9,3.2,0.8,12.9,27.9,26.9,26.9,33,0,0,723,15.55,791,0,0,0.1,30.7,56,31.4,0,4,4,0,0,0,0,"2021_9_7_13"
30.007,28.639,1660,9,2340,0,2021,9,36,250,7,2,14,1020.6,28.1,28.3,27.9,32,9.9,14,4.8,1.21,14.5,28.1,27,27,33.1,0,0,725,15.6,802,0.53,0,0.102,29.8,46,31.3,0,5,12,0,0,0,0,"2021_9_7_14"
32.256,30.339,1660,351,2397,347,2021,9,36,250,7,2,14,1021,28.4,28.4,28.1,34,11.1,14.9,3.2,0.8,14.5,28.4,27.5,27.5,33.2,0,0,800,17.21,928,0,0,0.105,29.8,40,31.9,0,6,4,11,0,0,0,"2021_9_7_14"
28.605,28.102,1072,14,1740,0,2021,9,36,250,7,2,14,1019.3,27.8,28.6,27.8,32,9.6,13.7,4.8,1.21,14.5,27.8,26.7,26.7,32,0,0,559,12.02,777,0,0,0.098,36.6,19,29.2,0,7,1,1,0,0,0,"2021_9_7_14"
28.791,28.19,1072,346,1816,343,2021,9,36,250,7,2,14,1019.9,27.5,27.7,27.3,39,12.3,15.8,3.2,0.8,9.7,27.5,26.8,26.8,30.7,0,0,385,8.28,499,0,0,0.095,41.8,20,28.4,0,0,3,5,0,0,0,"2021_9_7_14"
28.28,28.28,747,160,0,0,2021,9,36,250,7,2,15,1020.1,27.7,27.7,27.4,35,10.9,14.7,3.2,0.8,8,27.7,26.8,26.8,31,0,0,414,8.91,638,0.41,0,0.098,47.6,44,29.4,0,1,0,0,0,0,0,"2021_9_7_15"
27.167,27.553,747,200,520,270,2021,9,36,250,7,2,15,1019.3,27.6,28.2,27.6,38,12,15.6,4.8,1.21,11.3,27.6,26.9,26.9,31.7,0,0,467,10.05,731,0,0,0.097,44.3,46,28.6,0,2,13,10,0,0,0,"2021_9_7_15"
29.045,31.535,1326,169,600,180,2021,9,36,250,7,2,15,1020,28.4,28.4,27.6,32,10.1,14.2,3.2,0.8,8,28.4,27.3,27.3,33.1,0,0,612,13.16,714,0,0,0.105,40.5,47,30.6,0,3,0,0,0,0,0,"2021_9_7_15"
29.466,28.807,1326,191,794,221,2021,9,36,250,7,2,15,1019.6,28.9,29.1,28.4,35,11.9,15.6,3.2,0.8,8,28.9,28,28,34,0,0,635,13.66,657,0,0,0.11,32.5,41,31.1,0,4,4,1,0,0,0,"2021_9_7_15"
30.422,33.902,1660,9,2340,0,2021,9,36,250,7,2,16,1019,28.4,28.9,28.4,36,11.9,15.6,4.8,1.21,11.3,28.4,27.6,27.6,33.5,0,0,599,12.89,613,0.43,0,0.105,38,37,30.3,0,5,0,13,0,0,0,"2021_9_7_16"
28.86,28.78,1660,351,2397,347,2021,9,36,250,7,2,16,1019.3,28.5,28.6,28.3,36,12,15.7,3.2,0.8,9.7,28.5,27.7,27.7,33.5,0,0,572,12.3,610,0,0,0.106,43.9,38,29.2,0,6,0,2,0,0,0,"2021_9_7_16"
30.31,30.233,1072,14,1740,0,2021,9,36,250,7,2,16,1018.9,28.6,28.6,28.4,34,11.2,15,3.2,0.8,11.3,28.6,27.6,27.6,33.3,0,0,514,11.06,594,0,0,0.106,34.2,35,29.4,0,7,4,11,0,0,0,"2021_9_7_16"
29.593,28.523,1072,346,1816,343,2021,9,36,250,7,2,16,1018.6,28.3,28.8,28.3,36,11.8,15.5,3.2,0.8,9.7,28.3,27.5,27.5,33.1,0,0,486,10.45,513,0,0,0.104,41.9,28,28.4,0,0,1,3,0,0,0,"2021_9_7_16"
29.558,29.558,747,160,0,0,2021,9,36,250,7,2,17,1018.5,28.3,28.5,28.3,35,11.4,15.1,3.2,0.8,9.7,28.3,27.3,27.3,32.8,0,0,439,9.44,461,0.38,0,0.104,40.1,15,28.1,0,1,1,13,0,0,0,"2021_9_7_17"
29.176,28.58,747,200,520,270,2021,9,36,250,7,2,17,1018.6,28.2,28.3,28.1,37,12.1,15.7,6.4,1.61,14.5,28.2,27.4,27.4,32.6,0,0,394,8.48,413,0,0,0.102,44,18,27.6,0,2,4,0,0,0,0,"2021_9_7_17"
30.066,33.909,1326,169,600,180,2021,9,36,250,7,2,17,1018.6,28.3,28.3,28.2,36,11.8,15.5,1.6,0.4,8,28.3,27.5,27.5,32.4,0,0,349,7.51,367,0,0,0.104,41.7,20,27.2,0,3,0,1,0,0,0,"2021_9_7_17"
28.861,27.026,1326,191,794,221,2021,9,36,250,7,2,17,1018.1,27.9,28.4,27.9,37,11.9,15.5,6.4,1.61,16.1,27.9,27.1,27.1,31.7,0,0,309,6.65,327,0,0,0.1,41,10,26.8,0,4,4,0,0,0,0,"2021_9_7_17"
26.454,24.815,1660,9,2340,0,2021,9,36,250,7,2,18,1017.8,27.1,27.9,27.1,39,11.9,15.5,6.4,1.61,14.5,27.1,26.3,26.3,28.8,0,0,168,3.61,290,0.25,0,0.091,45,3,25.2,0,5,4,11,0,0,0,"2021_9_7_18"
25.039,23.979,1660,351,2397,347,2021,9,36,250,7,2,18,1018.1,26.4,27.1,26.4,43,12.8,16.1,1.6,0.4,6.4,26.4,25.9,25.9,26.9,0,0,87,1.87,130,0,0,0.084,52.9,3,24.3,0,6,4,0,0,0,0,"2021_9_7_18"
23.955,23.881,1072,14,1740,0,2021,9,36,250,7,2,18,1017.8,25.6,26.4,25.6,53,15.3,17.9,0,0,4.8,25.6,25.7,25.7,26.5,0,0,67,1.44,72,0,0,0.076,59.1,4,23.3,0,7,9,13,0,0,0,"2021_9_7_18"
23.663,23.219,1072,346,1816,343,2021,9,36,250,7,2,18,1017.9,25.1,25.6,25.1,53,14.9,17.4,0,0,3.2,25.1,25.2,25.2,26.1,0,0,72,1.55,74,0,0,0.071,64.7,3,22.8,0,0,9,13,0,0,0,"2021_9_7_18"
23.336,23.336,747,160,0,0,2021,9,36,250,7,2,19,1017.7,24.7,25.1,24.7,57,15.6,17.9,0,0,3.2,24.7,24.8,24.8,25.5,0,0,60,1.29,70,0.08,0,0.066,72.3,2,22.4,0,1,9,0,0,0,0,"2021_9_7_19"
22.489,22.295,747,200,520,270,2021,9,36,250,7,2,19,1017.7,24.3,24.7,24.3,57,15.3,17.6,0,0,1.6,24.3,24.5,24.5,23.9,0,0,49,1.05,63,0,0,0.063,73,1,21.9,0,2,9,11,0,0,0,"2021_9_7_19"
21.47,21.764,1326,169,600,180,2021,9,36,250,7,2,19,1017.5,23.7,24.3,23.7,66,16.9,18.7,0,0,1.6,23.7,24.2,24.2,23.4,0,0,29,0.62,35,0,0,0.056,80.5,1,21.2,0,3,9,11,0,0,0,"2021_9_7_19"
20.838,20.653,1326,191,794,221,2021,9,36,250,7,2,19,1017.5,22.8,23.7,22.8,72,17.5,18.9,0,0,0,22.8,23.4,23.4,22.4,0,0,14,0.3,23,0,0,0.046,81.6,0,20.5,0,4,9,8,0,0,0,"2021_9_7_19"
20.332,20.116,1660,9,2340,0,2021,9,36,250,7,2,20,1017.6,21.8,22.7,21.8,71,16.3,17.9,0,0,3.2,21.8,22.1,22.1,20.9,0,0,0,0,5,0.03,0,0.036,83.3,0,19.9,0,5,9,11,0,0,0,"2021_9_7_20"
19.891,19.655,1660,351,2397,347,2021,9,36,250,7,2,20,1017.8,21.1,21.8,21.1,72,15.9,17.4,0,0,4.8,21.1,21.4,21.4,20.1,0,0,0,0,0,0,0,0.029,83.4,0,19.4,0,6,9,3,0,0,0,"2021_9_7_20"
19.346,19.025,1072,14,1740,0,2021,9,36,250,7,2,20,1017.9,20.7,21.1,20.7,72,15.4,17,0,0,0,20.7,21,21,19.7,0,0,0,0,0,0,0,0.024,85,0,18.9,0,7,9,8,0,0,0,"2021_9_7_20"
18.516,18.191,1072,346,1816,343,2021,9,36,250,7,2,20,1018.1,20.2,20.7,20.2,76,15.9,17.2,0,0,0,20.2,20.7,20.7,19.5,0,0,0,0,0,0,0,0.02,85.5,0,18.2,0,0,9,8,0,0,0,"2021_9_7_20"
17.981,17.981,747,160,0,0,2021,9,36,250,7,2,21,1018.3,19.2,20.2,19.2,77,15,16.3,0,0,1.6,19.2,19.5,19.5,18.2,0,0,0,0,0,0.03,0,0.009,86.2,0,17.7,0,1,9,3,0,0,0,"2021_9_7_21"
17.516,17.647,747,200,520,270,2021,9,36,250,7,2,21,1018.4,18.6,19.1,18.6,80,15,16.2,0,0,0,18.6,18.9,18.9,17.6,0,0,0,0,0,0,0,0.002,86.7,0,17.2,0,2,9,8,0,0,0,"2021_9_7_21"
17.22,17.376,1326,169,600,180,2021,9,36,250,7,2,21,1018.5,17.8,18.6,17.8,83,14.9,15.8,0,0,3.2,17.8,18,18,16.7,0,0,0,0,0,0,0.006,0,87.5,0,16.8,0,3,9,3,0,0,0,"2021_9_7_21"
16.865,17.033,1326,191,794,221,2021,9,36,250,7,2,21,1018.4,17.5,17.8,17.4,83,14.6,15.6,0,0,1.6,17.5,17.7,17.7,16.4,0,0,0,0,0,0,0.009,0,88,0,16.5,0,4,9,3,0,0,0,"2021_9_7_21"
16.548,16.61,1660,9,2340,0,2021,9,36,250,7,2,22,1018.5,17,17.4,17,83,14.1,15.1,0,0,0,17,17.1,17.1,15.8,0,0,0,0,0,0.03,0.014,0,88.3,0,16.3,0,5,9,8,0,0,0,"2021_9_7_22"
16.356,16.47,1660,351,2397,347,2021,9,36,250,7,2,22,1018.5,17.1,17.3,17,82,14,15.1,0,0,0,17.1,17.3,17.3,15.9,0,0,0,0,0,0,0.013,0,88.3,0,16,0,6,9,8,0,0,0,"2021_9_7_22"
16.479,16.22,1072,14,1740,0,2021,9,36,250,7,2,22,1018.5,16.7,17.1,16.7,82,13.6,14.6,0,0,0,16.7,16.7,16.7,15.4,0,0,0,0,0,0,0.017,0,89.7,0,15.8,0,7,9,8,0,0,0,"2021_9_7_22"
16.266,15.992,1072,346,1816,343,2021,9,36,250,7,2,22,1018.7,16.7,16.7,16.6,83,13.8,14.8,0,0,0,16.7,16.8,16.8,15.4,0,0,0,0,0,0,0.017,0,89.3,0,15.7,0,0,9,8,0,0,0,"2021_9_7_22"
15.919,15.919,747,160,0,0,2021,9,36,250,7,2,23,1018.5,16.3,16.7,16.3,83,13.4,14.4,0,0,0,16.3,16.4,16.4,15,0,0,0,0,0,0.03,0.021,0,89.6,0,15.4,0,1,9,8,0,0,0,"2021_9_7_23"
15.797,16.158,747,200,520,270,2021,9,36,250,7,2,23,1018.6,15.9,16.3,15.9,84,13.2,14.1,0,0,0,15.9,15.9,15.9,14.5,0,0,0,0,0,0,0.025,0,90.4,0,15.3,0,2,9,8,0,0,0,"2021_9_7_23"
15.333,15.528,1326,169,600,180,2021,9,36,250,7,2,23,1018.8,15.7,15.9,15.7,85,13.2,14,0,0,0,15.7,15.7,15.7,14.3,0,0,0,0,0,0,0.028,0,89.7,0,15,0,3,9,8,0,0,0,"2021_9_7_23"
15.475,15.451,1326,191,794,221,2021,9,36,250,7,2,23,1018.9,15.3,15.7,15.3,86,13,13.8,0,0,0,15.3,15.3,15.3,14,0,0,0,0,0,0,0.031,0,90.4,0,14.9,0,4,9,8,0,0,0,"2021_9_7_23"
14.981,15.076,1660,9,2340,0,2021,9,36,251,8,3,0,1018.9,15.1,15.3,15.1,87,13,13.7,0,0,0,15.1,15.1,15.1,13.8,0,0,0,0,0,0,0.034,0,90.1,0,14.7,0,5,9,8,0,0,0,"2021_9_8_0"
14.925,15.302,1660,351,2397,347,2021,9,36,251,8,3,0,1019.1,14.9,15.1,14.9,87,12.8,13.6,0,0,0,14.9,15,15,13.6,0,0,0,0,0,0,0.035,0,90.5,0,14.6,0,6,9,8,0,0,0,"2021_9_8_0"
14.822,14.746,1072,14,1740,0,2021,9,36,251,8,3,0,1019.1,14.6,14.9,14.6,88,12.6,13.4,0,0,0,14.6,14.7,14.7,13.3,0,0,0,0,0,0,0.039,0,90.7,0,14.5,0,7,9,8,0,0,0,"2021_9_8_0"
14.694,14.535,1072,346,1816,343,2021,9,36,251,8,3,0,1019,14.8,14.8,14.6,87,12.7,13.5,0,0,1.6,14.8,14.8,14.8,13.5,0,0,0,0,0,0,0.036,0,90.9,0,14.2,0,0,9,3,0,0,0,"2021_9_8_0"
14.472,14.472,747,160,0,0,2021,9,36,251,8,3,1,1019.1,14.7,14.8,14.7,88,12.7,13.4,0,0,1.6,14.7,14.7,14.7,13.3,0,0,0,0,0,0,0.038,0,89.9,0,14.1,0,1,9,3,0,0,0,"2021_9_8_1"
14.462,14.768,747,200,520,270,2021,9,36,251,8,3,1,1019,14.2,14.7,14.2,87,12.1,12.9,0,0,1.6,14.2,14.2,14.2,12.8,0,0,0,0,0,0,0.043,0,91.1,0,13.8,0,2,9,3,0,0,0,"2021_9_8_1"
14.569,14.598,1326,169,600,180,2021,9,36,251,8,3,1,1018.9,14.2,14.2,14.1,87,12,12.8,0,0,1.6,14.2,14.2,14.2,12.7,0,0,0,0,0,0,0.043,0,92.2,0,13.7,0,3,9,3,0,0,0,"2021_9_8_1"
14.372,14.319,1326,191,794,221,2021,9,36,251,8,3,1,1018.8,14.2,14.2,14.2,87,12.1,12.9,0,0,0,14.2,14.2,14.2,12.8,0,0,0,0,0,0,0.043,0,91.4,0,13.7,0,4,9,8,0,0,0,"2021_9_8_1"
13.873,14.011,1660,9,2340,0,2021,9,36,251,8,3,2,1018.7,14.2,14.3,14.2,87,12.1,12.9,0,0,0,14.2,14.2,14.2,12.8,0,0,0,0,0,0,0.043,0,91.5,0,13.5,0,5,9,8,0,0,0,"2021_9_8_2"
14.22,14.25,1660,351,2397,347,2021,9,36,251,8,3,2,1018.7,14,14.2,14,89,12.2,12.9,0,0,0,14,14,14,12.6,0,0,0,0,0,0,0.045,0,92.7,0,13.8,0,6,9,8,0,0,0,"2021_9_8_2"
14.637,14.37,1072,14,1740,0,2021,9,36,251,8,3,2,1018.6,13.9,14,13.9,87,11.8,12.6,0,0,1.6,13.9,13.9,13.9,12.5,0,0,0,0,0,0,0.046,0,93.3,0,14,0,7,9,3,0,0,0,"2021_9_8_2"
14.692,14.447,1072,346,1816,343,2021,9,36,251,8,3,2,1018.6,14.1,14.1,13.9,88,12.1,12.8,0,0,1.6,14.1,14.1,14.1,12.6,0,0,0,0,0,0,0.045,0,93.7,0,13.9,0,0,9,3,0,0,0,"2021_9_8_2"
14.788,14.788,747,160,0,0,2021,9,36,251,8,3,3,1018.5,14.4,14.5,14.1,87,12.3,13.1,0,0,0,14.4,14.5,14.5,13.1,0,0,0,0,0,0,0.041,0,93.3,0,14.1,0,1,9,8,0,0,0,"2021_9_8_3"
14.731,14.991,747,200,520,270,2021,9,36,251,8,3,3,1018.5,14.3,14.4,14.3,86,12,12.9,0,0,1.6,14.3,14.3,14.3,12.9,0,0,0,0,0,0,0.042,0,94,0,14,0,2,9,3,0,0,0,"2021_9_8_3"
14.794,14.843,1326,169,600,180,2021,9,36,251,8,3,3,1018.6,14.4,14.4,14.3,85,11.9,12.8,0,0,0,14.4,14.3,14.3,12.9,0,0,0,0,0,0,0.041,0,94.3,0,14.1,0,3,9,8,0,0,0,"2021_9_8_3"
14.865,14.865,1326,191,794,221,2021,9,36,251,8,3,3,1018.5,14.4,14.5,14.4,86,12.1,12.9,0,0,0,14.4,14.4,14.4,12.9,0,0,0,0,0,0,0.041,0,94.1,0,14.2,0,4,9,8,0,0,0,"2021_9_8_3"
14.78,14.578,1660,9,2340,0,2021,9,36,251,8,3,4,1018.5,14.3,14.4,14.3,87,12.2,13,0,0,0,14.3,14.3,14.3,12.9,0,0,0,0,0,0,0.042,0,93.6,0,14,0,5,9,8,0,0,0,"2021_9_8_4"
14.842,14.801,1660,351,2397,347,2021,9,36,251,8,3,4,1018.3,14.2,14.4,14.2,87,12.1,12.9,0,0,0,14.2,14.2,14.2,12.8,0,0,0,0,0,0,0.043,0,93.3,0,14.1,0,6,9,8,0,0,0,"2021_9_8_4"
15.942,15.329,1072,14,1740,0,2021,9,36,251,8,3,4,1018.7,15.3,15.3,14.2,81,12,13.2,1.6,0.4,4.8,15.3,15.2,15.2,13.8,0,0,0,0,0,0,0.032,0,90.5,0,14.5,0,7,3,12,0,0,0,"2021_9_8_4"
16.667,15.666,1072,346,1816,343,2021,9,36,251,8,3,4,1018.5,17.2,17.2,15.3,73,12.3,13.9,3.2,0.8,6.4,17.2,17,17,15.6,0,0,0,0,0,0,0.012,0,87.5,0,15,0,0,11,9,0,0,0,"2021_9_8_4"
17.214,17.214,747,160,0,0,2021,9,36,251,8,3,5,1018.6,18.3,18.3,17.2,67,12.1,14.1,4.8,1.21,8,18.3,18.1,18.1,16.6,0,0,0,0,0,0.03,0,0,82.2,0,15.4,0,1,11,12,0,0,0,"2021_9_8_5"
17.513,17.071,747,200,520,270,2021,9,36,251,8,3,5,1018.4,18.4,18.6,18.3,67,12.2,14.2,3.2,0.8,8,18.4,18.2,18.2,16.8,0,0,0,0,0,0,0,0.001,82.9,0,15.7,0,2,13,12,0,0,0,"2021_9_8_5"
16.987,16.664,1326,169,600,180,2021,9,36,251,8,3,5,1018.4,18.1,18.4,18.1,69,12.3,14.2,3.2,0.8,6.4,18.1,17.8,17.8,16.4,0,0,0,0,0,0,0.003,0,85.5,0,15.6,0,3,13,12,0,0,0,"2021_9_8_5"
16.317,15.927,1326,191,794,221,2021,9,36,251,8,3,5,1018.2,17.8,18.1,17.8,69,12,13.9,3.2,0.8,6.4,17.8,17.5,17.5,16.1,0,0,0,0,0,0,0.006,0,84.4,0,15.2,0,4,11,12,0,0,0,"2021_9_8_5"
15.73,15.17,1660,9,2340,0,2021,9,36,251,8,3,6,1018.2,17.2,17.8,17.2,72,12.1,13.8,0,0,4.8,17.2,17,17,15.6,0,0,0,0,0,0.03,0.012,0,85.8,0,14.6,0,5,9,12,0,0,0,"2021_9_8_6"
14.936,14.746,1660,351,2397,347,2021,9,36,251,8,3,6,1018.1,16.4,17.2,16.4,74,11.8,13.4,0,0,0,16.4,16.2,16.2,14.8,0,0,0,0,0,0,0.02,0,89.2,0,14.1,0,6,9,8,0,0,0,"2021_9_8_6"
15.525,14.791,1072,14,1740,0,2021,9,36,251,8,3,6,1018.2,16,16.4,16,76,11.8,13.3,1.6,0.4,3.2,16,15.8,15.8,14.4,0,0,0,0,0,0,0.024,0,88.6,0,14.2,0,7,13,11,0,0,0,"2021_9_8_6"
15.618,14.708,1072,346,1816,343,2021,9,36,251,8,3,6,1018.3,16,16,15.9,75,11.6,13.1,1.6,0.4,4.8,16,15.8,15.8,14.3,0,0,0,0,0,0,0.024,0,87.9,0,14.2,0,0,11,12,0,0,0,"2021_9_8_6"
15.446,15.446,747,160,0,0,2021,9,36,251,8,3,7,1018.3,16.1,16.1,16,75,11.7,13.2,1.6,0.4,4.8,16.1,15.9,15.9,14.5,0,0,5,0.11,11,0,0.023,0,86.9,0,14.2,0,1,11,12,0,0,0,"2021_9_8_7"
16.065,15.775,747,200,520,270,2021,9,36,251,8,3,7,1018.3,16.2,16.2,16.1,75,11.8,13.3,1.6,0.4,3.2,16.2,16,16,14.8,0,0,15,0.32,19,0,0.022,0,87,1,14.6,0,2,13,12,0,0,0,"2021_9_8_7"
16.786,16.244,1326,169,600,180,2021,9,36,251,8,3,7,1018.6,16.6,16.6,16.2,75,12.1,13.6,1.6,0.4,3.2,16.6,16.4,16.4,16,0,0,25,0.54,30,0,0.019,0,88.4,2,15.1,0,3,13,10,0,0,0,"2021_9_8_7"
17.613,16.83,1326,191,794,221,2021,9,36,251,8,3,7,1018.9,17.4,17.4,16.6,72,12.3,14,1.6,0.4,4.8,17.4,17.3,17.3,17.3,0,0,41,0.88,53,0,0.009,0,85.9,3,15.8,0,4,13,11,0,0,0,"2021_9_8_7"
18.705,17.626,1660,9,2340,0,2021,9,36,251,8,3,8,1019,18.4,18.4,17.4,70,12.9,14.7,3.2,0.8,6.4,18.4,18.3,18.3,19,0,0,69,1.48,86,0.03,0,0.001,82.2,4,16.8,0,5,13,11,0,0,0,"2021_9_8_8"
19.734,19.083,1660,351,2397,347,2021,9,36,251,8,3,8,1019.1,19.4,19.4,18.4,68,13.4,15.3,1.6,0.4,4.8,19.4,19.4,19.4,21,0,0,111,2.39,134,0,0,0.012,77,5,17.9,0,6,13,10,0,0,0,"2021_9_8_8"
21.233,20.71,1072,14,1740,0,2021,9,36,251,8,3,8,1019.1,20.4,20.4,19.4,63,13.2,15.3,3.2,0.8,12.9,20.4,20.3,20.3,22.8,0,0,165,3.55,190,0,0,0.022,69.6,7,19.2,0,7,13,10,0,0,0,"2021_9_8_8"
24.238,23.043,1072,346,1816,343,2021,9,36,251,8,3,8,1019,21.4,21.4,20.5,62,13.8,16,4.8,1.21,11.3,21.4,21.2,21.2,24.4,0,0,215,4.62,232,0,0,0.032,65.4,7,20.4,0,0,12,11,0,0,0,"2021_9_8_8"
23.596,23.596,747,160,0,0,2021,9,36,251,8,3,9,1019,22.1,22.1,21.4,58,13.5,15.9,6.4,1.61,12.9,22.1,21.9,21.9,25.5,0,0,249,5.36,269,0.13,0,0.039,60.4,8,21.2,0,1,13,10,0,0,0,"2021_9_8_9"
26.321,24.351,747,200,520,270,2021,9,36,251,8,3,9,1019.2,22.8,22.8,22.1,55,13.3,15.9,8,2.01,16.1,22.8,22.7,22.7,26.9,0,0,302,6.5,329,0,0,0.046,59.3,10,22.3,0,2,12,10,0,0,0,"2021_9_8_9"
25.289,22.868,1326,169,600,180,2021,9,36,251,8,3,9,1018.9,23.2,23.2,22.8,52,12.8,15.6,9.7,2.41,16.1,23.2,23.1,23.1,27.4,0,0,318,6.84,381,0,0,0.051,57,9,22.2,0,3,13,10,0,0,0,"2021_9_8_9"
26.414,25.331,1326,191,794,221,2021,9,36,251,8,3,9,1019.2,23.6,23.6,23.1,52,13.1,15.9,9.7,2.41,19.3,23.6,23.5,23.5,27.7,0,0,330,7.1,380,0,0,0.054,52.1,6,23,0,4,13,11,0,0,0,"2021_9_8_9"
28.069,24.228,1660,9,2340,0,2021,9,36,251,8,3,10,1019.2,24,24,23.6,47,12,15.1,11.3,2.82,22.5,24,23.8,23.8,27.7,0,0,335,7.21,434,0.25,0,0.059,50.3,13,23.9,0,5,13,11,0,0,0,"2021_9_8_10"
28.017,25.905,1660,351,2397,347,2021,9,36,251,8,3,10,1019.3,24.5,24.6,24,46,12.1,15.3,11.3,2.82,22.5,24.5,24.2,24.2,29.2,0,0,447,9.62,466,0,0,0.064,46.8,14,24.8,0,6,13,11,0,0,0,"2021_9_8_10"
27.487,26.625,1072,14,1740,0,2021,9,36,251,8,3,10,1019.1,24.8,24.8,24.5,45,12,15.3,14.5,3.62,24.1,24,24.4,23.6,28.4,0,0,484,10.41,499,0,0,0.067,43.8,14,25.1,0,7,13,10,0,0,0,"2021_9_8_10"
28.219,29.917,1072,346,1816,343,2021,9,36,251,8,3,10,1019.1,25,25.1,24.8,42,11.2,14.7,12.9,3.22,24.1,24.5,24.5,24,29.1,0,0,520,11.19,538,0,0,0.069,43.5,15,25.5,0,0,13,10,0,0,0,"2021_9_8_10"
28.049,28.049,747,160,0,0,2021,9,36,251,8,3,11,1019.3,25.3,25.3,24.9,43,11.8,15.2,12.9,3.22,25.7,24.8,24.8,24.3,29.5,0,0,554,11.92,568,0.43,0,0.072,42.5,16,25.8,0,1,13,11,0,0,0,"2021_9_8_11"
27.781,27.858,747,200,520,270,2021,9,36,251,8,3,11,1019.2,25.5,25.5,25.2,44,12.3,15.6,12.9,3.22,24.1,25,25.1,24.5,29.9,0,0,586,12.61,598,0,0,0.075,42.2,17,26.5,0,2,13,10,0,0,0,"2021_9_8_11"
28.133,26.971,1326,169,600,180,2021,9,36,251,8,3,11,1019.3,25.9,26,25.5,41,11.7,15.2,11.3,2.82,22.5,25.9,25.3,25.3,31,0,0,612,13.16,626,0,0,0.079,41.1,18,27.2,0,3,13,11,0,0,0,"2021_9_8_11"
28.642,27.961,1326,191,794,221,2021,9,36,251,8,3,11,1019.3,26.3,26.3,25.9,41,12,15.5,11.3,2.82,20.9,26.3,25.7,25.7,31.5,0,0,640,13.77,652,0,0,0.083,38.6,19,27.6,0,4,13,11,0,0,0,"2021_9_8_11"
28.255,27.399,1660,9,2340,0,2021,9,36,251,8,3,12,1019.1,26.5,26.5,26.3,39,11.4,15,12.9,3.22,24.1,26,25.7,25.3,30.9,0,0,661,14.22,671,0.51,0,0.085,41.6,20,27.7,0,5,13,11,0,0,0,"2021_9_8_12"
29.095,28.743,1660,351,2397,347,2021,9,36,251,8,3,12,1018.9,26.8,26.8,26.4,40,12.1,15.6,11.3,2.82,25.7,26.8,26.1,26.1,32,0,0,681,14.65,689,0,0,0.089,39.4,35,28.6,0,6,13,11,0,0,0,"2021_9_8_12"
29.346,29.394,1072,14,1740,0,2021,9,36,251,8,3,12,1018.9,27.1,27.1,26.8,39,12,15.5,11.3,2.82,22.5,27.1,26.4,26.4,32.3,0,0,698,15.01,707,0,0,0.091,36,21,29,0,7,13,11,0,0,0,"2021_9_8_12"
28.662,29.63,1072,346,1816,343,2021,9,36,251,8,3,12,1018.5,27.1,27.2,27.1,38,11.6,15.2,11.3,2.82,27.4,27.1,26.3,26.3,32.3,0,0,714,15.36,722,0,0,0.091,36.8,30,28.8,0,0,12,12,0,0,0,"2021_9_8_12"
29.441,29.441,747,160,0,0,2021,9,36,251,8,3,13,1018.6,27.3,27.3,27.1,36,10.9,14.7,12.9,3.22,29,26.8,26.4,25.9,31.7,0,0,726,15.62,731,0.56,0,0.093,34.2,28,29.2,0,1,12,0,0,0,0,"2021_9_8_13"
28.905,29.09,747,200,520,270,2021,9,36,251,8,3,13,1018.4,27.4,27.4,27.3,37,11.4,15.1,12.9,3.22,25.7,27,26.6,26.1,31.9,0,0,736,15.83,740,0,0,0.094,39.8,29,29.3,0,2,13,0,0,0,0,"2021_9_8_13"
29.424,28.944,1326,169,600,180,2021,9,36,251,8,3,13,1018.5,27.8,27.8,27.3,38,12.2,15.7,11.3,2.82,22.5,27.8,27,27,33.1,0,0,739,15.9,742,0,0,0.098,37.2,42,30.4,0,3,12,0,0,0,0,"2021_9_8_13"
28.905,28.925,1326,191,794,221,2021,9,36,251,8,3,13,1018.2,27.7,28,27.7,37,11.7,15.4,11.3,2.82,24.1,27.7,26.9,26.9,32.9,0,0,739,15.9,742,0,0,0.098,34.2,55,30.7,0,4,13,11,0,0,0,"2021_9_8_13"
28.636,28.489,1660,9,2340,0,2021,9,36,251,8,3,14,1018.2,27.9,27.9,27.7,37,11.9,15.5,11.3,2.82,22.5,27.9,27.1,27.1,33.1,0,0,734,15.79,738,0.61,0,0.1,32.1,54,31,0,5,13,12,0,0,0,"2021_9_8_14"
29.143,29.571,1660,351,2397,347,2021,9,36,251,8,3,14,1018.3,28.2,28.2,27.9,36,11.7,15.4,9.7,2.41,24.1,28.2,27.4,27.4,33.5,0,0,728,15.66,733,0,0,0.103,35.1,33,31.6,0,6,11,0,0,0,0,"2021_9_8_14"
29.343,32.431,1072,14,1740,0,2021,9,36,251,8,3,14,1018.2,28.1,28.3,28,37,12,15.7,11.3,2.82,29,28.1,27.3,27.3,33.3,0,0,718,15.44,724,0,0,0.102,29.2,49,31.9,0,7,4,0,0,0,0,"2021_9_8_14"
28.72,29.354,1072,346,1816,343,2021,9,36,251,8,3,14,1017.7,28.1,28.3,28.1,34,10.7,14.6,11.3,2.82,22.5,28.1,27.1,27.1,33,0,0,703,15.12,710,0,0,0.101,36.9,46,31.8,0,0,12,0,0,0,0,"2021_9_8_14"
28.759,28.759,747,160,0,0,2021,9,36,251,8,3,15,1017.7,28.2,28.3,28.1,35,11.3,15.1,9.7,2.41,17.7,28.2,27.3,27.3,33.3,0,0,687,14.78,700,0.58,0,0.103,31.1,42,31.2,0,1,13,11,0,0,0,"2021_9_8_15"
28.906,29.098,747,200,520,270,2021,9,36,251,8,3,15,1017.5,28.2,28.3,28.2,34,10.9,14.8,11.3,2.82,22.5,28.2,27.2,27.2,33.1,0,0,663,14.26,675,0,0,0.103,28.7,47,31.1,0,2,4,0,0,0,0,"2021_9_8_15"
28.97,30.787,1326,169,600,180,2021,9,36,251,8,3,15,1017.4,28.3,28.3,28.2,31,9.5,13.7,9.7,2.41,20.9,28.3,27.1,27.1,33,0,0,639,13.75,652,0,0,0.104,28.8,45,31.2,0,3,4,10,0,0,0,"2021_9_8_15"
29.065,28.312,1326,191,794,221,2021,9,36,251,8,3,15,1016.9,28.2,28.3,28.1,33,10.4,14.4,12.9,3.22,19.3,27.8,27.1,26.7,32.3,0,0,613,13.19,624,0,0,0.102,30.1,42,31.1,0,4,4,0,0,0,0,"2021_9_8_15"
28.959,32.793,1660,9,2340,0,2021,9,36,251,8,3,16,1016.9,28.4,28.4,28.2,35,11.5,15.2,11.3,2.82,22.5,28.4,27.4,27.4,33.2,0,0,581,12.5,601,0.53,0,0.105,38.1,35,29.6,0,5,4,0,0,0,0,"2021_9_8_16"
29.012,28.841,1660,351,2397,347,2021,9,36,251,8,3,16,1017,28.4,28.4,28.3,34,11,14.9,8,2.01,17.7,28.4,27.4,27.4,33.2,0,0,545,11.72,563,0,0,0.105,34.3,24,29.3,0,6,12,0,0,0,0,"2021_9_8_16"
29.565,29.906,1072,14,1740,0,2021,9,36,251,8,3,16,1016.7,28.3,28.4,28.1,34,10.9,14.8,8,2.01,20.9,28.3,27.3,27.3,33,0,0,511,10.99,526,0,0,0.104,36.2,35,29,0,7,4,10,0,0,0,"2021_9_8_16"
28.784,27.893,1072,346,1816,343,2021,9,36,251,8,3,16,1016.3,28.2,28.3,28.2,34,10.8,14.7,9.7,2.41,20.9,28.2,27.2,27.2,32.7,0,0,471,10.13,490,0,0,0.102,32.9,17,28,0,0,4,11,0,0,0,"2021_9_8_16"
28.853,28.853,747,160,0,0,2021,9,36,251,8,3,17,1016.5,28.1,28.2,28,34,10.7,14.6,9.7,2.41,19.3,28.1,27.1,27.1,32.4,0,0,431,9.27,450,0.43,0,0.101,34.6,14,27.7,0,1,4,0,0,0,0,"2021_9_8_17"
28.827,28.456,747,200,520,270,2021,9,36,251,8,3,17,1016,28,28.1,27.9,36,11.5,15.3,8,2.01,22.5,28,27.1,27.1,32.3,0,0,388,8.35,406,0,0,0.101,41.2,15,27.3,0,2,4,0,0,0,0,"2021_9_8_17"
28.937,31.343,1326,169,600,180,2021,9,36,251,8,3,17,1016.2,27.9,28,27.8,38,12.3,15.8,6.4,1.61,16.1,27.9,27.2,27.2,32,0,0,345,7.42,366,0,0,0.1,35.8,19,26.9,0,3,4,13,0,0,0,"2021_9_8_17"
28.503,26.963,1326,191,794,221,2021,9,36,251,8,3,17,1015.9,27.6,27.9,27.6,36,11.1,14.9,8,2.01,14.5,27.6,26.7,26.7,31.1,0,0,299,6.43,322,0,0,0.096,41.4,9,26.6,0,4,12,11,0,0,0,"2021_9_8_17"
28.562,26.361,1660,9,2340,0,2021,9,36,251,8,3,18,1015.7,27.4,27.6,27.4,36,11,14.8,6.4,1.61,12.9,27.4,26.5,26.5,30.4,0,0,253,5.44,274,0.3,0,0.094,37.8,7,26.2,0,5,4,0,0,0,0,"2021_9_8_18"
26.466,25.396,1660,351,2397,347,2021,9,36,251,8,3,18,1015.7,27.1,27.4,27.1,36,10.7,14.5,6.4,1.61,14.5,27.1,26.2,26.2,29.5,0,0,206,4.43,225,0,0,0.091,45.9,5,25.4,0,6,4,0,0,0,0,"2021_9_8_18"
25.189,24.792,1072,14,1740,0,2021,9,36,251,8,3,18,1015.7,26.8,27.1,26.7,36,10.5,14.3,4.8,1.21,11.3,26.8,25.9,25.9,28.4,0,0,161,3.46,183,0,0,0.088,40.4,4,24.6,0,7,3,0,0,0,0,"2021_9_8_18"
24.184,23.851,1072,346,1816,343,2021,9,36,251,8,3,18,1015.6,26.2,26.8,26.2,36,9.9,13.8,4.8,1.21,12.9,26.2,25.3,25.3,26.9,0,0,114,2.45,132,0,0,0.082,41.2,3,23.9,0,0,4,13,0,0,0,"2021_9_8_18"
22.98,22.98,747,160,0,0,2021,9,36,251,8,3,19,1015.4,25.1,26.2,25.1,41,10.9,14.5,4.8,1.21,8,25.1,24.5,24.5,25.3,0,0,73,1.57,93,0.15,0,0.071,52,2,22.6,0,1,4,0,0,0,0,"2021_9_8_19"
21.764,21.639,747,200,520,270,2021,9,36,251,8,3,19,1015.3,24.3,25.1,24.3,47,12.3,15.4,1.6,0.4,4.8,24.3,24.1,24.1,23.2,0,0,38,0.82,53,0,0,0.063,54,1,21.5,0,2,4,0,0,0,0,"2021_9_8_19"
20.247,20.415,1326,169,600,180,2021,9,36,251,8,3,19,1015.3,23.3,24.3,23.3,49,12,15,0,0,0,23.3,23.1,23.1,21.8,0,0,16,0.34,25,0,0,0.052,62.6,0,20,0,3,9,8,0,0,0,"2021_9_8_19"
18.904,18.977,1326,191,794,221,2021,9,36,251,8,3,19,1015.3,22.4,23.3,22.4,52,12,14.9,0,0,0,22.4,22,22,20.6,0,0,4,0.09,9,0,0,0.042,69.3,0,18.8,0,4,9,8,0,0,0,"2021_9_8_19"
18.381,18.12,1660,9,2340,0,2021,9,36,251,8,3,20,1015.3,21.2,22.4,21.2,58,12.6,15.1,0,0,1.6,21.2,20.8,20.8,19.4,0,0,0,0,0,0.03,0,0.03,73.7,0,18,0,5,9,0,0,0,0,"2021_9_8_20"
17.623,17.413,1660,351,2397,347,2021,9,36,251,8,3,20,1015.5,20,21.2,20,56,11,13.7,0,0,3.2,20,19.5,19.5,18,0,0,0,0,0,0,0,0.017,76.1,0,17.3,0,6,9,0,0,0,0,"2021_9_8_20"
17.174,16.743,1072,14,1740,0,2021,9,36,251,8,3,20,1015.4,19.1,20,19.1,69,13.3,15.1,0,0,1.6,19.1,19.1,19.1,17.7,0,0,0,0,0,0,0,0.008,78.4,0,16.8,0,7,9,0,0,0,0,"2021_9_8_20"
16.677,16.408,1072,346,1816,343,2021,9,36,251,8,3,20,1015.7,18.1,19.1,18.1,74,13.3,14.9,0,0,0,18.1,18,18,16.6,0,0,0,0,0,0,0.003,0,79.6,0,16.5,0,0,9,8,0,0,0,"2021_9_8_20"
16.499,16.499,747,160,0,0,2021,9,36,251,8,3,21,1016,17.3,18.1,17.3,75,12.8,14.3,0,0,0,17.3,17.2,17.2,15.8,0,0,0,0,0,0.03,0.011,0,79.5,0,16,0,1,9,8,0,0,0,"2021_9_8_21"
15.968,16.123,747,200,520,270,2021,9,36,251,8,3,21,1016,16.8,17.3,16.8,75,12.3,13.8,0,0,0,16.8,16.6,16.6,15.2,0,0,0,0,0,0,0.016,0,82.5,0,15.6,0,2,9,8,0,0,0,"2021_9_8_21"
16.068,16.099,1326,169,600,180,2021,9,36,251,8,3,21,1016.2,16.4,16.8,16.4,78,12.6,13.9,0,0,1.6,16.4,16.4,16.4,14.9,0,0,0,0,0,0,0.02,0,81.6,0,15.4,0,3,9,0,0,0,0,"2021_9_8_21"
15.804,15.503,1326,191,794,221,2021,9,36,251,8,3,21,1016.3,15.9,16.5,15.9,77,11.9,13.3,0,0,0,15.9,15.8,15.8,14.3,0,0,0,0,0,0,0.025,0,81.7,0,15.2,0,4,9,8,0,0,0,"2021_9_8_21"
15.521,15.49,1660,9,2340,0,2021,9,36,251,8,3,22,1016.4,16.1,16.1,15.9,76,11.9,13.4,0,0,1.6,16.1,15.9,15.9,14.5,0,0,0,0,0,0.03,0.023,0,81.6,0,15,0,5,9,0,0,0,0,"2021_9_8_22"
15.396,15.406,1660,351,2397,347,2021,9,36,251,8,3,22,1016.4,15.7,16.2,15.7,76,11.5,13,0,0,1.6,15.7,15.5,15.5,14,0,0,0,0,0,0,0.027,0,83.3,0,14.7,0,6,9,0,0,0,0,"2021_9_8_22"
15.1,14.91,1072,14,1740,0,2021,9,36,251,8,3,22,1016.2,15.3,15.7,15.3,76,11.1,12.6,0,0,0,15.3,15.1,15.1,13.6,0,0,0,0,0,0,0.031,0,85.5,0,14.5,0,7,9,8,0,0,0,"2021_9_8_22"
14.827,14.798,1072,346,1816,343,2021,9,36,251,8,3,22,1016.3,15.1,15.3,15.1,78,11.2,12.6,0,0,0,15.1,14.9,14.9,13.4,0,0,0,0,0,0,0.034,0,85.7,0,14.3,0,0,9,8,0,0,0,"2021_9_8_22"
14.649,14.649,747,160,0,0,2021,9,36,251,8,3,23,1016.5,14.8,15.1,14.8,77,10.8,12.3,0,0,1.6,14.8,14.6,14.6,13.1,0,0,0,0,0,0.03,0.036,0,86,0,14.1,0,1,9,0,0,0,0,"2021_9_8_23"
14.532,14.758,747,200,520,270,2021,9,36,251,8,3,23,1016.4,14.8,15,14.8,80,11.4,12.6,0,0,1.6,14.8,14.6,14.6,13.2,0,0,0,0,0,0,0.037,0,86,0,14,0,2,9,0,0,0,0,"2021_9_8_23"
14.463,14.596,1326,169,600,180,2021,9,36,251,8,3,23,1016.5,14.4,14.8,14.4,80,11,12.3,0,0,0,14.4,14.2,14.2,12.7,0,0,0,0,0,0,0.041,0,87.7,0,13.8,0,3,9,8,0,0,0,"2021_9_8_23"
14.378,14.351,1326,191,794,221,2021,9,36,251,8,3,23,1016.6,14.3,14.4,14.3,83,11.4,12.5,0,0,1.6,14.3,14.2,14.2,12.7,0,0,0,0,0,0,0.042,0,88,0,13.7,0,4,9,0,0,0,0,"2021_9_8_23"
14.234,14.36,1660,9,2340,0,2021,9,36,252,9,4,0,1016.6,14.1,14.3,14.1,84,11.4,12.4,0,0,0,14.1,13.9,13.9,12.5,0,0,0,0,0,0.03,0.045,0,88.4,0,13.6,0,5,9,8,0,0,0,"2021_9_9_0"
13.766,14.05,1660,351,2397,347,2021,9,36,252,9,4,0,1016.6,14,14.1,14,83,11.2,12.2,0,0,3.2,14,13.9,13.9,12.4,0,0,0,0,0,0,0.045,0,88,0,13.4,0,6,9,0,0,0,0,"2021_9_9_0"
13.357,13.55,1072,14,1740,0,2021,9,36,252,9,4,0,1016.3,13.7,14,13.7,84,11.1,12.1,0,0,0,13.7,13.6,13.6,12.1,0,0,0,0,0,0,0.048,0,88.3,0,13.2,0,7,9,8,0,0,0,"2021_9_9_0"
13.47,13.29,1072,346,1816,343,2021,9,36,252,9,4,0,1016.3,13.5,13.8,13.4,84,10.8,11.9,0,0,0,13.5,13.4,13.4,11.9,0,0,0,0,0,0,0.05,0,88.5,0,13.1,0,0,9,8,0,0,0,"2021_9_9_0"
13.136,13.136,747,160,0,0,2021,9,36,252,9,4,1,1016.5,13.2,13.4,13.2,86,10.9,11.8,0,0,0,13.2,13.1,13.1,11.6,0,0,0,0,0,0,0.053,0,88.4,0,12.9,0,1,9,8,0,0,0,"2021_9_9_1"
12.808,13.422,747,200,520,270,2021,9,36,252,9,4,1,1016.5,13.2,13.2,13.1,85,10.7,11.7,0,0,0,13.2,13.1,13.1,11.5,0,0,0,0,0,0,0.054,0,88.3,0,12.6,0,2,9,8,0,0,0,"2021_9_9_1"
12.622,12.892,1326,169,600,180,2021,9,36,252,9,4,1,1016.4,12.8,13.1,12.8,87,10.7,11.6,0,0,0,12.8,12.8,12.8,11.3,0,0,0,0,0,0,0.057,0,88.5,0,12.4,0,3,9,8,0,0,0,"2021_9_9_1"
12.512,12.913,1326,191,794,221,2021,9,36,252,9,4,1,1016.2,12.4,12.8,12.4,88,10.5,11.3,0,0,0,12.4,12.4,12.4,10.9,0,0,0,0,0,0,0.061,0,88.7,0,12.3,0,4,9,8,0,0,0,"2021_9_9_1"
12.52,12.419,1660,9,2340,0,2021,9,36,252,9,4,2,1016.3,12.4,12.4,12.3,89,10.7,11.4,0,0,1.6,12.4,12.5,12.5,11,0,0,0,0,0,0,0.061,0,88.2,0,12.2,0,5,9,0,0,0,0,"2021_9_9_2"
12.283,12.542,1660,351,2397,347,2021,9,36,252,9,4,2,1016.2,12.3,12.5,12.3,89,10.6,11.3,0,0,1.6,12.3,12.4,12.4,10.9,0,0,0,0,0,0,0.062,0,88.7,0,12,0,6,9,0,0,0,0,"2021_9_9_2"
12.397,12.231,1072,14,1740,0,2021,9,36,252,9,4,2,1016.4,12.1,12.3,12.1,90,10.5,11.2,0,0,0,12.1,12.2,12.2,10.6,0,0,0,0,0,0,0.065,0,90.2,0,11.8,0,7,9,8,0,0,0,"2021_9_9_2"
12.485,12.287,1072,346,1816,343,2021,9,36,252,9,4,2,1016.5,12.2,12.2,12.1,88,10.2,11,1.6,0.4,3.2,12.2,12.2,12.2,10.6,0,0,0,0,0,0,0.064,0,90.4,0,11.8,0,0,4,0,0,0,0,"2021_9_9_2"
12.473,12.473,747,160,0,0,2021,9,36,252,9,4,3,1016.3,12.1,12.2,12,87,10,10.8,0,0,3.2,12.1,12,12,10.5,0,0,0,0,0,0,0.065,0,90.6,0,11.7,0,1,9,11,0,0,0,"2021_9_9_3"
12.174,12.358,747,200,520,270,2021,9,36,252,9,4,3,1016.3,11.9,12.1,11.9,89,10.2,10.9,0,0,3.2,11.9,12,12,10.4,0,0,0,0,0,0,0.067,0,90.8,0,11.6,0,2,9,11,0,0,0,"2021_9_9_3"
12.107,12.168,1326,169,600,180,2021,9,36,252,9,4,3,1016.1,11.8,11.9,11.8,88,9.9,10.6,0,0,3.2,11.8,11.8,11.8,10.2,0,0,0,0,0,0,0.068,0,90.8,0,11.3,0,3,9,11,0,0,0,"2021_9_9_3"
11.836,12.062,1326,191,794,221,2021,9,36,252,9,4,3,1016,11.6,11.8,11.5,90,10,10.6,0,0,0,11.6,11.6,11.6,10.1,0,0,0,0,0,0,0.071,0,90.5,0,11.4,0,4,9,8,0,0,0,"2021_9_9_3"
11.628,11.906,1660,9,2340,0,2021,9,36,252,9,4,4,1016,11.5,11.6,11.5,90,9.9,10.6,0,0,0,11.5,11.6,11.6,10,0,0,0,0,0,0,0.071,0,90.2,0,11.3,0,5,9,8,0,0,0,"2021_9_9_4"
11.642,11.945,1660,351,2397,347,2021,9,36,252,9,4,4,1016,11.7,11.8,11.4,90,10.1,10.8,0,0,1.6,11.7,11.8,11.8,10.2,0,0,0,0,0,0,0.069,0,90.3,0,11.2,0,6,9,11,0,0,0,"2021_9_9_4"
11.576,11.528,1072,14,1740,0,2021,9,36,252,9,4,4,1015.9,11.6,11.8,11.6,89,9.8,10.5,0,0,1.6,11.6,11.6,11.6,10,0,0,0,0,0,0,0.071,0,91.6,0,11.1,0,7,9,11,0,0,0,"2021_9_9_4"
11.531,11.652,1072,346,1816,343,2021,9,36,252,9,4,4,1015.8,11.3,11.6,11.3,90,9.7,10.4,0,0,0,11.3,11.4,11.4,9.8,0,0,0,0,0,0,0.073,0,92.1,0,11,0,0,9,8,0,0,0,"2021_9_9_4"
11.333,11.333,747,160,0,0,2021,9,36,252,9,4,5,1015.8,11.1,11.3,11.1,91,9.6,10.2,0,0,0,11.1,11.2,11.2,9.6,0,0,0,0,0,0,0.076,0,91.9,0,11,0,1,9,8,0,0,0,"2021_9_9_5"
11.291,11.878,747,200,520,270,2021,9,36,252,9,4,5,1015.8,11.1,11.1,11.1,93,10,10.4,0,0,0,11.1,11.2,11.2,9.7,0,0,0,0,0,0,0.076,0,92.1,0,11,0,2,9,8,0,0,0,"2021_9_9_5"
11.318,11.567,1326,169,600,180,2021,9,36,252,9,4,5,1015.7,11.2,11.3,11.1,92,10,10.5,0,0,1.6,11.2,11.4,11.4,9.8,0,0,0,0,0,0,0.074,0,92,0,10.8,0,3,9,11,0,0,0,"2021_9_9_5"
11.298,11.628,1326,191,794,221,2021,9,36,252,9,4,5,1015.5,10.9,11.3,10.9,91,9.5,10.1,0,0,0,10.9,11.1,11.1,9.5,0,0,0,0,0,0,0.077,0,92.3,0,10.7,0,4,9,8,0,0,0,"2021_9_9_5"
11.212,11.497,1660,9,2340,0,2021,9,36,252,9,4,6,1015.7,10.7,11,10.7,92,9.5,10,0,0,0,10.7,10.9,10.9,9.3,0,0,0,0,0,0,0.079,0,93,0,10.7,0,5,9,8,0,0,0,"2021_9_9_6"
11.079,11.341,1660,351,2397,347,2021,9,36,252,9,4,6,1015.7,10.8,10.8,10.7,93,9.7,10.1,0,0,0,10.8,11,11,9.4,0,0,0,0,0,0,0.079,0,92.1,0,10.6,0,6,9,8,0,0,0,"2021_9_9_6"
11.005,11.078,1072,14,1740,0,2021,9,36,252,9,4,6,1015.6,10.7,10.9,10.7,92,9.5,10,0,0,0,10.7,10.9,10.9,9.3,0,0,0,0,0,0,0.079,0,93.1,0,10.4,0,7,9,8,0,0,0,"2021_9_9_6"
11.239,11.117,1072,346,1816,343,2021,9,36,252,9,4,6,1015.7,10.5,10.8,10.5,92,9.3,9.8,0,0,0,10.5,10.7,10.7,9.1,0,0,0,0,0,0,0.082,0,93.3,0,10.6,0,0,9,8,0,0,0,"2021_9_9_6"
11.132,11.132,747,160,0,0,2021,9,36,252,9,4,7,1015.7,10.6,10.6,10.4,92,9.4,9.9,0,0,0,10.6,10.8,10.8,9.2,0,0,3,0.06,11,0,0.08,0,92.9,0,10.6,0,1,9,8,0,0,0,"2021_9_9_7"
11.595,11.877,747,200,520,270,2021,9,36,252,9,4,7,1015.9,10.8,10.8,10.6,93,9.7,10.2,0,0,0,10.8,11,11,9.6,0,0,15,0.32,19,0,0.078,0,93.8,1,10.8,0,2,9,8,0,0,0,"2021_9_9_7"
12.494,12.349,1326,169,600,180,2021,9,36,252,9,4,7,1015.8,11.6,11.6,10.8,92,10.3,10.8,0,0,0,11.6,11.7,11.7,11.2,0,0,24,0.52,28,0,0.071,0,94.4,1,11.5,0,3,9,8,0,0,0,"2021_9_9_7"
13.535,13.467,1326,191,794,221,2021,9,36,252,9,4,7,1016.1,12.7,12.7,11.6,90,11.1,11.7,0,0,0,12.7,12.7,12.7,12.6,0,0,39,0.84,51,0,0.059,0,94.2,2,12.6,0,4,9,8,0,0,0,"2021_9_9_7"
15.291,14.701,1660,9,2340,0,2021,9,36,252,9,4,8,1016.4,13.6,13.6,12.7,91,12.2,12.7,0,0,0,13.6,13.7,13.7,14.3,0,0,69,1.48,86,0.03,0.049,0,94.8,3,14,0,5,9,8,0,0,0,"2021_9_9_8"
16.594,16.86,1660,351,2397,347,2021,9,36,252,9,4,8,1016.3,15,15,13.7,85,12.5,13.4,1.6,0.4,3.2,15,14.9,14.9,16.3,0,0,104,2.24,123,0,0.035,0,88.3,4,15.2,0,6,8,14,0,0,0,"2021_9_9_8"
18.42,18.445,1072,14,1740,0,2021,9,36,252,9,4,8,1016.6,16.3,16.4,15,78,12.5,13.8,1.6,0.4,4.8,16.3,16.2,16.2,18.3,0,0,145,3.12,165,0,0.021,0,82.9,5,16.3,0,7,8,7,0,0,0,"2021_9_9_8"
21.063,21.173,1072,346,1816,343,2021,9,36,252,9,4,8,1016.8,17.7,17.7,16.4,75,13.2,14.7,0,0,1.6,17.7,17.6,17.6,20.4,0,0,189,4.07,216,0,0.007,0,75.4,6,17.6,0,0,9,7,0,0,0,"2021_9_9_8"
22.507,22.507,747,160,0,0,2021,9,36,252,9,4,9,1016.8,18.6,18.6,17.7,64,11.6,13.8,0,0,3.2,18.6,18.2,18.2,21.6,0,0,239,5.14,260,0.1,0,0.002,68.4,7,18.8,0,1,9,6,0,0,0,"2021_9_9_9"
24.389,22.63,747,200,520,270,2021,9,36,252,9,4,9,1016.9,20,20,18.5,61,12.2,14.6,0,0,3.2,20,19.8,19.8,23.7,0,0,283,6.09,302,0,0,0.017,65.5,8,20.1,0,2,9,4,0,0,0,"2021_9_9_9"
25.749,22.823,1326,169,600,180,2021,9,36,252,9,4,9,1016.7,20.9,20.9,20.1,54,11.2,14.1,1.6,0.4,3.2,20.9,20.2,20.2,24.5,0,0,324,6.97,343,0,0,0.027,61.4,10,21.5,0,3,5,4,0,0,0,"2021_9_9_9"
26.724,26.755,1326,191,794,221,2021,9,36,252,9,4,9,1016.9,22.1,22.1,20.9,53,12,14.9,0,0,3.2,22.1,21.6,21.6,26.2,0,0,366,7.87,387,0,0,0.039,61.1,11,22.2,0,4,9,4,0,0,0,"2021_9_9_9"
27.034,22.79,1660,9,2340,0,2021,9,36,252,9,4,10,1016.8,22.8,22.8,22.1,50,11.9,14.9,3.2,0.8,6.4,22.8,22.6,22.6,27.5,0,0,408,8.78,424,0.2,0,0.047,53.6,12,22.7,0,5,4,0,0,0,0,"2021_9_9_10"
27.14,25.277,1660,351,2397,347,2021,9,36,252,9,4,10,1016.7,23.3,23.3,22.8,51,12.6,15.5,3.2,0.8,6.4,23.3,23.3,23.3,28.4,0,0,443,9.53,461,0,0,0.052,53.1,13,23.4,0,6,4,11,0,0,0,"2021_9_9_10"
27.437,26.882,1072,14,1740,0,2021,9,36,252,9,4,10,1016.7,23.7,23.7,23.3,50,12.6,15.6,4.8,1.21,11.3,23.7,23.6,23.6,28.9,0,0,480,10.33,497,0,0,0.056,51.8,14,24.2,0,7,12,0,0,0,0,"2021_9_9_10"
27.587,30.073,1072,346,1816,343,2021,9,36,252,9,4,10,1016.5,24.1,24.1,23.7,47,12.1,15.2,6.4,1.61,14.5,24.1,23.9,23.9,29.4,0,0,519,11.16,536,0,0,0.06,46.5,15,24.8,0,0,13,10,0,0,0,"2021_9_9_10"
27.77,27.77,747,160,0,0,2021,9,36,252,9,4,11,1016.7,24.6,24.6,24.1,44,11.5,14.9,4.8,1.21,12.9,24.6,24.2,24.2,29.8,0,0,553,11.9,573,0.36,0,0.065,42.8,16,25.8,0,1,13,12,0,0,0,"2021_9_9_11"
27.839,27.353,747,200,520,270,2021,9,36,252,9,4,11,1016.7,25.2,25.2,24.6,44,12.1,15.4,6.4,1.61,14.5,25.2,24.8,24.8,30.6,0,0,587,12.63,601,0,0,0.072,44.5,17,26.4,0,2,12,11,0,0,0,"2021_9_9_11"
27.821,26.663,1326,169,600,180,2021,9,36,252,9,4,11,1016.6,25.4,25.4,25.2,41,11.2,14.8,8,2.01,16.1,25.4,24.8,24.8,30.7,0,0,615,13.23,626,0,0,0.074,46.2,18,26.9,0,3,13,0,0,0,0,"2021_9_9_11"
28.517,27.731,1326,191,794,221,2021,9,36,252,9,4,11,1016.5,25.8,25.9,25.4,37,10,13.9,6.4,1.61,12.9,25.8,25,25,30.9,0,0,639,13.75,649,0,0,0.078,37.4,39,27.3,0,4,12,11,0,0,0,"2021_9_9_11"
28.484,26.654,1660,9,2340,0,2021,9,36,252,9,4,12,1016.4,26.2,26.3,25.8,37,10.4,14.2,4.8,1.21,14.5,26.2,25.4,25.4,31.3,0,0,662,14.24,671,0.46,0,0.082,35.8,20,27.4,0,5,13,10,0,0,0,"2021_9_9_12"
28.706,28.179,1660,351,2397,347,2021,9,36,252,9,4,12,1016.6,26.4,26.4,26.1,38,10.9,14.6,4.8,1.21,14.5,26.4,25.6,25.6,31.6,0,0,682,14.67,689,0,0,0.084,38,37,28,0,6,12,0,0,0,0,"2021_9_9_12"
29.296,28.652,1072,14,1740,0,2021,9,36,252,9,4,12,1016.2,26.7,27,26.4,37,10.8,14.6,4.8,1.21,12.9,26.7,25.9,25.9,31.9,0,0,700,15.06,707,0,0,0.087,43.9,21,28.6,0,7,0,3,0,0,0,"2021_9_9_12"
30.468,29.469,1072,346,1816,343,2021,9,36,252,9,4,12,1016.3,26.8,26.8,26.4,36,10.5,14.3,4.8,1.21,9.7,26.8,25.9,25.9,31.9,0,0,711,15.29,715,0,0,0.088,45.5,23,29.2,0,0,0,3,0,0,0,"2021_9_9_12"
29.447,29.447,747,160,0,0,2021,9,36,252,9,4,13,1016,27.1,27.1,26.8,40,12.3,15.8,3.2,0.8,12.9,27.1,26.4,26.4,32.5,0,0,719,15.47,726,0.51,0,0.091,38,22,29.7,0,1,4,0,0,0,0,"2021_9_9_13"
30.106,30.373,747,200,520,270,2021,9,36,252,9,4,13,1015.6,26.9,27.1,26.9,37,11,14.8,4.8,1.21,11.3,26.9,26.1,26.1,32.2,0,0,724,15.57,728,0,0,0.09,36.2,23,29.9,0,2,1,3,0,0,0,"2021_9_9_13"
29.698,28.715,1326,169,600,180,2021,9,36,252,9,4,13,1015.8,27.3,27.3,26.9,36,10.9,14.7,3.2,0.8,12.9,27.3,26.4,26.4,32.5,0,0,728,15.66,733,0,0,0.094,31.2,25,30.3,0,3,4,0,0,0,0,"2021_9_9_13"
30.249,29.201,1326,191,794,221,2021,9,36,252,9,4,13,1015.7,27.6,27.7,27.3,34,10.3,14.3,3.2,0.8,9.7,27.6,26.6,26.6,32.6,0,0,734,15.79,737,0,0,0.096,44.5,54,31.4,0,4,0,1,0,0,0,"2021_9_9_13"
30.277,29.316,1660,9,2340,0,2021,9,36,252,9,4,14,1015.3,27.7,27.7,27.4,37,11.7,15.3,4.8,1.21,12.9,27.7,26.9,26.9,33,0,0,726,15.62,729,0.51,0,0.097,36.7,52,31.5,0,5,8,13,0,0,0,"2021_9_9_14"
31.961,29.593,1660,351,2397,347,2021,9,36,252,9,4,14,1015,27.5,27.8,27.4,35,10.7,14.5,4.8,1.21,11.3,27.5,26.6,26.6,32.6,0,0,722,15.53,728,0,0,0.095,32.1,33,32.8,0,6,5,4,0,0,0,"2021_9_9_14"
29.194,29.477,1072,14,1740,0,2021,9,36,252,9,4,14,1015,28.2,28.2,27.5,36,11.7,15.4,4.8,1.21,9.7,28.2,27.3,27.3,33.4,0,0,709,15.25,717,0,0,0.102,31.1,50,31.8,0,7,13,11,0,0,0,"2021_9_9_14"
29.062,28.746,1072,346,1816,343,2021,9,36,252,9,4,14,1015.1,28.4,28.4,28.1,37,12.3,15.9,3.2,0.8,6.4,28.4,27.7,27.7,33.8,0,0,696,14.97,701,0,0,0.105,34.7,44,31.7,0,0,15,2,0,0,0,"2021_9_9_14"
30.211,30.211,747,160,0,0,2021,9,36,252,9,4,15,1014.8,28.1,28.6,28.1,32,9.9,14,4.8,1.21,14.5,28.1,27,27,33,0,0,680,14.63,687,0.51,0,0.102,32.6,34,32.1,0,1,0,1,0,0,0,"2021_9_9_15"
30.575,30.479,747,200,520,270,2021,9,36,252,9,4,15,1014.8,28.2,28.2,28.1,32,9.9,14,6.4,1.61,27.4,28.2,27.1,27.1,33,0,0,656,14.11,664,0,0,0.102,31.9,44,32.2,0,2,0,13,0,0,0,"2021_9_9_15"
30.65,29.917,1326,169,600,180,2021,9,36,252,9,4,15,1014.6,28.1,28.3,27.9,31,9.4,13.6,4.8,1.21,14.5,28.1,27,27,32.8,0,0,631,13.57,643,0,0,0.102,37.2,44,32,0,3,1,1,0,0,0,"2021_9_9_15"
28.687,28.182,1326,191,794,221,2021,9,36,252,9,4,15,1014.2,28.4,28.4,28.1,31,9.6,13.8,4.8,1.21,16.1,28.4,27.2,27.2,33.1,0,0,605,13.01,615,0,0,0.105,29.4,40,31.3,0,4,4,0,0,0,0,"2021_9_9_15"
29.135,32.047,1660,9,2340,0,2021,9,36,252,9,4,16,1014,28.2,28.4,28.2,38,12.6,16.1,4.8,1.21,11.3,28.2,27.5,27.5,33.4,0,0,573,12.33,591,0.46,0,0.103,37.6,36,29.7,0,5,13,12,0,0,0,"2021_9_9_16"
29.856,29.185,1660,351,2397,347,2021,9,36,252,9,4,16,1014.1,28.3,28.4,28.1,33,10.5,14.5,3.2,0.8,11.3,28.3,27.3,27.3,33,0,0,539,11.59,555,0,0,0.104,46,23,29.3,0,6,0,11,0,0,0,"2021_9_9_16"
29.258,30.857,1072,14,1740,0,2021,9,36,252,9,4,16,1014,28.6,28.6,28.3,37,12.5,16,3.2,0.8,9.7,28.6,27.8,27.8,33.6,0,0,502,10.8,522,0,0,0.107,33.4,33,29,0,7,2,1,0,0,0,"2021_9_9_16"
30.057,28.29,1072,346,1816,343,2021,9,36,252,9,4,16,1013.7,28.3,28.7,28.3,31,9.6,13.8,4.8,1.21,9.7,28.3,27.2,27.2,32.6,0,0,463,9.96,482,0,0,0.104,40.8,16,28.4,0,0,0,1,0,0,0,"2021_9_9_16"
29.574,29.574,747,160,0,0,2021,9,36,252,9,4,17,1013.7,28.7,28.8,28.3,33,10.8,14.7,3.2,0.8,11.3,28.7,27.6,27.6,32.9,0,0,422,9.08,443,0.36,0,0.108,34.1,16,27.9,0,1,0,1,0,0,0,"2021_9_9_17"
28.881,28.269,747,200,520,270,2021,9,36,252,9,4,17,1013.6,28.6,28.7,28.6,35,11.6,15.3,3.2,0.8,11.3,28.6,27.6,27.6,32.7,0,0,380,8.17,397,0,0,0.106,40.8,12,27.3,0,2,4,0,0,0,0,"2021_9_9_17"
28.52,27.713,1326,169,600,180,2021,9,36,252,9,4,17,1013.4,28.4,28.6,28.4,36,11.9,15.6,3.2,0.8,8,28.4,27.6,27.6,32.4,0,0,340,7.31,359,0,0,0.105,38.5,18,26.7,0,3,4,13,0,0,0,"2021_9_9_17"
28.314,26.533,1326,191,794,221,2021,9,36,252,9,4,17,1013.6,28.2,28.4,28.1,35,11.3,15,3.2,0.8,6.4,28.2,27.2,27.2,31.6,0,0,296,6.37,320,0,0,0.102,38.2,10,26.5,0,4,13,10,0,0,0,"2021_9_9_17"
28.264,26.158,1660,9,2340,0,2021,9,36,252,9,4,18,1013.4,27.9,28.2,27.9,34,10.6,14.5,3.2,0.8,8,27.9,26.9,26.9,30.8,0,0,253,5.44,272,0.25,0,0.1,46,7,26,0,5,4,0,0,0,0,"2021_9_9_18"
26.08,25.24,1660,351,2397,347,2021,9,36,252,9,4,18,1013.3,27.8,27.9,27.8,37,11.8,15.4,1.6,0.4,6.4,27.8,27,27,30.4,0,0,208,4.47,230,0,0,0.099,45.5,5,25.1,0,6,12,0,0,0,0,"2021_9_9_18"
25.333,24.661,1072,14,1740,0,2021,9,36,252,9,4,18,1013.1,27.3,27.8,27.3,38,11.7,15.3,1.6,0.4,4.8,27.3,26.5,26.5,29.1,0,0,159,3.42,181,0,0,0.093,50.7,4,24.4,0,7,12,11,0,0,0,"2021_9_9_18"
24.13,23.298,1072,346,1816,343,2021,9,36,252,9,4,18,1013.2,26.8,27.3,26.8,39,11.7,15.3,1.6,0.4,3.2,26.8,26.1,26.1,27.7,0,0,109,2.34,134,0,0,0.089,57.2,3,23.2,0,0,12,11,0,0,0,"2021_9_9_18"
22.824,22.824,747,160,0,0,2021,9,36,252,9,4,19,1013.2,26.4,26.8,26.4,57,17.2,19.4,0,0,1.6,26.4,26.8,26.8,27.7,0,0,65,1.4,84,0.1,0,0.084,66.8,1,22.1,0,1,9,11,0,0,0,"2021_9_9_19"
21.634,21.507,747,200,520,270,2021,9,36,252,9,4,19,1013,26,26.4,26,57,16.8,19,0,0,0,26,26.3,26.3,25.6,0,0,33,0.71,46,0,0,0.08,70.6,0,21.1,0,2,9,8,0,0,0,"2021_9_9_19"
20.485,20.451,1326,169,600,180,2021,9,36,252,9,4,19,1013,24.6,26,24.6,56,15.2,17.6,0,0,0,24.6,24.8,24.8,23.6,0,0,13,0.28,21,0,0,0.065,76.5,0,19.9,0,3,9,8,0,0,0,"2021_9_9_19"
19.56,19.398,1326,191,794,221,2021,9,36,252,9,4,19,1013.1,22.1,24.6,22.1,65,15.2,17.1,0,0,1.6,22.1,22.1,22.1,20.9,0,0,2,0.04,7,0,0,0.039,81.2,0,19,0,4,9,11,0,0,0,"2021_9_9_19"
18.441,18.494,1660,9,2340,0,2021,9,36,252,9,4,20,1013.1,20.8,22,20.8,68,14.7,16.5,0,0,1.6,20.8,20.9,20.9,19.6,0,0,0,0,0,0.03,0,0.025,80.2,0,18.3,0,5,9,11,0,0,0,"2021_9_9_20"
17.732,17.934,1660,351,2397,347,2021,9,36,252,9,4,20,1013.3,19.9,20.8,19.9,73,14.9,16.4,0,0,3.2,19.9,20.2,20.2,18.9,0,0,0,0,0,0,0,0.016,81.5,0,17.6,0,6,9,11,0,0,0,"2021_9_9_20"
17.645,17.376,1072,14,1740,0,2021,9,36,252,9,4,20,1013.5,18.9,19.8,18.9,76,14.6,15.9,0,0,0,18.9,19.1,19.1,17.8,0,0,0,0,0,0,0,0.006,82.7,0,17.3,0,7,9,8,0,0,0,"2021_9_9_20"
17.125,16.945,1072,346,1816,343,2021,9,36,252,9,4,20,1013.6,18.1,18.9,18.1,78,14.2,15.5,0,0,0,18.1,18.3,18.3,16.9,0,0,0,0,0,0,0.002,0,84.9,0,16.9,0,0,9,8,0,0,0,"2021_9_9_20"
16.875,16.875,747,160,0,0,2021,9,36,252,9,4,21,1013.9,17.6,18.1,17.6,81,14.3,15.4,0,0,3.2,17.6,17.8,17.8,16.5,0,0,0,0,0,0.03,0.008,0,84.1,0,16.5,0,1,9,11,0,0,0,"2021_9_9_21"
16.714,16.772,747,200,520,270,2021,9,36,252,9,4,21,1014.2,17.4,17.6,17.4,78,13.5,14.8,1.6,0.4,4.8,17.4,17.4,17.4,16.1,0,0,0,0,0,0,0.01,0,83.6,0,16,0,2,14,14,0,0,0,"2021_9_9_21"
16.375,16.304,1326,169,600,180,2021,9,36,252,9,4,21,1014.6,16.9,17.4,16.9,77,12.8,14.2,1.6,0.4,4.8,16.9,16.8,16.8,15.4,0,0,0,0,0,0,0.015,0,83.4,0,15.6,0,3,4,13,0,0,0,"2021_9_9_21"
16.164,16.009,1326,191,794,221,2021,9,36,252,9,4,21,1014.6,16.6,16.9,16.5,78,12.7,14,0,0,4.8,16.6,16.5,16.5,15.1,0,0,0,0,0,0,0.019,0,84.8,0,15.5,0,4,9,0,0,0,0,"2021_9_9_21"
15.937,15.73,1660,9,2340,0,2021,9,36,252,9,4,22,1014.7,16.1,16.5,16.1,81,12.8,14,0,0,1.6,16.1,16.1,16.1,14.7,0,0,0,0,0,0.03,0.023,0,86.1,0,15.2,0,5,9,0,0,0,0,"2021_9_9_22"
15.505,15.485,1660,351,2397,347,2021,9,36,252,9,4,22,1014.7,16.2,16.2,15.9,79,12.5,13.8,0,0,3.2,16.2,16.1,16.1,14.7,0,0,0,0,0,0,0.023,0,85,0,15,0,6,9,10,0,0,0,"2021_9_9_22"
15.352,15.151,1072,14,1740,0,2021,9,36,252,9,4,22,1014.5,15.8,16.2,15.8,80,12.4,13.6,0,0,1.6,15.8,15.7,15.7,14.3,0,0,0,0,0,0,0.026,0,86.1,0,14.8,0,7,9,10,0,0,0,"2021_9_9_22"
15.054,15.019,1072,346,1816,343,2021,9,36,252,9,4,22,1014.9,15.4,15.9,15.4,82,12.4,13.5,0,0,0,15.4,15.4,15.4,14,0,0,0,0,0,0,0.03,0,87.3,0,14.7,0,0,9,8,0,0,0,"2021_9_9_22"
14.722,14.722,747,160,0,0,2021,9,36,252,9,4,23,1014.8,15.3,15.4,15.3,82,12.3,13.4,0,0,3.2,15.3,15.3,15.3,13.8,0,0,0,0,0,0.03,0.031,0,87.4,0,14.5,0,1,9,0,0,0,0,"2021_9_9_23"
14.997,15.078,747,200,520,270,2021,9,36,252,9,4,23,1014.6,15.2,15.4,15.2,82,12.1,13.2,0,0,0,15.2,15.1,15.1,13.6,0,0,0,0,0,0,0.033,0,86.9,0,14.3,0,2,9,8,0,0,0,"2021_9_9_23"
14.682,14.574,1326,169,600,180,2021,9,36,252,9,4,23,1014.7,14.9,15.2,14.9,82,11.9,13,0,0,0,14.9,14.9,14.9,13.4,0,0,0,0,0,0,0.035,0,87,0,14.1,0,3,9,8,0,0,0,"2021_9_9_23"
14.777,14.604,1326,191,794,221,2021,9,36,252,9,4,23,1014.6,14.8,14.9,14.8,82,11.7,12.9,0,0,3.2,14.8,14.7,14.7,13.2,0,0,0,0,0,0,0.037,0,87.4,0,14,0,4,9,0,0,0,0,"2021_9_9_23"
14.75,14.717,1660,9,2340,0,2021,9,36,253,10,5,0,1014.8,14.7,14.8,14.7,83,11.8,12.9,0,0,0,14.7,14.6,14.6,13.1,0,0,0,0,0,0.03,0.038,0,87.1,0,14,0,5,9,8,0,0,0,"2021_9_10_0"
14.351,14.509,1660,351,2397,347,2021,9,36,253,10,5,0,1014.6,14.6,14.7,14.6,84,11.9,12.9,0,0,0,14.6,14.5,14.5,13,0,0,0,0,0,0,0.039,0,86.8,0,13.9,0,6,9,8,0,0,0,"2021_9_10_0"
14.138,14.122,1072,14,1740,0,2021,9,36,253,10,5,0,1014.6,14.5,14.6,14.4,83,11.6,12.7,0,0,1.6,14.5,14.4,14.4,12.9,0,0,0,0,0,0,0.04,0,87.1,0,13.7,0,7,9,0,0,0,0,"2021_9_10_0"
14.244,13.817,1072,346,1816,343,2021,9,36,253,10,5,0,1014.6,14.3,14.6,14.3,83,11.5,12.5,0,0,1.6,14.3,14.2,14.2,12.8,0,0,0,0,0,0,0.042,0,86.9,0,13.4,0,0,9,0,0,0,0,"2021_9_10_0"
14.093,14.093,747,160,0,0,2021,9,36,253,10,5,1,1014.6,14.2,14.3,14.1,83,11.3,12.4,0,0,3.2,14.2,14.1,14.1,12.6,0,0,0,0,0,0.03,0.043,0,89.1,0,13.3,0,1,9,0,0,0,0,"2021_9_10_1"
13.808,14.162,747,200,520,270,2021,9,36,253,10,5,1,1014.7,13.6,14.2,13.6,85,11.1,12,0,0,3.2,13.6,13.4,13.4,11.9,0,0,0,0,0,0,0.05,0,90.2,0,13.2,0,2,9,11,0,0,0,"2021_9_10_1"
13.717,13.64,1326,169,600,180,2021,9,36,253,10,5,1,1014.6,13.6,13.6,13.5,86,11.3,12.1,0,0,1.6,13.6,13.5,13.5,12,0,0,0,0,0,0,0.05,0,89.6,0,13,0,3,9,0,0,0,0,"2021_9_10_1"
13.467,13.595,1326,191,794,221,2021,9,36,253,10,5,1,1014.7,13.6,13.6,13.5,87,11.4,12.2,0,0,1.6,13.6,13.5,13.5,12,0,0,0,0,0,0,0.05,0,90.6,0,12.9,0,4,9,0,0,0,0,"2021_9_10_1"
13.231,13.4,1660,9,2340,0,2021,9,36,253,10,5,2,1014.6,13.2,13.5,13.2,87,11.1,11.9,0,0,0,13.2,13.2,13.2,11.7,0,0,0,0,0,0,0.053,0,90.4,0,12.8,0,5,9,8,0,0,0,"2021_9_10_2"
13.159,13.599,1660,351,2397,347,2021,9,36,253,10,5,2,1014.5,13.1,13.2,13,88,11.1,11.9,0,0,0,13.1,13,13,11.6,0,0,0,0,0,0,0.055,0,90.3,0,12.8,0,6,9,8,0,0,0,"2021_9_10_2"
13.075,13.001,1072,14,1740,0,2021,9,36,253,10,5,2,1014.5,12.9,13.1,12.9,88,10.9,11.7,0,0,0,12.9,12.9,12.9,11.4,0,0,0,0,0,0,0.057,0,90.8,0,12.7,0,7,9,8,0,0,0,"2021_9_10_2"
12.977,12.959,1072,346,1816,343,2021,9,36,253,10,5,2,1014.4,12.7,12.9,12.7,90,11.1,11.8,0,0,0,12.7,12.8,12.8,11.3,0,0,0,0,0,0,0.058,0,90.9,0,12.5,0,0,9,8,0,0,0,"2021_9_10_2"
12.82,12.82,747,160,0,0,2021,9,36,253,10,5,3,1014.4,12.8,12.8,12.7,89,11,11.7,0,0,0,12.8,12.8,12.8,11.3,0,0,0,0,0,0,0.058,0,90.7,0,12.6,0,1,9,8,0,0,0,"2021_9_10_3"
12.986,13.412,747,200,520,270,2021,9,36,253,10,5,3,1014.4,12.7,12.8,12.7,90,11.1,11.7,0,0,0,12.7,12.7,12.7,11.2,0,0,0,0,0,0,0.059,0,91.4,0,12.4,0,2,9,8,0,0,0,"2021_9_10_3"
12.689,12.609,1326,169,600,180,2021,9,36,253,10,5,3,1014.7,12.4,12.7,12.4,89,10.7,11.4,0,0,1.6,12.4,12.5,12.5,11,0,0,0,0,0,0,0.061,0,91,0,12.1,0,3,9,0,0,0,0,"2021_9_10_3"
12.674,12.837,1326,191,794,221,2021,9,36,253,10,5,3,1014.8,12.3,12.4,12.3,90,10.7,11.4,0,0,1.6,12.3,12.4,12.4,10.9,0,0,0,0,0,0,0.062,0,91,0,12.1,0,4,9,0,0,0,0,"2021_9_10_3"
12.846,12.73,1660,9,2340,0,2021,9,36,253,10,5,4,1014.8,12.2,12.4,12.2,89,10.5,11.2,0,0,0,12.2,12.3,12.3,10.7,0,0,0,0,0,0,0.064,0,92.3,0,12.1,0,5,9,8,0,0,0,"2021_9_10_4"
12.625,12.595,1660,351,2397,347,2021,9,36,253,10,5,4,1014.7,12.3,12.3,12.2,90,10.7,11.3,0,0,0,12.3,12.3,12.3,10.8,0,0,0,0,0,0,0.063,0,91.9,0,12.1,0,6,9,8,0,0,0,"2021_9_10_4"
12.332,12.214,1072,14,1740,0,2021,9,36,253,10,5,4,1014.8,12.5,12.6,12.3,88,10.6,11.3,0,0,1.6,12.5,12.5,12.5,11,0,0,0,0,0,0,0.061,0,91.4,0,11.9,0,7,9,0,0,0,0,"2021_9_10_4"
12.276,12.107,1072,346,1816,343,2021,9,36,253,10,5,4,1014.7,12.3,12.6,12.2,88,10.3,11.1,0,0,1.6,12.3,12.3,12.3,10.8,0,0,0,0,0,0,0.063,0,92.2,0,11.6,0,0,9,0,0,0,0,"2021_9_10_4"
12.125,12.125,747,160,0,0,2021,9,36,253,10,5,5,1014.6,12,12.2,12,90,10.4,11.1,0,0,0,12,12.1,12.1,10.5,0,0,0,0,0,0,0.066,0,92,0,11.6,0,1,9,8,0,0,0,"2021_9_10_5"
12.031,12.63,747,200,520,270,2021,9,36,253,10,5,5,1014.5,11.8,12,11.8,91,10.4,11,0,0,0,11.8,11.9,11.9,10.4,0,0,0,0,0,0,0.068,0,92.6,0,11.6,0,2,9,8,0,0,0,"2021_9_10_5"
11.951,11.906,1326,169,600,180,2021,9,36,253,10,5,5,1014.4,11.7,11.9,11.7,92,10.5,11,0,0,1.6,11.7,11.8,11.8,10.3,0,0,0,0,0,0,0.069,0,92,0,11.5,0,3,9,0,0,0,0,"2021_9_10_5"
11.88,12.184,1326,191,794,221,2021,9,36,253,10,5,5,1014.3,11.7,11.8,11.7,91,10.2,10.8,0,0,0,11.7,11.7,11.7,10.2,0,0,0,0,0,0,0.069,0,92.4,0,11.4,0,4,9,8,0,0,0,"2021_9_10_5"
12.031,12.184,1660,9,2340,0,2021,9,36,253,10,5,6,1014.2,11.5,11.7,11.5,91,10.1,10.7,0,0,0,11.5,11.6,11.6,10.1,0,0,0,0,0,0,0.071,0,93,0,11.5,0,5,9,8,0,0,0,"2021_9_10_6"
11.977,12.27,1660,351,2397,347,2021,9,36,253,10,5,6,1014,11.4,11.5,11.4,93,10.3,10.7,0,0,0,11.4,11.5,11.5,10,0,0,0,0,0,0,0.072,0,92.8,0,11.5,0,6,9,8,0,0,0,"2021_9_10_6"
11.772,11.84,1072,14,1740,0,2021,9,36,253,10,5,6,1014.1,11.4,11.4,11.3,93,10.4,10.8,0,0,0,11.4,11.6,11.6,10.1,0,0,0,0,0,0,0.072,0,92.9,0,11.3,0,7,9,8,0,0,0,"2021_9_10_6"
11.768,11.8,1072,346,1816,343,2021,9,36,253,10,5,6,1014.1,11.3,11.4,11.3,92,10.1,10.6,0,0,0,11.3,11.5,11.5,9.9,0,0,0,0,0,0,0.073,0,93.7,0,11.3,0,0,9,8,0,0,0,"2021_9_10_6"
11.868,11.868,747,160,0,0,2021,9,36,253,10,5,7,1014.3,11.4,11.4,11.3,93,10.4,10.8,0,0,1.6,11.4,11.6,11.6,10.1,0,0,3,0.06,9,0,0.072,0,93.3,0,11.4,0,1,9,0,0,0,0,"2021_9_10_7"
12.213,12.503,747,200,520,270,2021,9,36,253,10,5,7,1014.5,11.6,11.6,11.4,92,10.4,10.9,0,0,0,11.6,11.7,11.7,10.4,0,0,14,0.3,19,0,0.07,0,93.4,1,11.4,0,2,9,8,0,0,0,"2021_9_10_7"
13.069,12.736,1326,169,600,180,2021,9,36,253,10,5,7,1014.8,12.1,12.1,11.6,91,10.7,11.3,0,0,3.2,12.1,12.2,12.2,11.8,0,0,25,0.54,30,0,0.065,0,93,1,11.9,0,3,9,0,0,0,0,"2021_9_10_7"
14.018,13.888,1326,191,794,221,2021,9,36,253,10,5,7,1014.8,12.9,12.9,12.1,89,11.1,11.8,0,0,1.6,12.9,12.9,12.9,12.8,0,0,37,0.8,53,0,0.057,0,93.7,2,12.8,0,4,9,0,0,0,0,"2021_9_10_7"
14.907,14.339,1660,9,2340,0,2021,9,36,253,10,5,8,1015.2,14.2,14.2,12.9,87,12,12.8,0,0,1.6,14.2,14.2,14.2,14.8,0,0,68,1.46,86,0.03,0.043,0,90.9,3,13.7,0,5,9,0,0,0,0,"2021_9_10_8"
17.051,16.435,1660,351,2397,347,2021,9,36,253,10,5,8,1015.3,15.3,15.3,14.2,86,13,13.8,0,0,0,15.3,15.3,15.3,16.7,0,0,104,2.24,118,0,0.031,0,92.3,4,15.2,0,6,9,8,0,0,0,"2021_9_10_8"
18.913,17.868,1072,14,1740,0,2021,9,36,253,10,5,8,1015.4,16.3,16.3,15.3,82,13.2,14.3,0,0,1.6,16.3,16.3,16.3,18.3,0,0,138,2.97,160,0,0.021,0,81.5,5,16.6,0,7,9,0,0,0,0,"2021_9_10_8"
19.749,20.472,1072,346,1816,343,2021,9,36,253,10,5,8,1015.4,17.5,17.5,16.3,76,13.2,14.6,1.6,0.4,3.2,17.5,17.5,17.5,20.2,0,0,185,3.98,204,0,0.009,0,76.9,6,17.5,0,0,4,0,0,0,0,"2021_9_10_8"
21.011,21.011,747,160,0,0,2021,9,36,253,10,5,9,1015.7,18.7,18.7,17.5,70,13.1,14.9,1.6,0.4,3.2,18.7,18.6,18.6,21.9,0,0,228,4.9,244,0.1,0,0.003,72.3,7,18.3,0,1,4,0,0,0,0,"2021_9_10_9"
23.548,22.033,747,200,520,270,2021,9,36,253,10,5,9,1015.9,19.8,19.8,18.7,69,14,15.8,0,0,1.6,19.8,19.9,19.9,23.7,0,0,268,5.76,288,0,0,0.016,75.7,8,19.8,0,2,9,0,0,0,0,"2021_9_10_9"
23.839,21.792,1326,169,600,180,2021,9,36,253,10,5,9,1015.7,20.7,20.7,19.8,66,14.1,16.1,1.6,0.4,4.8,20.7,20.7,20.7,24.9,0,0,311,6.69,330,0,0,0.025,64.7,10,20.6,0,3,3,1,0,0,0,"2021_9_10_9"
26.512,26.006,1326,191,794,221,2021,9,36,253,10,5,9,1015.8,21.5,21.5,20.7,61,13.7,15.9,0,0,4.8,21.5,21.3,21.3,25.8,0,0,351,7.55,371,0,0,0.033,66.7,11,22.1,0,4,9,13,0,0,0,"2021_9_10_9"
26.786,22.268,1660,9,2340,0,2021,9,36,253,10,5,10,1015.8,22.4,22.4,21.5,60,14.3,16.6,1.6,0.4,4.8,22.4,22.5,22.5,27.3,0,0,394,8.48,411,0.2,0,0.043,57,12,22.6,0,5,3,13,0,0,0,"2021_9_10_10"
26.871,24.941,1660,351,2397,347,2021,9,36,253,10,5,10,1015.9,23,23.1,22.4,57,14,16.5,1.6,0.4,6.4,23,23.1,23.1,28.1,0,0,431,9.27,446,0,0,0.049,63.4,13,23.5,0,6,0,3,0,0,0,"2021_9_10_10"
28.187,26.585,1072,14,1740,0,2021,9,36,253,10,5,10,1016.1,23.3,23.3,22.9,55,13.8,16.3,1.6,0.4,4.8,23.3,23.4,23.4,28.7,0,0,471,10.13,483,0,0,0.052,54.9,14,24.4,0,7,2,3,0,0,0,"2021_9_10_10"
28.459,31.625,1072,346,1816,343,2021,9,36,253,10,5,10,1016,24.3,24.3,23.4,53,14.1,16.8,3.2,0.8,8,24.3,24.4,24.4,29.9,0,0,505,10.86,522,0,0,0.063,52.9,15,25.1,0,0,0,13,0,0,0,"2021_9_10_10"
27.79,27.79,747,160,0,0,2021,9,36,253,10,5,11,1015.8,24.8,24.8,24.3,52,14.3,16.9,3.2,0.8,8,24.8,24.8,24.8,30.4,0,0,540,11.62,555,0.33,0,0.067,51.9,16,25.8,0,1,0,13,0,0,0,"2021_9_10_11"
28.195,27.923,747,200,520,270,2021,9,36,253,10,5,11,1015.8,25.3,25.3,24.8,50,14.1,16.9,4.8,1.21,11.3,25.3,25.2,25.2,31,0,0,567,12.2,584,0,0,0.072,50.2,17,26.4,0,2,0,11,0,0,0,"2021_9_10_11"
28.195,27.923,747,200,520,270,2021,9,36,253,10,5,11,1015.8,25.3,25.3,24.8,50,14.1,16.9,4.8,1.21,11.3,25.3,25.2,25.2,31,0,0,567,12.2,584,0,0,0.072,50.2,17,26.4,0,2,0,11,0,0,0,"2021_9_10_11"
31.255,27.923,747,200,520,270,2021,9,36,253,10,5,11,1015.8,25.3,25.3,24.8,50,14.1,16.9,4.8,1.21,11.3,25.3,25.2,25.2,31,0,0,567,12.2,584,0,0,0.072,50.2,17,26.4,0,2,0,11,0,0,0,"2021_9_10_11"
31.255,27.923,747,200,520,270,2021,9,36,253,10,5,11,1015.8,25.3,25.3,24.8,50,14.1,16.9,4.8,1.21,11.3,25.3,25.2,25.2,31,0,0,567,12.2,584,0,0,0.072,50.2,17,26.4,0,2,0,11,0,0,0,"2021_9_10_11"
28.195,27.923,747,200,520,270,2021,9,36,253,10,5,11,1015.8,25.3,25.3,24.8,50,14.1,16.9,4.8,1.21,11.3,25.3,25.2,25.2,31,0,0,567,12.2,584,0,0,0.072,50.2,17,26.4,0,2,0,11,0,0,0,"2021_9_10_11"
28.195,27.923,747,200,520,270,2021,9,36,253,10,5,11,1015.8,25.3,25.3,24.8,50,14.1,16.9,4.8,1.21,11.3,25.3,25.2,25.2,31,0,0,567,12.2,584,0,0,0.072,50.2,17,26.4,0,2,0,11,0,0,0,"2021_9_10_11"
31.255,27.923,747,200,520,270,2021,9,36,253,10,5,11,1015.8,25.3,25.3,24.8,50,14.1,16.9,4.8,1.21,11.3,25.3,25.2,25.2,31,0,0,567,12.2,584,0,0,0.072,50.2,17,26.4,0,2,0,11,0,0,0,"2021_9_10_11"
31.255,27.923,747,200,520,270,2021,9,36,253,10,5,11,1015.8,25.3,25.3,24.8,50,14.1,16.9,4.8,1.21,11.3,25.3,25.2,25.2,31,0,0,567,12.2,584,0,0,0.072,50.2,17,26.4,0,2,0,11,0,0,0,"2021_9_10_11"
28.195,31.117,747,200,520,270,2021,9,36,253,10,5,11,1015.8,25.3,25.3,24.8,50,14.1,16.9,4.8,1.21,11.3,25.3,25.2,25.2,31,0,0,567,12.2,584,0,0,0.072,50.2,17,26.4,0,2,0,11,0,0,0,"2021_9_10_11"
28.195,31.117,747,200,520,270,2021,9,36,253,10,5,11,1015.8,25.3,25.3,24.8,50,14.1,16.9,4.8,1.21,11.3,25.3,25.2,25.2,31,0,0,567,12.2,584,0,0,0.072,50.2,17,26.4,0,2,0,11,0,0,0,"2021_9_10_11"
31.255,31.117,747,200,520,270,2021,9,36,253,10,5,11,1015.8,25.3,25.3,24.8,50,14.1,16.9,4.8,1.21,11.3,25.3,25.2,25.2,31,0,0,567,12.2,584,0,0,0.072,50.2,17,26.4,0,2,0,11,0,0,0,"2021_9_10_11"
31.255,31.117,747,200,520,270,2021,9,36,253,10,5,11,1015.8,25.3,25.3,24.8,50,14.1,16.9,4.8,1.21,11.3,25.3,25.2,25.2,31,0,0,567,12.2,584,0,0,0.072,50.2,17,26.4,0,2,0,11,0,0,0,"2021_9_10_11"
28.195,31.117,747,200,520,270,2021,9,36,253,10,5,11,1015.8,25.3,25.3,24.8,50,14.1,16.9,4.8,1.21,11.3,25.3,25.2,25.2,31,0,0,567,12.2,584,0,0,0.072,50.2,17,26.4,0,2,0,11,0,0,0,"2021_9_10_11"
28.195,31.117,747,200,520,270,2021,9,36,253,10,5,11,1015.8,25.3,25.3,24.8,50,14.1,16.9,4.8,1.21,11.3,25.3,25.2,25.2,31,0,0,567,12.2,584,0,0,0.072,50.2,17,26.4,0,2,0,11,0,0,0,"2021_9_10_11"
31.255,31.117,747,200,520,270,2021,9,36,253,10,5,11,1015.8,25.3,25.3,24.8,50,14.1,16.9,4.8,1.21,11.3,25.3,25.2,25.2,31,0,0,567,12.2,584,0,0,0.072,50.2,17,26.4,0,2,0,11,0,0,0,"2021_9_10_11"
31.255,31.117,747,200,520,270,2021,9,36,253,10,5,11,1015.8,25.3,25.3,24.8,50,14.1,16.9,4.8,1.21,11.3,25.3,25.2,25.2,31,0,0,567,12.2,584,0,0,0.072,50.2,17,26.4,0,2,0,11,0,0,0,"2021_9_10_11"
29.469,27.893,1326,169,600,180,2021,9,36,253,10,5,11,1015.7,25.6,25.6,25.2,45,12.7,15.9,3.2,0.8,12.9,25.6,25.2,25.2,30.8,0,0,578,12.43,606,0,0,0.075,50.6,16,27.2,0,3,0,0,0,0,0,"2021_9_10_11"
29.524,28.983,1326,191,794,221,2021,9,36,253,10,5,11,1015.6,25.5,25.7,25.5,48,13.7,16.6,3.2,0.8,8,25.5,25.3,25.3,30.9,0,0,566,12.18,615,0,0,0.075,55.6,38,28.1,0,4,0,1,0,0,0,"2021_9_10_11"
30.018,27.664,1660,9,2340,0,2021,9,36,253,10,5,12,1015.8,26.4,26.4,25.5,44,13.2,16.3,3.2,0.8,8,26.4,26,26,32,0,0,650,13.98,661,0.41,0,0.084,41.7,20,28.4,0,5,4,0,0,0,0,"2021_9_10_12"
30.164,28.784,1660,351,2397,347,2021,9,36,253,10,5,12,1015.6,26.6,26.7,26.3,44,13.4,16.5,4.8,1.21,11.3,26.6,26.2,26.2,32.3,0,0,664,14.28,673,0,0,0.086,47.6,36,28.9,0,6,3,0,0,0,0,"2021_9_10_12"
31.225,29.712,1072,14,1740,0,2021,9,36,253,10,5,12,1015.8,26.9,26.9,26.4,46,14.3,17.3,3.2,0.8,9.7,26.9,26.7,26.7,32.8,0,0,691,14.86,707,0,0,0.089,46.8,23,29.8,0,7,0,4,0,0,0,"2021_9_10_12"
30.156,30.378,1072,346,1816,343,2021,9,36,253,10,5,12,1015.4,26.9,26.9,26.8,45,14,17,6.4,1.61,11.3,26.9,26.6,26.6,32.8,0,0,705,15.17,726,0,0,0.089,40.2,26,29.8,0,0,1,1,0,0,0,"2021_9_10_12"
30.653,30.653,747,160,0,0,2021,9,36,253,10,5,13,1015.3,27.2,27.2,26.8,43,13.6,16.7,4.8,1.21,12.9,27.2,26.8,26.8,33,0,0,705,15.17,756,0.48,0,0.093,49.8,25,29.6,0,1,4,13,0,0,0,"2021_9_10_13"
29.605,29.205,747,200,520,270,2021,9,36,253,10,5,13,1015.3,27.2,27.2,27,43,13.5,16.7,4.8,1.21,12.9,27.2,26.7,26.7,32.4,0,0,590,12.69,722,0,0,0.092,50.5,18,29.5,0,2,2,3,0,0,0,"2021_9_10_13"
29.357,28.534,1326,169,600,180,2021,9,36,253,10,5,13,1014.9,26.8,27.2,26.7,46,14.2,17.2,4.8,1.21,14.5,26.8,26.5,26.5,30.8,0,0,423,9.1,526,0,0,0.088,44.6,38,28.9,0,3,0,1,0,0,0,"2021_9_10_13"
29.594,28.799,1326,191,794,221,2021,9,36,253,10,5,13,1014.8,27,27.2,26.7,46,14.4,17.3,3.2,0.8,11.3,27,26.8,26.8,31.3,0,0,448,9.64,515,0,0,0.09,45.1,32,28.9,0,4,0,1,0,0,0,"2021_9_10_13"
31.098,28.193,1660,9,2340,0,2021,9,36,253,10,5,14,1015.4,27.6,27.6,26.9,44,14.3,17.3,4.8,1.21,16.1,27.6,27.3,27.3,33.3,0,0,650,13.98,802,0.38,0,0.097,45.9,50,31.4,0,5,2,2,0,0,0,"2021_9_10_14"
31.227,29.223,1660,351,2397,347,2021,9,36,253,10,5,14,1015.3,28,28.1,27.6,40,13.1,16.5,4.8,1.21,14.5,28,27.4,27.4,33.6,0,0,726,15.62,773,0,0,0.101,45.7,31,31.7,0,6,2,2,0,0,0,"2021_9_10_14"
29.171,29.68,1072,14,1740,0,2021,9,36,253,10,5,14,1014.4,27.7,28.2,27.7,40,12.8,16.2,4.8,1.21,12.9,27.7,27,27,32.6,0,0,564,12.13,729,0,0,0.097,39,18,30.8,0,7,2,5,0,0,0,"2021_9_10_14"
30.976,28.74,1072,346,1816,343,2021,9,36,253,10,5,14,1014.8,27.3,27.6,27.2,39,12.1,15.6,6.4,1.61,14.5,27.3,26.6,26.6,30,0,0,342,7.36,626,0,0,0.093,46.8,40,30.2,0,0,6,5,0,0,0,"2021_9_10_14"
30.411,30.411,747,160,0,0,2021,9,36,253,10,5,15,1015.1,27.8,27.8,27.3,41,13.3,16.6,6.4,1.61,14.5,27.8,27.3,27.3,33.2,0,0,628,13.51,686,0.43,0,0.098,34.1,26,32.2,0,1,5,4,0,0,0,"2021_9_10_15"
29.635,29.696,747,200,520,270,2021,9,36,253,10,5,15,1014.8,28.2,28.2,27.8,38,12.6,16.1,3.2,0.8,8,28.2,27.5,27.5,33.5,0,0,635,13.66,668,0,0,0.103,35,40,31.5,0,2,8,4,0,0,0,"2021_9_10_15"
31.173,29.988,1326,169,600,180,2021,9,36,253,10,5,15,1014.9,28.3,28.5,28.2,39,13,16.5,3.2,0.8,11.3,28.3,27.7,27.7,33.7,0,0,624,13.42,649,0,0,0.104,32.6,40,32.1,0,3,0,4,0,0,0,"2021_9_10_15"
30.463,28.878,1326,191,794,221,2021,9,36,253,10,5,15,1014.4,28.3,28.5,28.2,36,11.8,15.5,3.2,0.8,11.3,28.3,27.4,27.4,33.2,0,0,574,12.35,612,0,0,0.104,37.9,36,31.1,0,4,2,4,0,0,0,"2021_9_10_15"
29.96,29.807,1660,9,2340,0,2021,9,36,253,10,5,16,1014.7,28.7,28.7,28.2,40,13.7,17,3.2,0.8,12.9,28.7,28.1,28.1,33.9,0,0,530,11.4,554,0.43,0,0.108,40.1,32,30.4,0,5,6,4,0,0,0,"2021_9_10_16"
30.15,29.219,1660,351,2397,347,2021,9,36,253,10,5,16,1014.2,28.2,28.8,28.1,36,11.7,15.4,3.2,0.8,11.3,28.2,27.3,27.3,32.8,0,0,488,10.5,513,0,0,0.102,42.8,24,29.7,0,6,5,4,0,0,0,"2021_9_10_16"
30.246,32.174,1072,14,1740,0,2021,9,36,253,10,5,16,1014.4,27.7,28.2,27.6,45,14.7,17.6,4.8,1.21,12.9,27.7,27.5,27.5,33.1,0,0,472,10.15,494,0,0,0.097,42.9,28,29.4,0,7,1,2,0,0,0,"2021_9_10_16"
30.024,28.634,1072,346,1816,343,2021,9,36,253,10,5,16,1014.3,27.6,27.7,27.3,40,12.8,16.2,3.2,0.8,8,27.6,27,27,32.4,0,0,438,9.42,454,0,0,0.097,47.8,16,28.6,0,0,1,1,0,0,0,"2021_9_10_16"
29.572,29.572,747,160,0,0,2021,9,36,253,10,5,17,1014.2,27.8,27.8,27.6,37,11.8,15.4,3.2,0.8,8,27.8,27,27,32.2,0,0,403,8.67,425,0.33,0,0.098,45.2,16,28.2,0,1,2,3,0,0,0,"2021_9_10_17"
29.06,28.652,747,200,520,270,2021,9,36,253,10,5,17,1014.4,28.4,28.4,27.8,35,11.5,15.2,3.2,0.8,12.9,28.4,27.4,27.4,32.6,0,0,385,8.28,396,0,0,0.105,42.1,21,27.6,0,2,8,6,0,0,0,"2021_9_10_17"
28.628,28.011,1326,169,600,180,2021,9,36,253,10,5,17,1014.2,28.9,28.9,28.4,36,12.4,16,1.6,0.4,6.4,28.9,28.1,28.1,33,0,0,339,7.29,362,0,0,0.111,39.9,14,27.3,0,3,10,2,0,0,0,"2021_9_10_17"
28.436,26.633,1326,191,794,221,2021,9,36,253,10,5,17,1013.9,28.4,28.9,28.4,40,13.5,16.8,1.6,0.4,9.7,28.4,27.9,27.9,32.3,0,0,290,6.24,311,0,0,0.105,48.3,10,26.7,0,4,5,3,0,0,0,"2021_9_10_17"
27.299,26.89,1660,9,2340,0,2021,9,36,253,10,5,18,1013.6,26.9,28.4,26.9,39,11.8,15.3,3.2,0.8,11.3,26.9,26.1,26.1,29.7,0,0,227,4.88,271,0.23,0,0.089,60,6,26.4,0,5,2,3,0,0,0,"2021_9_10_18"
25.829,26.033,1660,351,2397,347,2021,9,36,253,10,5,18,1013.8,26.6,26.9,26.6,45,13.7,16.8,1.6,0.4,11.3,26.6,26.3,26.3,29.2,0,0,178,3.83,197,0,0,0.086,58.8,5,25.6,0,6,2,3,0,0,0,"2021_9_10_18"
24.862,25.021,1072,14,1740,0,2021,9,36,253,10,5,18,1013.5,26.2,26.6,26.2,46,13.7,16.7,1.6,0.4,8,26.2,26,26,27.9,0,0,121,2.6,155,0,0,0.082,60.7,4,24.5,0,7,5,3,0,0,0,"2021_9_10_18"
23.627,24.005,1072,346,1816,343,2021,9,36,253,10,5,18,1013.5,26.1,26.4,26.1,44,12.9,16.1,1.6,0.4,11.3,26.1,25.7,25.7,27,0,0,90,1.94,105,0,0,0.081,64.5,2,23.5,0,0,5,3,0,0,0,"2021_9_10_18"
22.301,22.301,747,160,0,0,2021,9,36,253,10,5,19,1012.8,24.3,26.1,24.3,53,14.1,16.8,1.6,0.4,9.7,24.3,24.4,24.4,24.7,2.6,1280,48,1.03,72,0.1,0,0.063,69.7,1,22.4,0,1,2,4,0,0,0,"2021_9_10_19"
21.114,21.261,747,200,520,270,2021,9,36,253,10,5,19,1012.9,23.2,24.3,23.2,66,16.5,18.3,0,0,14.5,23.2,23.7,23.7,22.8,2.2,1645.8,25,0.54,33,0,0,0.051,75.5,0,21.4,0,2,9,2,0,0,0,"2021_9_10_19"
20.339,20.372,1326,169,600,180,2021,9,36,253,10,5,19,1012.7,21.9,23.2,21.9,65,15.1,17,0,0,9.7,21.9,22,22,20.9,1.8,1152,12,0.26,18,0,0,0.038,78.2,0,20.4,0,3,9,1,0,0,0,"2021_9_10_19"
19.52,19.582,1326,191,794,221,2021,9,36,253,10,5,19,1012.9,21.2,21.9,21.2,70,15.5,17.2,1.6,0.4,6.4,21.2,21.4,21.4,20.1,2.2,1152,0,0,0,0,0,0.03,79.7,0,19.6,0,4,6,5,0,0,0,"2021_9_10_19"
18.897,19.555,1660,9,2340,0,2021,9,36,253,10,5,20,1013.5,20.4,21.3,20.3,69,14.6,16.3,0,0,4.8,20.4,20.6,20.6,19.4,0,0,0,0,0,0.03,0,0.022,82.2,0,19,0,5,9,5,0,0,0,"2021_9_10_20"
18.455,19.157,1660,351,2397,347,2021,9,36,253,10,5,20,1013.8,20.3,20.4,20.3,70,14.6,16.3,0,0,3.2,20.3,20.5,20.5,19.2,0,0,0,0,0,0,0,0.02,84.7,0,18.6,0,6,9,6,0,0,0,"2021_9_10_20"
18.238,18.42,1072,14,1740,0,2021,9,36,253,10,5,20,1013.9,20.6,20.7,20.2,72,15.3,16.9,1.6,0.4,3.2,20.6,20.9,20.9,19.7,0,0,0,0,0,0,0,0.023,85.3,0,18.1,0,7,7,6,0,0,0,"2021_9_10_20"
17.755,18.051,1072,346,1816,343,2021,9,36,253,10,5,20,1013.8,19.6,20.5,19.6,77,15.5,16.7,0,0,1.6,19.6,20,20,18.8,0,0,0,0,0,0,0,0.013,85.5,0,17.7,0,0,9,6,0,0,0,"2021_9_10_20"
17.748,17.748,747,160,0,0,2021,9,36,253,10,5,21,1013.9,19,19.6,19,78,15.1,16.3,0,0,3.2,19,19.4,19.4,18.1,0,0,0,0,0,0.03,0,0.007,86.3,0,17.4,0,1,9,9,0,0,0,"2021_9_10_21"
18.374,18.334,747,200,520,270,2021,9,36,253,10,5,21,1014.6,19,19,18.4,71,13.6,15.3,3.2,0.8,9.7,19,19,19,17.7,0,0,0,0,0,0,0,0.007,81.7,0,17.5,0,2,12,11,0,0,0,"2021_9_10_21"
17.358,17.405,1326,169,600,180,2021,9,36,253,10,5,21,1014.4,19.6,19.7,19,71,14.2,15.9,1.6,0.4,3.2,19.6,19.7,19.7,18.4,0,0,0,0,0,0,0,0.013,83.1,0,17.1,0,3,13,11,0,0,0,"2021_9_10_21"
17.091,16.9,1326,191,794,221,2021,9,36,253,10,5,21,1014.2,18.7,19.6,18.7,74,13.9,15.4,1.6,0.4,3.2,18.7,18.7,18.7,17.4,0,0,0,0,0,0,0,0.003,84.4,0,16.6,0,4,15,9,0,0,0,"2021_9_10_21"
16.61,16.933,1660,9,2340,0,2021,9,36,253,10,5,22,1014.4,18.2,18.7,18.2,76,13.9,15.3,0,0,3.2,18.2,18.2,18.2,16.9,0,0,0,0,0,0.03,0.002,0,86.9,0,16.3,0,5,9,14,0,0,0,"2021_9_10_22"
16.378,16.461,1660,351,2397,347,2021,9,36,253,10,5,22,1014.6,17.7,18.2,17.7,77,13.6,14.9,1.6,0.4,3.2,17.7,17.7,17.7,16.4,0,0,0,0,0,0,0.007,0,86.6,0,16,0,6,10,9,0,0,0,"2021_9_10_22"
16.26,16.183,1072,14,1740,0,2021,9,36,253,10,5,22,1015,17.3,17.7,17.3,79,13.7,14.9,1.6,0.4,4.8,17.3,17.4,17.4,16.1,0,0,0,0,0,0,0.01,0,86.8,0,15.8,0,7,10,9,0,0,0,"2021_9_10_22"
15.946,15.778,1072,346,1816,343,2021,9,36,253,10,5,22,1015.1,17.2,17.3,17.2,80,13.7,14.9,1.6,0.4,3.2,17.2,17.3,17.3,16,0,0,0,0,0,0,0.012,0,87.7,0,15.5,0,0,10,14,0,0,0,"2021_9_10_22"
16.026,16.026,747,160,0,0,2021,9,36,253,10,5,23,1015.1,17.1,17.2,17,81,13.8,14.9,0,0,1.6,17.1,17.2,17.2,15.8,0,0,0,0,0,0.03,0.013,0,87.8,0,15.4,0,1,9,14,0,0,0,"2021_9_10_23"
16.053,16.214,747,200,520,270,2021,9,36,253,10,5,23,1014.9,16.6,17.1,16.6,83,13.7,14.7,0,0,0,16.6,16.6,16.6,15.3,0,0,0,0,0,0,0.019,0,88.7,0,15.3,0,2,9,8,0,0,0,"2021_9_10_23"
15.845,15.833,1326,169,600,180,2021,9,36,253,10,5,23,1014.8,15.9,16.6,15.9,85,13.4,14.3,0,0,0,15.9,16,16,14.7,0,0,0,0,0,0,0.025,0,89.8,0,15.1,0,3,9,8,0,0,0,"2021_9_10_23"
15.752,15.466,1326,191,794,221,2021,9,36,253,10,5,23,1015.2,16.1,16.1,15.9,86,13.7,14.5,0,0,0,16.1,16.1,16.1,14.8,0,0,0,0,0,0,0.024,0,90,0,15,0,4,9,8,0,0,0,"2021_9_10_23"
16.35,15.845,1660,9,2340,0,2021,9,36,254,11,6,0,1015.4,15.8,16.1,15.8,85,13.3,14.2,0,0,3.2,15.8,15.9,15.9,14.5,0,0,0,0,0,0.03,0.026,0,89.3,0,15,0,5,9,14,0,0,0,"2021_9_11_0"
15.715,15.628,1660,351,2397,347,2021,9,36,254,11,6,0,1016,16.6,16.6,15.8,80,13.1,14.3,1.6,0.4,4.8,16.6,16.7,16.7,15.3,0,0,0,0,0,0,0.018,0,87.7,0,15,0,6,10,14,0,0,0,"2021_9_11_0"
15.436,15.491,1072,14,1740,0,2021,9,36,254,11,6,0,1015.2,16.5,16.7,16.5,81,13.2,14.4,0,0,1.6,16.5,16.5,16.5,15.2,0,0,0,0,0,0,0.019,0,88.4,0,14.8,0,7,9,12,0,0,0,"2021_9_11_0"
15.33,15.176,1072,346,1816,343,2021,9,36,254,11,6,0,1015.3,16.1,16.5,16.1,84,13.4,14.4,0,0,3.2,16.1,16.1,16.1,14.8,0,0,0,0,0,0,0.023,0,89.8,0,14.6,0,0,9,9,0,0,0,"2021_9_11_0"
15.061,15.061,747,160,0,0,2021,9,36,254,11,6,1,1015.2,15.5,16.1,15.5,88,13.5,14.2,0,0,0,15.5,15.6,15.6,14.3,0,0,0,0,0,0.03,0.03,0,90.7,0,14.6,0,1,9,8,0,0,0,"2021_9_11_1"
14.643,15.048,747,200,520,270,2021,9,36,254,11,6,1,1015,15.1,15.5,15.1,88,13.1,13.8,0,0,0,15.1,15.1,15.1,13.8,0,0,0,0,0,0,0.034,0,90.8,0,14.3,0,2,9,8,0,0,0,"2021_9_11_1"
14.882,14.694,1326,169,600,180,2021,9,36,254,11,6,1,1015.1,14.9,15.1,14.9,87,12.8,13.6,0,0,3.2,14.9,15,15,13.6,0,0,0,0,0,0,0.035,0,89.9,0,14.1,0,3,9,14,0,0,0,"2021_9_11_1"
14.807,14.759,1326,191,794,221,2021,9,36,254,11,6,1,1015.1,15.3,15.3,14.9,85,12.8,13.7,0,0,3.2,15.3,15.3,15.3,13.9,0,0,0,0,0,0,0.032,0,90.1,0,14.1,0,4,9,15,0,0,0,"2021_9_11_1"
14.442,14.813,1660,9,2340,0,2021,9,36,254,11,6,2,1015.1,15.4,15.4,15.3,85,12.9,13.8,0,0,3.2,15.4,15.4,15.4,14.1,0,0,0,0,0,0,0.03,0,91.1,0,14,0,5,9,14,0,0,0,"2021_9_11_2"
14.34,14.692,1660,351,2397,347,2021,9,36,254,11,6,2,1014.7,14.9,15.4,14.9,86,12.6,13.5,0,0,1.6,14.9,14.9,14.9,13.5,0,0,0,0,0,0,0.035,0,91.6,0,13.8,0,6,9,14,0,0,0,"2021_9_11_2"
14.246,14.231,1072,14,1740,0,2021,9,36,254,11,6,2,1014.7,14.7,14.9,14.6,87,12.5,13.3,0,0,1.6,14.7,14.7,14.7,13.3,0,0,0,0,0,0,0.038,0,92.3,0,13.7,0,7,9,11,0,0,0,"2021_9_11_2"
14.204,14.062,1072,346,1816,343,2021,9,36,254,11,6,2,1014.6,14.1,14.7,14.1,88,12.1,12.8,0,0,0,14.1,14.1,14.1,12.7,0,0,0,0,0,0,0.045,0,92.7,0,13.6,0,0,9,8,0,0,0,"2021_9_11_2"
14.078,14.078,747,160,0,0,2021,9,36,254,11,6,3,1014.8,13.8,14.1,13.8,90,12.2,12.8,0,0,0,13.8,13.9,13.9,12.5,0,0,0,0,0,0,0.047,0,92.8,0,13.6,0,1,9,8,0,0,0,"2021_9_11_3"
13.799,14.153,747,200,520,270,2021,9,36,254,11,6,3,1015.3,14,14.1,13.8,89,12.2,12.9,0,0,3.2,14,14,14,12.6,0,0,0,0,0,0,0.045,0,91.7,0,13.4,0,2,9,12,0,0,0,"2021_9_11_3"
13.766,13.652,1326,169,600,180,2021,9,36,254,11,6,3,1014.9,13.9,14.1,13.9,90,12.3,12.9,0,0,0,13.9,14,14,12.6,0,0,0,0,0,0,0.046,0,92.4,0,13.2,0,3,9,8,0,0,0,"2021_9_11_3"
13.816,13.82,1326,191,794,221,2021,9,36,254,11,6,3,1015.1,13.7,13.9,13.7,90,12.1,12.7,0,0,1.6,13.7,13.7,13.7,12.3,0,0,0,0,0,0,0.049,0,92,0,13.1,0,4,9,15,0,0,0,"2021_9_11_3"
13.52,13.729,1660,9,2340,0,2021,9,36,254,11,6,4,1015.1,13.8,13.8,13.7,91,12.3,12.9,0,0,1.6,13.8,13.9,13.9,12.5,0,0,0,0,0,0,0.047,0,92.3,0,13.1,0,5,9,14,0,0,0,"2021_9_11_4"
14.108,13.981,1660,351,2397,347,2021,9,36,254,11,6,4,1014.9,13.6,13.8,13.6,91,12.2,12.7,0,0,0,13.6,13.7,13.7,12.3,0,0,0,0,0,0,0.049,0,94,0,13,0,6,9,8,0,0,0,"2021_9_11_4"
13.927,13.835,1072,14,1740,0,2021,9,36,254,11,6,4,1015.1,13.4,13.7,13.4,93,12.3,12.8,0,0,1.6,13.4,13.6,13.6,12.2,0,0,0,0,0,0,0.051,0,94,0,13.3,0,7,9,16,0,0,0,"2021_9_11_4"
14.182,13.919,1072,346,1816,343,2021,9,36,254,11,6,4,1015.2,13.5,13.6,13.4,93,12.4,12.8,0,0,0,13.5,13.6,13.6,12.2,0,0,0,0,0,0,0.05,0,95,0,13.4,0,0,9,8,0,0,0,"2021_9_11_4"
14.483,14.483,747,160,0,0,2021,9,36,254,11,6,5,1015.1,13.7,13.7,13.5,94,12.8,13.1,0,0,0,13.7,13.9,13.9,12.5,0,0,0,0,0,0,0.048,0,94.8,0,13.7,0,1,9,8,0,0,0,"2021_9_11_5"
14.78,14.88,747,200,520,270,2021,9,36,254,11,6,5,1015,14,14,13.7,93,12.9,13.3,0,0,0,14,14.1,14.1,12.8,0,0,0,0,0,0,0.045,0,95.1,0,14,0,2,9,8,0,0,0,"2021_9_11_5"
14.789,14.677,1326,169,600,180,2021,9,36,254,11,6,5,1014.9,14.2,14.2,14,93,13.1,13.5,0,0,0,14.2,14.4,14.4,13,0,0,0,0,0,0,0.043,0,95.6,0,14.1,0,3,9,8,0,0,0,"2021_9_11_5"
14.824,14.921,1326,191,794,221,2021,9,36,254,11,6,5,1014.7,14.3,14.3,14.2,93,13.2,13.6,0,0,0,14.3,14.4,14.4,13.1,0,0,0,0,0,0,0.042,0,95,0,14,0,4,9,8,0,0,0,"2021_9_11_5"
14.934,14.836,1660,9,2340,0,2021,9,36,254,11,6,6,1014.6,14.4,14.4,14.3,92,13.1,13.6,0,0,0,14.4,14.5,14.5,13.2,0,0,0,0,0,0,0.041,0,96.3,0,14.2,0,5,9,8,0,0,0,"2021_9_11_6"
15.145,15.233,1660,351,2397,347,2021,9,36,254,11,6,6,1014.8,14.5,14.6,14.3,91,13,13.6,0,0,1.6,14.5,14.6,14.6,13.3,0,0,0,0,0,0,0.04,0,95.7,0,14.3,0,6,9,16,0,0,0,"2021_9_11_6"
15.099,14.831,1072,14,1740,0,2021,9,36,254,11,6,6,1014.6,14.6,14.6,14.5,91,13.1,13.6,0,0,0,14.6,14.7,14.7,13.3,0,0,0,0,0,0,0.039,0,95.7,0,14.3,0,7,9,8,0,0,0,"2021_9_11_6"
15.06,14.985,1072,346,1816,343,2021,9,36,254,11,6,6,1014.6,14.4,14.6,14.4,91,12.9,13.5,0,0,0,14.4,14.5,14.5,13.2,0,0,1,0.02,5,0,0.041,0,95.7,0,14.3,0,0,9,8,0,0,0,"2021_9_11_6"
15.282,15.282,747,160,0,0,2021,9,36,254,11,6,7,1014.9,14.2,14.4,14.2,92,12.9,13.4,0,0,3.2,14.2,14.4,14.4,13.1,0,0,11,0.24,16,0,0.043,0,95.6,0,14.1,0,1,9,7,0,0,0,"2021_9_11_7"
15.493,15.763,747,200,520,270,2021,9,36,254,11,6,7,1015.1,14.3,14.3,14.2,93,13.2,13.6,0,0,1.6,14.3,14.5,14.5,13.5,0,0,26,0.56,35,0,0.042,0,95.3,1,14.6,0,2,9,7,0,0,0,"2021_9_11_7"
16.19,16.04,1326,169,600,180,2021,9,36,254,11,6,7,1015.5,14.9,14.9,14.3,91,13.4,14,0,0,0,14.9,15,15,15.2,0,0,44,0.95,51,0,0.036,0,94.5,2,15,0,3,9,8,0,0,0,"2021_9_11_7"
17.639,17.214,1326,191,794,221,2021,9,36,254,11,6,7,1016.1,15.6,15.6,14.9,89,13.7,14.4,0,0,0,15.6,15.7,15.7,16.4,0,0,65,1.4,74,0,0.029,0,95,3,15.9,0,4,9,8,0,0,0,"2021_9_11_7"
18.23,17.049,1660,9,2340,0,2021,9,36,254,11,6,8,1016.2,16,16,15.6,91,14.5,15,0,0,1.6,16,16.2,16.2,17.4,0,0,85,1.83,97,0.03,0.024,0,91.6,4,16.5,0,5,9,7,0,0,0,"2021_9_11_8"
19.06,17.929,1660,351,2397,347,2021,9,36,254,11,6,8,1016.1,16.8,16.8,16,82,13.7,14.8,0,0,3.2,16.8,16.9,16.9,18.3,0,0,101,2.17,107,0,0.016,0,88,4,16.9,0,6,9,10,0,0,0,"2021_9_11_8"
19.413,18.253,1072,14,1740,0,2021,9,36,254,11,6,8,1016,17.2,17.2,16.8,81,13.9,15,0,0,1.6,17.2,17.4,17.4,19,0,0,116,2.5,125,0,0.012,0,84.3,5,17.4,0,7,9,10,0,0,0,"2021_9_11_8"
20.046,19.548,1072,346,1816,343,2021,9,36,254,11,6,8,1016.3,17.7,17.7,17.3,82,14.6,15.6,0,0,0,17.7,17.9,17.9,19.9,0,0,141,3.03,156,0,0.007,0,76.7,6,17.9,0,0,9,8,0,0,0,"2021_9_11_8"
21.281,21.281,747,160,0,0,2021,9,36,254,11,6,9,1016.6,18.1,18.1,17.6,82,15,16,0,0,0,18.1,18.4,18.4,21,0,0,182,3.91,213,0.08,0.002,0,76.7,7,18.7,0,1,9,8,0,0,0,"2021_9_11_9"
22.541,21.624,747,200,520,270,2021,9,36,254,11,6,9,1017,18.9,18.9,18.1,76,14.6,16,0,0,1.6,18.9,19.2,19.2,22.3,0,0,221,4.75,241,0,0,0.006,78.4,8,19.7,0,2,9,10,0,0,0,"2021_9_11_9"
23.842,22.257,1326,169,600,180,2021,9,36,254,11,6,9,1017.4,20.1,20.1,18.9,72,14.9,16.5,0,0,3.2,20.1,20.4,20.4,24.2,0,0,280,6.02,302,0,0,0.019,73.3,11,20.8,0,3,9,12,0,0,0,"2021_9_11_9"
25.048,24.951,1326,191,794,221,2021,9,36,254,11,6,9,1017.4,21.2,21.2,20.2,68,15.1,16.9,0,0,3.2,21.2,21.3,21.3,25.3,0,0,310,6.67,318,0,0,0.03,67,11,21.7,0,4,9,15,0,0,0,"2021_9_11_9"
25.437,23.024,1660,9,2340,0,2021,9,36,254,11,6,10,1016.9,22.1,22.1,21.2,64,14.9,16.9,1.6,0.4,3.2,22.1,22.1,22.1,26.3,0,0,337,7.25,357,0.18,0,0.039,61,12,22.5,0,5,12,10,0,0,0,"2021_9_11_10"
26.291,24.57,1660,351,2397,347,2021,9,36,254,11,6,10,1016.8,22.3,22.3,22.1,64,15.1,17.1,3.2,0.8,6.4,22.3,22.4,22.4,27,0,0,381,8.2,411,0,0,0.041,63.8,14,23.1,0,6,4,1,0,0,0,"2021_9_11_10"
25.724,25.755,1072,14,1740,0,2021,9,36,254,11,6,10,1016.6,22.3,22.4,22.3,71,16.8,18.4,3.2,0.8,8,22.3,22.8,22.8,27.6,0,0,404,8.69,417,0,0,0.042,65.2,13,23.8,0,7,3,13,0,0,0,"2021_9_11_10"
26.196,28.326,1072,346,1816,343,2021,9,36,254,11,6,10,1016.5,22.7,22.7,22.3,70,16.9,18.5,1.6,0.4,6.4,22.7,23.1,23.1,27.6,0,0,387,8.32,396,0,0,0.045,66.7,13,23.9,0,0,4,0,0,0,0,"2021_9_11_10"
27.186,27.186,747,160,0,0,2021,9,36,254,11,6,11,1016.9,23.4,23.4,22.7,72,18.1,19.5,1.6,0.4,4.8,23.4,24.2,24.2,28.9,0,0,412,8.86,432,0.25,0,0.053,67.3,14,24.4,0,1,11,10,0,0,0,"2021_9_11_11"
28.278,27.955,747,200,520,270,2021,9,36,254,11,6,11,1016.5,23,23.4,22.9,73,17.9,19.3,1.6,0.4,6.4,23,23.7,23.7,28.6,0,0,439,9.44,452,0,0,0.049,67,15,25.9,0,2,1,2,0,0,0,"2021_9_11_11"
27.106,25.583,1326,169,600,180,2021,9,36,254,11,6,11,1016.3,23.4,23.4,23,71,17.9,19.4,3.2,0.8,6.4,23.4,24.1,24.1,29.3,0,0,473,10.17,494,0,0,0.053,60.4,17,25.9,0,3,2,0,0,0,0,"2021_9_11_11"
27.804,27.029,1326,191,794,221,2021,9,36,254,11,6,11,1016.3,23.9,23.9,23.4,68,17.7,19.3,3.2,0.8,9.7,23.9,24.6,24.6,29.8,0,0,499,10.73,506,0,0,0.058,57.1,23,26.4,0,4,4,3,0,0,0,"2021_9_11_11"
28.178,26.094,1660,9,2340,0,2021,9,36,254,11,6,12,1016.1,24.1,24.1,23.9,65,17.1,18.9,4.8,1.21,12.9,24.1,24.6,24.6,29.8,0,0,507,10.91,519,0.3,0,0.06,61.2,22,26.4,0,5,4,0,0,0,0,"2021_9_11_12"
27.91,27.21,1660,351,2397,347,2021,9,36,254,11,6,12,1016.2,24.3,24.3,24.1,66,17.6,19.3,3.2,0.8,8,24.3,24.9,24.9,30.1,0,0,497,10.69,513,0,0,0.063,64,21,27,0,6,4,13,0,0,0,"2021_9_11_12"
27.765,27.356,1072,14,1740,0,2021,9,36,254,11,6,12,1015.6,24.6,24.6,24.2,64,17.3,19.2,3.2,0.8,11.3,24.6,25,25,30.1,0,0,490,10.54,496,0,0,0.065,58.5,18,26.8,0,7,3,0,0,0,0,"2021_9_11_12"
27.819,28.117,1072,346,1816,343,2021,9,36,254,11,6,12,1015.5,24.7,24.8,24.6,58,15.9,18.2,3.2,0.8,12.9,24.7,24.9,24.9,30.1,0,0,513,11.04,527,0,0,0.067,58,19,27.1,0,0,0,0,0,0,0,"2021_9_11_12"
28.513,28.513,747,160,0,0,2021,9,36,254,11,6,13,1015.7,24.9,24.9,24.7,61,16.9,18.9,3.2,0.8,9.7,24.9,25.2,25.2,30.7,0,0,538,11.57,584,0.33,0,0.068,53.7,34,28,0,1,3,2,0,0,0,"2021_9_11_13"
29.053,29.441,747,200,520,270,2021,9,36,254,11,6,13,1016,25.3,25.4,24.9,57,16.2,18.5,3.2,0.8,11.3,25.3,25.6,25.6,31.6,0,0,632,13.59,668,0,0,0.073,57.8,39,28.6,0,2,4,2,0,0,0,"2021_9_11_13"
29.457,28.312,1326,169,600,180,2021,9,36,254,11,6,13,1017,26.2,26.2,25.3,57,17,19.2,1.6,0.4,9.7,26.2,26.5,26.5,32.9,0,0,695,14.95,714,0,0,0.082,53,48,30.6,0,3,1,2,0,0,0,"2021_9_11_13"
30.18,29.391,1326,191,794,221,2021,9,36,254,11,6,13,1015.6,26.6,26.7,26.2,57,17.4,19.6,3.2,0.8,11.3,26.6,27.1,27.1,33.5,0,0,709,15.25,714,0,0,0.086,45.9,49,30.7,0,4,4,0,0,0,0,"2021_9_11_13"
28.746,29.165,1660,9,2340,0,2021,9,36,254,11,6,14,1015.6,26.8,26.8,26.6,53,16.4,18.8,3.2,0.8,12.9,26.8,27.1,27.1,33.4,0,0,710,15.27,714,0.46,0,0.088,47.3,46,31.9,0,5,4,13,0,0,0,"2021_9_11_14"
29.535,29.36,1660,351,2397,347,2021,9,36,254,11,6,14,1015.6,27.2,27.2,26.8,51,16.2,18.7,3.2,0.8,9.7,27.2,27.4,27.4,33.7,0,0,707,15.21,714,0,0,0.092,43.8,36,31.7,0,6,4,11,0,0,0,"2021_9_11_14"
29.251,30.01,1072,14,1740,0,2021,9,36,254,11,6,14,1014.7,27.1,27.3,27.1,49,15.5,18.2,3.2,0.8,9.7,27.1,27.2,27.2,33.4,0,0,703,15.12,708,0,0,0.091,44.2,45,32.1,0,7,16,7,0,0,0,"2021_9_11_14"
29.496,29.767,1072,346,1816,343,2021,9,36,254,11,6,14,1015.4,28.1,28.1,27.1,48,16,18.7,1.6,0.4,6.4,28.1,28.2,28.2,34.5,0,0,671,14.43,689,0,0,0.101,42.8,39,32.7,0,0,16,14,0,0,0,"2021_9_11_14"
28.372,28.372,747,160,0,0,2021,9,36,254,11,6,15,1014.2,27.6,28.2,27.6,47,15.3,18.1,4.8,1.21,9.7,27.6,27.6,27.6,33.8,0,0,645,13.87,657,0.48,0,0.097,44.2,25,31.3,0,1,0,13,0,0,0,"2021_9_11_15"
29.679,29.735,747,200,520,270,2021,9,36,254,11,6,15,1014.4,27.8,27.8,27.6,46,15.1,18,3.2,0.8,11.3,27.8,27.8,27.8,33.8,0,0,611,13.14,628,0,0,0.099,45.2,40,31.5,0,2,12,11,0,0,0,"2021_9_11_15"
30.044,29.436,1326,169,600,180,2021,9,36,254,11,6,15,1014.8,28.4,28.4,27.8,47,16,18.7,1.6,0.4,6.4,28.4,28.5,28.5,34.7,0,0,616,13.25,631,0,0,0.105,40.8,38,31.6,0,3,4,0,0,0,0,"2021_9_11_15"
29.77,28.937,1326,191,794,221,2021,9,36,254,11,6,15,1014.3,29.1,29.1,28.4,44,15.6,18.5,1.6,0.4,4.8,29.1,29,29,35.1,0,0,581,12.5,594,0,0,0.112,43.4,36,31.4,0,4,1,1,0,0,0,"2021_9_11_15"
29.982,32.346,1660,9,2340,0,2021,9,36,254,11,6,16,1012.7,28.7,29.2,28.7,45,15.6,18.4,3.2,0.8,8,28.7,28.7,28.7,34.7,0,0,552,11.87,566,0.41,0,0.108,45.3,34,31.2,0,5,8,9,0,0,0,"2021_9_11_16"
29.266,30,1660,351,2397,347,2021,9,36,254,11,6,16,1013.4,28.9,28.9,28.7,46,16.2,18.9,3.2,0.8,12.9,28.9,29.1,29.1,35.1,0,0,521,11.21,538,0,0,0.111,44.5,24,30.3,0,6,15,6,0,0,0,"2021_9_11_16"
29.472,31.459,1072,14,1740,0,2021,9,36,254,11,6,16,1013.2,28.9,29.3,28.9,43,15.1,18.1,1.6,0.4,6.4,28.9,28.8,28.8,34.5,0,0,480,10.33,497,0,0,0.111,44.7,29,29.3,0,7,7,6,0,0,0,"2021_9_11_16"
28.715,29.219,1072,346,1816,343,2021,9,36,254,11,6,16,1013.4,29.3,29.3,28.9,42,15.1,18.1,1.6,0.4,4.8,29.3,29.2,29.2,34.8,0,0,446,9.59,464,0,0,0.115,50.1,15,28.5,0,0,11,10,0,0,0,"2021_9_11_16"
29.591,29.591,747,160,0,0,2021,9,36,254,11,6,17,1012.5,28.8,29.4,28.8,47,16.3,19.1,3.2,0.8,6.4,28.8,29,29,34.5,0,0,407,8.75,425,0.33,0,0.109,54.9,14,28,0,1,4,0,0,0,0,"2021_9_11_17"
28.549,28.089,747,200,520,270,2021,9,36,254,11,6,17,1012.6,28.7,28.8,28.6,41,14.1,17.3,1.6,0.4,4.8,28.7,28.2,28.2,33.3,0,0,366,7.87,383,0,0,0.108,45.7,10,27.5,0,2,12,1,0,0,0,"2021_9_11_17"
28.218,27.852,1326,169,600,180,2021,9,36,254,11,6,17,1012.8,28.7,28.8,28.6,44,15.3,18.2,1.6,0.4,4.8,28.7,28.6,28.6,33.4,0,0,319,6.86,345,0,0,0.108,44.9,12,27.2,0,3,4,13,0,0,0,"2021_9_11_17"
28.341,26.42,1326,191,794,221,2021,9,36,254,11,6,17,1012.4,28.4,28.7,28.4,41,13.9,17.1,1.6,0.4,6.4,28.4,27.9,27.9,32.2,0,0,274,5.89,295,0,0,0.105,56,8,26.5,0,4,13,10,0,0,0,"2021_9_11_17"
27.014,26.749,1660,9,2340,0,2021,9,36,254,11,6,18,1012.6,28.4,28.7,28.4,46,15.7,18.5,1.6,0.4,4.8,28.4,28.5,28.5,32.4,0,0,233,5.01,253,0.23,0,0.105,56.6,6,26,0,5,13,10,0,0,0,"2021_9_11_18"
26.274,25.991,1660,351,2397,347,2021,9,36,254,11,6,18,1012.6,28.3,28.5,28.3,48,16.2,18.9,0,0,4.8,28.3,28.5,28.5,31.7,0,0,184,3.96,207,0,0,0.104,61.6,5,25.3,0,6,9,10,0,0,0,"2021_9_11_18"
25.501,25.262,1072,14,1740,0,2021,9,36,254,11,6,18,1012.1,27.3,28.3,27.3,50,16,18.6,1.6,0.4,3.2,27.3,27.5,27.5,29.9,0,0,138,2.97,160,0,0,0.094,60.1,3,24.6,0,7,13,10,0,0,0,"2021_9_11_18"
24.264,24.166,1072,346,1816,343,2021,9,36,254,11,6,18,1012.1,26.7,27.3,26.7,54,16.6,19,1.6,0.4,3.2,26.7,27,27,28.4,0,0,92,1.98,113,0,0,0.087,62,2,23.8,0,0,13,10,0,0,0,"2021_9_11_18"
22.573,22.573,747,160,0,0,2021,9,36,254,11,6,19,1011.7,25.8,26.7,25.8,58,16.9,19.1,0,0,1.6,25.8,26.1,26.1,26.7,0,0,53,1.14,70,0.1,0,0.078,67.3,1,22.6,0,1,9,10,0,0,0,"2021_9_11_19"
21.551,21.443,747,200,520,270,2021,9,36,254,11,6,19,1011.7,24.8,25.8,24.8,62,17.1,19,0,0,1.6,24.8,25.2,25.2,24.4,0,0,26,0.56,37,0,0,0.068,75.2,0,21.4,0,2,9,10,0,0,0,"2021_9_11_19"
20.421,20.478,1326,169,600,180,2021,9,36,254,11,6,19,1011.7,24,24.8,24,63,16.5,18.5,0,0,0,24,24.4,24.4,23.3,0,0,11,0.24,16,0,0,0.059,80.3,0,20.4,0,3,9,8,0,0,0,"2021_9_11_19"
19.408,19.637,1326,191,794,221,2021,9,36,254,11,6,19,1011.8,23.1,24,23.1,68,16.9,18.6,0,0,0,23.1,23.6,23.6,22.4,0,0,1,0.02,5,0,0,0.05,81.7,0,19.6,0,4,9,8,0,0,0,"2021_9_11_19"
19.118,19.551,1660,9,2340,0,2021,9,36,254,11,6,20,1012.2,21.8,23.1,21.8,73,16.8,18.2,0,0,3.2,21.8,22.3,22.3,21.1,0,0,0,0,0,0.03,0,0.036,84.2,0,19,0,5,9,10,0,0,0,"2021_9_11_20"
18.553,18.949,1660,351,2397,347,2021,9,36,254,11,6,20,1012.4,20.7,21.8,20.7,80,17.1,18.2,0,0,1.6,20.7,21.5,21.5,20.3,0,0,0,0,0,0,0,0.025,85.2,0,18.4,0,6,9,10,0,0,0,"2021_9_11_20"
18.408,18.435,1072,14,1740,0,2021,9,36,254,11,6,20,1012.9,19.8,20.7,19.8,80,16.2,17.3,0,0,3.2,19.8,20.4,20.4,19.2,0,0,0,0,0,0,0,0.015,86,0,18,0,7,9,10,0,0,0,"2021_9_11_20"
18.375,18.026,1072,346,1816,343,2021,9,36,254,11,6,20,1013.6,19.8,19.8,19.6,77,15.7,16.9,1.6,0.4,4.8,19.8,20.3,20.3,19,0,0,0,0,0,0,0,0.016,86.5,0,17.8,0,0,13,0,0,0,0,"2021_9_11_20"
18.493,18.493,747,160,0,0,2021,9,36,254,11,6,21,1013.6,19.8,19.8,19.7,77,15.6,16.9,0,0,3.2,19.8,20.2,20.2,19,0,0,0,0,0,0.03,0,0.015,86.6,0,17.6,0,1,9,12,0,0,0,"2021_9_11_21"
18.513,18.415,747,200,520,270,2021,9,36,254,11,6,21,1014,19.6,19.8,19.5,76,15.2,16.5,1.6,0.4,4.8,19.6,19.9,19.9,18.6,0,0,0,0,0,0,0,0.013,86.8,0,17.6,0,2,11,12,0,0,0,"2021_9_11_21"
18.296,18.28,1326,169,600,180,2021,9,36,254,11,6,21,1014,19.6,19.7,19.6,77,15.4,16.7,1.6,0.4,3.2,19.6,20,20,18.7,0,0,0,0,0,0,0,0.013,85.6,0,17.4,0,3,11,12,0,0,0,"2021_9_11_21"
18.556,18.023,1326,191,794,221,2021,9,36,254,11,6,21,1014.2,19.6,19.7,19.5,77,15.4,16.7,1.6,0.4,4.8,19.6,20,20,18.7,0,0,0,0,0,0,0,0.013,87.6,0,17.4,0,4,11,12,0,0,0,"2021_9_11_21"
17.659,18.03,1660,9,2340,0,2021,9,36,254,11,6,22,1013.6,19,19.6,19,79,15.3,16.4,0,0,1.6,19,19.4,19.4,18.1,0,0,0,0,0,0.03,0,0.007,88.6,0,17.2,0,5,9,10,0,0,0,"2021_9_11_22"
17.476,17.516,1660,351,2397,347,2021,9,36,254,11,6,22,1014,18.3,19,18.3,83,15.3,16.3,0,0,3.2,18.3,18.6,18.6,17.4,0,0,0,0,0,0,0.001,0,90,0,16.9,0,6,9,12,0,0,0,"2021_9_11_22"
17.25,17.129,1072,14,1740,0,2021,9,36,254,11,6,22,1014.2,18.2,18.3,18.2,83,15.3,16.2,0,0,1.6,18.2,18.5,18.5,17.3,0,0,0,0,0,0,0.001,0,90.4,0,16.7,0,7,9,9,0,0,0,"2021_9_11_22"
17.107,16.799,1072,346,1816,343,2021,9,36,254,11,6,22,1014.2,17.8,18.2,17.8,85,15.3,16.1,0,0,0,17.8,18.1,18.1,16.9,0,0,0,0,0,0,0.005,0,91,0,16.4,0,0,9,8,0,0,0,"2021_9_11_22"
17.012,17.012,747,160,0,0,2021,9,36,254,11,6,23,1014.4,17.4,17.8,17.4,87,15.3,16,0,0,3.2,17.4,17.8,17.8,16.5,0,0,0,0,0,0.03,0.009,0,91.4,0,16.4,0,1,9,9,0,0,0,"2021_9_11_23"
16.936,17.046,747,200,520,270,2021,9,36,254,11,6,23,1014.5,17,17.4,17,88,15,15.7,0,0,1.6,17,17.3,17.3,16,0,0,0,0,0,0,0.014,0,91.3,0,16.3,0,2,9,9,0,0,0,"2021_9_11_23"
16.698,16.624,1326,169,600,180,2021,9,36,254,11,6,23,1014.6,17.2,17.2,17,85,14.7,15.5,0,0,3.2,17.2,17.4,17.4,16.2,0,0,0,0,0,0,0.012,0,91.3,0,16,0,3,9,9,0,0,0,"2021_9_11_23"
16.536,16.299,1326,191,794,221,2021,9,36,254,11,6,23,1014.4,17.1,17.2,17.1,85,14.5,15.4,0,0,1.6,17.1,17.2,17.2,16,0,0,0,0,0,0,0.013,0,91.1,0,15.9,0,4,9,9,0,0,0,"2021_9_11_23"
16.463,16.339,1660,9,2340,0,2021,9,36,255,12,7,0,1014.5,16.8,17.1,16.8,86,14.5,15.3,0,0,1.6,16.8,17,17,15.7,0,0,0,0,0,0,0.016,0,91.1,0,15.7,0,5,9,9,0,0,0,"2021_9_12_0"
16.277,16.149,1660,351,2397,347,2021,9,36,255,12,7,0,1014.4,16.6,16.8,16.6,87,14.4,15.2,0,0,1.6,16.6,16.8,16.8,15.5,0,0,0,0,0,0,0.018,0,91.7,0,15.5,0,6,9,9,0,0,0,"2021_9_12_0"
16.073,16.073,1072,14,1740,0,2021,9,36,255,12,7,0,1014.4,16.2,16.6,16.2,88,14.2,14.9,0,0,3.2,16.2,16.4,16.4,15.1,0,0,0,0,0,0,0.022,0,92.4,0,15.4,0,7,9,7,0,0,0,"2021_9_12_0"
15.895,15.731,1072,346,1816,343,2021,9,36,255,12,7,0,1014.6,16.1,16.2,16.1,89,14.2,14.9,0,0,3.2,16.1,16.2,16.2,14.9,0,0,0,0,0,0,0.024,0,92,0,15.3,0,0,9,7,0,0,0,"2021_9_12_0"
15.464,15.464,747,160,0,0,2021,9,36,255,12,7,1,1014.6,15.9,16.1,15.8,88,13.9,14.6,0,0,0,15.9,16,16,14.7,0,0,0,0,0,0,0.025,0,92.4,0,15.1,0,1,9,8,0,0,0,"2021_9_12_1"
15.517,15.667,747,200,520,270,2021,9,36,255,12,7,1,1014.4,15.6,15.9,15.6,88,13.6,14.3,0,0,0,15.6,15.7,15.7,14.4,0,0,0,0,0,0,0.028,0,92.7,0,14.8,0,2,9,8,0,0,0,"2021_9_12_1"
15.387,15.354,1326,169,600,180,2021,9,36,255,12,7,1,1014.3,15.3,15.6,15.3,89,13.5,14.2,0,0,0,15.3,15.4,15.4,14.1,0,0,0,0,0,0,0.031,0,92.5,0,14.6,0,3,9,8,0,0,0,"2021_9_12_1"
15.01,14.919,1326,191,794,221,2021,9,36,255,12,7,1,1014.2,15.1,15.3,15.1,91,13.6,14.1,0,0,0,15.1,15.2,15.2,13.9,0,0,0,0,0,0,0.034,0,92.3,0,14.5,0,4,9,8,0,0,0,"2021_9_12_1"
14.59,14.966,1660,9,2340,0,2021,9,36,255,12,7,2,1014.3,15,15.1,14.9,91,13.5,14.1,0,0,0,15,15.1,15.1,13.8,0,0,0,0,0,0,0.035,0,92,0,14.3,0,5,9,8,0,0,0,"2021_9_12_2"
14.423,14.761,1660,351,2397,347,2021,9,36,255,12,7,2,1014.2,14.8,15,14.8,92,13.5,14,0,0,0,14.8,15,15,13.7,0,0,0,0,0,0,0.036,0,92.2,0,14,0,6,9,8,0,0,0,"2021_9_12_2"
14.429,14.339,1072,14,1740,0,2021,9,36,255,12,7,2,1014.2,14.7,14.8,14.6,92,13.4,13.9,0,0,1.6,14.7,14.8,14.8,13.5,0,0,0,0,0,0,0.038,0,93.3,0,13.9,0,7,9,7,0,0,0,"2021_9_12_2"
14.316,14.387,1072,346,1816,343,2021,9,36,255,12,7,2,1014,14.2,14.7,14.2,91,12.8,13.3,0,0,0,14.2,14.3,14.3,12.9,0,0,0,0,0,0,0.043,0,93.5,0,13.9,0,0,9,8,0,0,0,"2021_9_12_2"
14.021,14.021,747,160,0,0,2021,9,36,255,12,7,3,1014.1,14.2,14.2,14.1,93,13.1,13.5,0,0,0,14.2,14.3,14.3,12.9,0,0,0,0,0,0,0.043,0,92.8,0,13.6,0,1,9,8,0,0,0,"2021_9_12_3"
13.898,14.36,747,200,520,270,2021,9,36,255,12,7,3,1013.9,14,14.2,14,92,12.7,13.2,0,0,0,14,14.1,14.1,12.7,0,0,0,0,0,0,0.045,0,93.6,0,13.4,0,2,9,8,0,0,0,"2021_9_12_3"
13.799,13.705,1326,169,600,180,2021,9,36,255,12,7,3,1013.8,13.7,14,13.7,92,12.4,12.9,0,0,0,13.7,13.8,13.8,12.4,0,0,0,0,0,0,0.049,0,93.8,0,13.3,0,3,9,8,0,0,0,"2021_9_12_3"
13.455,13.735,1326,191,794,221,2021,9,36,255,12,7,3,1013.9,13.4,13.7,13.4,92,12.1,12.6,0,0,0,13.4,13.5,13.5,12.1,0,0,0,0,0,0,0.052,0,92.7,0,13.3,0,4,9,8,0,0,0,"2021_9_12_3"
13.35,13.517,1660,9,2340,0,2021,9,36,255,12,7,4,1014.1,13.4,13.4,13.3,93,12.3,12.7,0,0,0,13.4,13.5,13.5,12.1,0,0,0,0,0,0,0.052,0,93,0,13.1,0,5,9,8,0,0,0,"2021_9_12_4"
13.391,13.759,1660,351,2397,347,2021,9,36,255,12,7,4,1014.1,13.2,13.4,13.2,92,11.9,12.4,0,0,0,13.2,13.3,13.3,11.8,0,0,0,0,0,0,0.054,0,93.9,0,12.9,0,6,9,8,0,0,0,"2021_9_12_4"
13.493,13.362,1072,14,1740,0,2021,9,36,255,12,7,4,1014,12.9,13.2,12.9,93,11.8,12.2,0,0,0,12.9,13,13,11.6,0,0,0,0,0,0,0.057,0,93.3,0,12.8,0,7,9,8,0,0,0,"2021_9_12_4"
13.464,13.215,1072,346,1816,343,2021,9,36,255,12,7,4,1014,12.8,12.9,12.8,92,11.5,12,0,0,0,12.8,12.9,12.9,11.4,0,0,0,0,0,0,0.058,0,94.2,0,12.8,0,0,9,8,0,0,0,"2021_9_12_4"
13.031,13.031,747,160,0,0,2021,9,36,255,12,7,5,1014.1,12.8,12.8,12.7,95,12,12.3,0,0,0,12.8,12.9,12.9,11.5,0,0,0,0,0,0,0.058,0,93.5,0,12.6,0,1,9,8,0,0,0,"2021_9_12_5"
13.181,13.476,747,200,520,270,2021,9,36,255,12,7,5,1013.9,12.8,12.8,12.7,94,11.8,12.2,0,0,0,12.8,12.9,12.9,11.5,0,0,0,0,0,0,0.058,0,94,0,12.6,0,2,9,8,0,0,0,"2021_9_12_5"
13.04,12.898,1326,169,600,180,2021,9,36,255,12,7,5,1013.9,12.7,12.8,12.7,95,11.9,12.2,0,0,0,12.7,12.8,12.8,11.4,0,0,0,0,0,0,0.059,0,94,0,12.5,0,3,9,8,0,0,0,"2021_9_12_5"
12.817,13.126,1326,191,794,221,2021,9,36,255,12,7,5,1014.1,12.8,12.8,12.7,95,12,12.3,0,0,0,12.8,12.9,12.9,11.5,0,0,0,0,0,0,0.058,0,94.1,0,12.3,0,4,9,8,0,0,0,"2021_9_12_5"
13.038,12.918,1660,9,2340,0,2021,9,36,255,12,7,6,1013.8,12.6,12.8,12.6,95,11.8,12.1,0,0,0,12.6,12.7,12.7,11.3,0,0,0,0,0,0,0.06,0,95,0,12.2,0,5,9,8,0,0,0,"2021_9_12_6"
12.647,13.267,1660,351,2397,347,2021,9,36,255,12,7,6,1013.7,12.2,12.6,12.2,95,11.4,11.8,0,0,1.6,12.2,12.4,12.4,10.9,0,0,0,0,0,0,0.064,0,94.5,0,12.3,0,6,9,7,0,0,0,"2021_9_12_6"
12.547,12.624,1072,14,1740,0,2021,9,36,255,12,7,6,1013.9,12.4,12.4,12.2,95,11.6,11.9,0,0,0,12.4,12.6,12.6,11.1,0,0,0,0,0,0,0.062,0,94.5,0,12.1,0,7,9,8,0,0,0,"2021_9_12_6"
12.639,12.6,1072,346,1816,343,2021,9,36,255,12,7,6,1013.7,12.2,12.4,12.2,95,11.4,11.7,0,0,0,12.2,12.3,12.3,10.9,0,0,0,0,0,0,0.064,0,95,0,12.1,0,0,9,8,0,0,0,"2021_9_12_6"
12.772,12.772,747,160,0,0,2021,9,36,255,12,7,7,1014,12.4,12.4,12.2,96,11.8,12,0,0,0,12.4,12.6,12.6,11.2,0,0,1,0.02,5,0,0.062,0,95.2,0,12,0,1,9,8,0,0,0,"2021_9_12_7"
13.249,13.514,747,200,520,270,2021,9,36,255,12,7,7,1014.1,12.5,12.5,12.4,96,11.9,12.1,0,0,0,12.5,12.7,12.7,11.4,0,0,10,0.22,14,0,0.061,0,95.6,0,12.3,0,2,9,8,0,0,0,"2021_9_12_7"
14.078,13.841,1326,169,600,180,2021,9,36,255,12,7,7,1014.7,13,13,12.5,96,12.4,12.6,0,0,0,13,13.2,13.2,12.7,0,0,19,0.41,23,0,0.056,0,96.7,1,13,0,3,9,8,0,0,0,"2021_9_12_7"
15.218,15.143,1326,191,794,221,2021,9,36,255,12,7,7,1014.9,13.7,13.7,13,96,13,13.3,0,0,0,13.7,13.9,13.9,13.7,0,0,33,0.71,46,0,0.049,0,96.8,2,13.6,0,4,9,8,0,0,0,"2021_9_12_7"
17.149,15.366,1660,9,2340,0,2021,9,36,255,12,7,8,1015.2,14.7,14.7,13.7,95,13.9,14.2,0,0,0,14.7,15,15,15.6,0,0,64,1.38,79,0.03,0.038,0,97.6,3,14.8,0,5,9,8,0,0,0,"2021_9_12_8"
18.693,17.382,1660,351,2397,347,2021,9,36,255,12,7,8,1015.8,16,16,14.7,93,14.9,15.3,0,0,0,16,16.3,16.3,17.7,0,0,100,2.15,118,0,0.024,0,96.1,4,16.2,0,6,9,8,0,0,0,"2021_9_12_8"
20.287,18.947,1072,14,1740,0,2021,9,36,255,12,7,8,1016,17.7,17.7,16,87,15.5,16.2,0,0,0,17.7,18,18,20.1,0,0,139,2.99,158,0,0.007,0,90.9,4,17.5,0,7,9,8,0,0,0,"2021_9_12_8"
23.118,21.842,1072,346,1816,343,2021,9,36,255,12,7,8,1016.1,19.4,19.4,17.7,79,15.7,16.9,0,0,1.6,19.4,19.9,19.9,22.8,0,0,184,3.96,206,0,0,0.012,86.2,5,18.7,0,0,9,9,0,0,0,"2021_9_12_8"
23.948,23.948,747,160,0,0,2021,9,36,255,12,7,9,1016.1,20.8,20.8,19.5,70,15.1,16.8,0,0,3.2,20.8,21,21,24.4,0,0,228,4.9,250,0.1,0,0.025,79.8,6,19.7,0,1,9,14,0,0,0,"2021_9_12_9"
25.386,23.15,747,200,520,270,2021,9,36,255,12,7,9,1016.4,21.7,21.7,20.7,70,16,17.6,0,0,0,21.7,21.9,21.9,25.8,0,0,270,5.81,290,0,0,0.035,73.5,8,20.8,0,2,9,8,0,0,0,"2021_9_12_9"
26.372,23.854,1326,169,600,180,2021,9,36,255,12,7,9,1016.2,21.9,21.9,21.6,68,15.7,17.5,0,0,1.6,21.9,22.1,22.1,26.4,0,0,312,6.71,330,0,0,0.037,74.8,9,21.9,0,3,9,15,0,0,0,"2021_9_12_9"
27.71,28.462,1326,191,794,221,2021,9,36,255,12,7,9,1016.2,22.6,22.6,21.8,65,15.7,17.6,0,0,3.2,22.6,22.9,22.9,27.5,0,0,353,7.59,373,0,0,0.045,69.2,11,23.1,0,4,9,4,0,0,0,"2021_9_12_9"
27.954,23.602,1660,9,2340,0,2021,9,36,255,12,7,10,1016.1,23.9,23.9,22.6,61,16,18.1,1.6,0.4,4.8,23.9,24.2,24.2,29.2,0,0,394,8.48,411,0.2,0,0.058,64.5,12,24,0,5,4,0,0,0,0,"2021_9_12_10"
28.338,26.125,1660,351,2397,347,2021,9,36,255,12,7,10,1016.1,24.6,24.6,23.9,61,16.5,18.6,3.2,0.8,6.4,24.6,24.9,24.9,30.1,0,0,433,9.31,452,0,0,0.065,59.7,12,24.4,0,6,4,0,0,0,0,"2021_9_12_10"
28.7,27.311,1072,14,1740,0,2021,9,36,255,12,7,10,1016.3,25.4,25.4,24.5,56,16,18.3,1.6,0.4,6.4,25.4,25.6,25.6,31,0,0,471,10.13,489,0,0,0.073,52.5,13,25.6,0,7,13,11,0,0,0,"2021_9_12_10"
28.475,33.814,1072,346,1816,343,2021,9,36,255,12,7,10,1016.3,25.7,25.7,25.4,53,15.4,18,1.6,0.4,3.2,25.7,25.8,25.8,31.4,0,0,508,10.93,522,0,0,0.077,47.1,14,26.4,0,0,1,12,0,0,0,"2021_9_12_10"
28.993,28.993,747,160,0,0,2021,9,36,255,12,7,11,1016.1,25.8,25.8,25.6,52,15.2,17.8,1.6,0.4,6.4,25.8,25.9,25.9,31.6,0,0,539,11.59,552,0.33,0,0.078,47.9,15,26.5,0,1,2,3,0,0,0,"2021_9_12_11"
29.085,29.182,747,200,520,270,2021,9,36,255,12,7,11,1015.8,26.7,26.7,25.8,50,15.4,18.1,1.6,0.4,4.8,26.7,26.8,26.8,32.6,0,0,570,12.26,585,0,0,0.087,49.7,16,27.8,0,2,2,2,0,0,0,"2021_9_12_11"
30.082,28.729,1326,169,600,180,2021,9,36,255,12,7,11,1015.6,27,27,26.7,48,15.1,17.9,1.6,0.4,4.8,27,27,27,32.9,0,0,599,12.89,613,0,0,0.09,49.9,18,27.9,0,3,16,9,0,0,0,"2021_9_12_11"
31.096,30.705,1326,191,794,221,2021,9,36,255,12,7,11,1015.6,27.3,27.3,27,51,16.3,18.8,3.2,0.8,9.7,27.3,27.5,27.5,33.6,0,0,626,13.47,638,0,0,0.093,53.5,23,28.9,0,4,12,11,0,0,0,"2021_9_12_11"
29.812,28.72,1660,9,2340,0,2021,9,36,255,12,7,12,1015.5,27.4,27.4,27.3,47,15.1,17.9,3.2,0.8,8,27.4,27.3,27.3,33.4,0,0,649,13.96,661,0.41,0,0.094,47,35,29.2,0,5,4,0,0,0,0,"2021_9_12_12"
31.095,29.486,1660,351,2397,347,2021,9,36,255,12,7,12,1015.1,27.4,27.5,27.3,44,14.1,17.2,4.8,1.21,11.3,27.4,27.1,27.1,33.2,0,0,670,14.41,682,0,0,0.095,53.2,28,29.5,0,6,4,11,0,0,0,"2021_9_12_12"
30.301,29.643,1072,14,1740,0,2021,9,36,255,12,7,12,1015.3,27.8,27.8,27.4,44,14.4,17.5,3.2,0.8,9.7,27.8,27.5,27.5,33.7,0,0,684,14.71,691,0,0,0.098,41.9,20,29.4,0,7,4,11,0,0,0,"2021_9_12_12"
30.577,34.045,1072,346,1816,343,2021,9,36,255,12,7,12,1015.2,28.4,28.4,27.8,43,14.6,17.7,3.2,0.8,9.7,28.4,28.1,28.1,34.3,0,0,697,14.99,703,0,0,0.105,44.7,21,30.5,0,0,10,11,0,0,0,"2021_9_12_12"
31.131,31.131,747,160,0,0,2021,9,36,255,12,7,13,1015.2,28.4,28.4,28.3,46,15.7,18.5,3.2,0.8,6.4,28.4,28.4,28.4,34.7,0,0,709,15.25,712,0.48,0,0.105,46.8,22,30.7,0,1,2,2,0,0,0,"2021_9_12_13"
31.152,32.179,747,200,520,270,2021,9,36,255,12,7,13,1015.1,29.2,29.3,28.4,39,13.8,17.2,1.6,0.4,4.8,29.2,28.7,28.7,34.9,0,0,713,15.34,715,0,0,0.113,42.3,22,31.8,0,2,4,0,0,0,0,"2021_9_12_13"
31.66,30.194,1326,169,600,180,2021,9,36,255,12,7,13,1014.3,29.1,29.4,29.1,41,14.5,17.6,4.8,1.21,9.7,29.1,28.7,28.7,35,0,0,717,15.42,719,0,0,0.112,41.9,22,31.9,0,3,12,11,0,0,0,"2021_9_12_13"
31.677,30.931,1326,191,794,221,2021,9,36,255,12,7,13,1014.7,29,29.1,28.9,39,13.6,17,3.2,0.8,6.4,29,28.4,28.4,34.6,0,0,708,15.23,715,0,0,0.111,40.7,24,32.8,0,4,1,11,0,0,0,"2021_9_12_13"
31.922,30.526,1660,9,2340,0,2021,9,36,255,12,7,14,1014.3,29.1,29.2,28.9,38,13.3,16.7,3.2,0.8,9.7,29.1,28.4,28.4,34.6,0,0,712,15.32,715,0.51,0,0.112,35.5,45,32.6,0,5,0,13,0,0,0,"2021_9_12_14"
31.73,30.601,1660,351,2397,347,2021,9,36,255,12,7,14,1014.5,29.4,29.4,29.1,37,13.2,16.7,3.2,0.8,9.7,29.4,28.8,28.8,34.9,0,0,700,15.06,707,0,0,0.116,48,38,33.2,0,6,4,13,0,0,0,"2021_9_12_14"
31.228,30.892,1072,14,1740,0,2021,9,36,255,12,7,14,1014.5,29.4,29.5,29.3,39,14,17.3,3.2,0.8,9.7,29.4,29,29,35.1,0,0,690,14.84,700,0,0,0.116,32,46,33,0,7,4,1,0,0,0,"2021_9_12_14"
29.881,30.326,1072,346,1816,343,2021,9,36,255,12,7,14,1014.4,29.6,29.6,29.4,39,14.1,17.4,4.8,1.21,12.9,29.6,29.1,29.1,35.3,0,0,681,14.65,687,0,0,0.117,38.1,39,33,0,0,4,2,0,0,0,"2021_9_12_14"
30.282,30.282,747,160,0,0,2021,9,36,255,12,7,15,1014.2,29.6,29.6,29.4,37,13.3,16.8,4.8,1.21,14.5,29.6,28.9,28.9,35,0,0,662,14.24,673,0.51,0,0.117,35.7,38,32.1,0,1,4,0,0,0,0,"2021_9_12_15"
31.236,31.065,747,200,520,270,2021,9,36,255,12,7,15,1014.4,29.8,29.8,29.4,36,13.2,16.7,3.2,0.8,17.7,29.8,29.1,29.1,35.1,0,0,640,13.77,652,0,0,0.12,32.5,41,32.7,0,2,4,0,0,0,0,"2021_9_12_15"
31.269,30.414,1326,169,600,180,2021,9,36,255,12,7,15,1013.4,29.5,30.1,29.4,38,13.7,17.1,4.8,1.21,12.9,29.5,28.9,28.9,34.9,0,0,612,13.16,626,0,0,0.116,45.5,38,33.5,0,3,2,4,0,0,0,"2021_9_12_15"
30.607,29.61,1326,191,794,221,2021,9,36,255,12,7,15,1013.2,29.9,29.9,29.5,37,13.6,17,3.2,0.8,11.3,29.9,29.3,29.3,35.2,0,0,581,12.5,594,0,0,0.12,39.4,36,31.9,0,4,12,0,0,0,0,"2021_9_12_15"
30.158,33.277,1660,9,2340,0,2021,9,36,255,12,7,16,1013.4,30,30,29.8,38,14.1,17.5,3.2,0.8,8,30,29.5,29.5,35.4,0,0,552,11.87,566,0.43,0,0.122,42.5,35,31.4,0,5,11,10,0,0,0,"2021_9_12_16"
30.436,30.395,1660,351,2397,347,2021,9,36,255,12,7,16,1013.5,30.7,30.8,30,37,14.4,17.7,1.6,0.4,4.8,30.7,30.3,30.3,36.1,0,0,521,11.21,536,0,0,0.129,44.1,26,30.4,0,6,10,14,0,0,0,"2021_9_12_16"
30.779,31.375,1072,14,1740,0,2021,9,36,255,12,7,16,1012.4,30.4,30.9,30.4,35,13.2,16.8,1.6,0.4,6.4,30.4,29.6,29.6,35.3,0,0,484,10.41,499,0,0,0.126,51.6,30,29.5,0,7,7,5,0,0,0,"2021_9_12_16"
30.702,29.555,1072,346,1816,343,2021,9,36,255,12,7,16,1012.9,30.3,30.4,30.2,35,13.2,16.7,1.6,0.4,9.7,30.3,29.6,29.6,35.1,0,0,450,9.68,469,0,0,0.125,53.9,14,29.5,0,0,3,11,0,0,0,"2021_9_12_16"
30.563,30.563,747,160,0,0,2021,9,36,255,12,7,17,1012.4,30.1,30.4,30.1,39,14.6,17.8,3.2,0.8,8,30.1,29.7,29.7,35.1,0,0,410,8.82,429,0.36,0,0.122,48.6,13,28.8,0,1,4,1,0,0,0,"2021_9_12_17"
30.029,29.735,747,200,520,270,2021,9,36,255,12,7,17,1012.7,29.9,30.1,29.9,41,15.2,18.3,1.6,0.4,6.4,29.9,29.7,29.7,34.9,0,0,364,7.83,385,0,0,0.12,57.6,10,28.4,0,2,2,3,0,0,0,"2021_9_12_17"
29.17,28.765,1326,169,600,180,2021,9,36,255,12,7,17,1012.4,29.6,29.9,29.6,40,14.6,17.8,3.2,0.8,8,29.6,29.3,29.3,34,0,0,322,6.93,343,0,0,0.117,46.1,12,27.9,0,3,0,13,0,0,0,"2021_9_12_17"
28.765,27.196,1326,191,794,221,2021,9,36,255,12,7,17,1012.1,29.6,29.7,29.6,38,13.8,17.1,3.2,0.8,8,29.6,29,29,33.4,0,0,278,5.98,294,0,0,0.117,50.3,8,27.4,0,4,4,1,0,0,0,"2021_9_12_17"
27.765,27.83,1660,9,2340,0,2021,9,36,255,12,7,18,1012.2,29.1,29.6,29.1,43,15.2,18.2,3.2,0.8,6.4,29.1,28.9,28.9,32.8,0,0,235,5.06,257,0.23,0,0.112,61,6,27,0,5,2,2,0,0,0,"2021_9_12_18"
26.686,26.784,1660,351,2397,347,2021,9,36,255,12,7,18,1012.2,28.9,29.1,28.8,43,15.1,18.1,1.6,0.4,4.8,28.9,28.7,28.7,32,0,0,193,4.15,211,0,0,0.11,65.4,5,26.4,0,6,2,4,0,0,0,"2021_9_12_18"
25.702,26.032,1072,14,1740,0,2021,9,36,255,12,7,18,1012.1,28.6,28.9,28.5,42,14.4,17.5,1.6,0.4,3.2,28.6,28.2,28.2,30.6,0,0,143,3.08,167,0,0,0.106,65.3,3,25.4,0,7,2,2,0,0,0,"2021_9_12_18"
24.419,25.013,1072,346,1816,343,2021,9,36,255,12,7,18,1012.1,28.9,28.9,28.6,51,17.7,20.2,0,0,3.2,28.9,29.7,29.7,31.3,0,0,97,2.09,116,0,0,0.11,68.1,2,24.6,0,0,9,2,0,0,0,"2021_9_12_18"
23.316,23.316,747,160,0,0,2021,9,36,255,12,7,19,1011.8,28.5,28.9,28.5,52,17.7,20.1,0,0,0,28.5,29.2,29.2,30,0,0,59,1.27,77,0.1,0,0.106,73.8,1,23.5,0,1,9,8,0,0,0,"2021_9_12_19"
22.205,22.102,747,200,520,270,2021,9,36,255,12,7,19,1011.4,27.6,28.6,27.6,48,15.6,18.3,0,0,0,27.6,27.6,27.6,26.7,0,0,27,0.58,40,0,0,0.096,76.6,0,22.3,0,2,9,8,0,0,0,"2021_9_12_19"
20.942,21.152,1326,169,600,180,2021,9,36,255,12,7,19,1011.6,26.2,27.6,26.2,62,18.4,20.3,0,0,0,26.2,26.9,26.9,26,0,0,10,0.22,14,0,0,0.082,80.2,0,21.3,0,3,9,8,0,0,0,"2021_9_12_19"
20.393,20.353,1326,191,794,221,2021,9,36,255,12,7,19,1011.5,24.1,26.2,24.1,64,16.8,18.7,0,0,3.2,24.1,24.5,24.5,23.3,0,0,0,0,5,0,0,0.06,81.8,0,20.4,0,4,9,1,0,0,0,"2021_9_12_19"
20.013,20.198,1660,9,2340,0,2021,9,36,255,12,7,20,1011.5,22.8,24,22.8,69,16.8,18.5,0,0,0,22.8,23.3,23.3,22.1,0,0,0,0,0,0.03,0,0.047,83.2,0,19.7,0,5,9,8,0,0,0,"2021_9_12_20"
19.419,19.841,1660,351,2397,347,2021,9,36,255,12,7,20,1011.8,21.8,22.8,21.8,72,16.5,18,0,0,0,21.8,22.1,22.1,20.9,0,0,0,0,0,0,0,0.036,84.6,0,19.2,0,6,9,8,0,0,0,"2021_9_12_20"
18.855,18.993,1072,14,1740,0,2021,9,36,255,12,7,20,1012,20.8,21.8,20.8,75,16.2,17.5,0,0,3.2,20.8,21.3,21.3,20,0,0,0,0,0,0,0,0.025,86.6,0,18.7,0,7,9,1,0,0,0,"2021_9_12_20"
18.677,18.649,1072,346,1816,343,2021,9,36,255,12,7,20,1012.2,20.3,20.8,20.3,80,16.7,17.8,0,0,0,20.3,21,21,19.8,0,0,0,0,0,0,0,0.02,87.9,0,18.3,0,0,9,8,0,0,0,"2021_9_12_20"
18.183,18.183,747,160,0,0,2021,9,36,255,12,7,21,1012.3,19.7,20.3,19.7,82,16.5,17.5,0,0,0,19.7,20.3,20.3,19.1,0,0,0,0,0,0.03,0,0.014,88.2,0,18,0,1,9,8,0,0,0,"2021_9_12_21"
17.934,18.066,747,200,520,270,2021,9,36,255,12,7,21,1012.6,19.1,19.7,19.1,80,15.6,16.7,1.6,0.4,6.4,19.1,19.6,19.6,18.3,0,0,0,0,0,0,0,0.008,88.4,0,17.6,0,2,10,9,0,0,0,"2021_9_12_21"
17.752,17.822,1326,169,600,180,2021,9,36,255,12,7,21,1012.8,19.2,19.4,19.1,77,15,16.3,1.6,0.4,4.8,19.2,19.5,19.5,18.2,0,0,0,0,0,0,0,0.009,87.5,0,17.2,0,3,14,14,0,0,0,"2021_9_12_21"
17.449,17.381,1326,191,794,221,2021,9,36,255,12,7,21,1012.7,18.9,19.2,18.9,78,15,16.3,0,0,0,18.9,19.3,19.3,18,0,0,0,0,0,0,0,0.006,88.8,0,17,0,4,9,8,0,0,0,"2021_9_12_21"
17.287,17.46,1660,9,2340,0,2021,9,36,255,12,7,22,1012.9,18.5,19,18.4,81,15.2,16.2,1.6,0.4,4.8,18.5,18.8,18.8,17.6,0,0,0,0,0,0.03,0,0.002,88.8,0,16.7,0,5,16,12,0,0,0,"2021_9_12_22"
16.878,17.219,1660,351,2397,347,2021,9,36,255,12,7,22,1013,18.3,18.5,18.2,80,14.8,15.9,1.6,0.4,4.8,18.3,18.5,18.5,17.2,0,0,0,0,0,0,0.001,0,90.4,0,16.5,0,6,16,9,0,0,0,"2021_9_12_22"
16.659,16.744,1072,14,1740,0,2021,9,36,255,12,7,22,1012.9,18.2,18.3,18.2,81,14.9,15.9,0,0,3.2,18.2,18.4,18.4,17.1,0,0,0,0,0,0,0.002,0,90.1,0,16.3,0,7,9,12,0,0,0,"2021_9_12_22"
16.633,16.554,1072,346,1816,343,2021,9,36,255,12,7,22,1013,17.7,18.2,17.7,82,14.6,15.6,0,0,0,17.7,18,18,16.6,0,0,0,0,0,0,0.006,0,90.4,0,16,0,0,9,8,0,0,0,"2021_9_12_22"
16.262,16.262,747,160,0,0,2021,9,36,255,12,7,23,1013,17.2,17.7,17.2,83,14.3,15.3,0,0,0,17.2,17.4,17.4,16.1,0,0,0,0,0,0.03,0.012,0,90.5,0,15.8,0,1,9,8,0,0,0,"2021_9_12_23"
16.266,16.317,747,200,520,270,2021,9,36,255,12,7,23,1013.1,16.8,17.2,16.8,83,13.9,14.9,0,0,0,16.8,16.9,16.9,15.5,0,0,0,0,0,0,0.016,0,90.7,0,15.6,0,2,9,8,0,0,0,"2021_9_12_23"
15.758,15.776,1326,169,600,180,2021,9,36,255,12,7,23,1013.3,16.6,16.8,16.6,85,14,14.9,0,0,0,16.6,16.7,16.7,15.3,0,0,0,0,0,0,0.019,0,90.5,0,15.5,0,3,9,8,0,0,0,"2021_9_12_23"
15.766,15.694,1326,191,794,221,2021,9,36,255,12,7,23,1013.3,16.4,16.6,16.3,86,14.1,14.9,0,0,0,16.4,16.6,16.6,15.2,0,0,0,0,0,0,0.02,0,90.6,0,15.2,0,4,9,8,0,0,0,"2021_9_12_23"
15.67,15.621,1660,9,2340,0,2021,9,37,256,13,1,0,1013.3,16.2,16.4,16.2,86,13.8,14.6,0,0,0,16.2,16.3,16.3,14.9,0,0,0,0,0,0.03,0.023,0,92.2,0,15.1,0,5,9,8,0,0,0,"2021_9_13_0"
15.14,15.615,1660,351,2397,347,2021,9,37,256,13,1,0,1013.2,15.9,16.2,15.9,86,13.5,14.4,0,0,0,15.9,16,16,14.6,0,0,0,0,0,0,0.025,0,90.7,0,14.8,0,6,9,8,0,0,0,"2021_9_13_0"
15.148,15.119,1072,14,1740,0,2021,9,37,256,13,1,0,1013.4,15.8,15.9,15.8,87,13.7,14.4,0,0,1.6,15.8,15.9,15.9,14.6,0,0,0,0,0,0,0.026,0,91.5,0,14.6,0,7,9,12,0,0,0,"2021_9_13_0"
15.048,15.019,1072,346,1816,343,2021,9,37,256,13,1,0,1013.4,15.6,15.8,15.6,88,13.6,14.3,0,0,0,15.6,15.7,15.7,14.3,0,0,0,0,0,0,0.029,0,92.2,0,14.5,0,0,9,8,0,0,0,"2021_9_13_0"
14.985,14.985,747,160,0,0,2021,9,37,256,13,1,1,1013.5,15.2,15.6,15.2,88,13.2,14,0,0,0,15.2,15.3,15.3,13.9,0,0,0,0,0,0,0.032,0,91.9,0,14.3,0,1,9,8,0,0,0,"2021_9_13_1"
14.658,14.852,747,200,520,270,2021,9,37,256,13,1,1,1013.5,15,15.2,15,89,13.2,13.9,0,0,1.6,15,15.1,15.1,13.7,0,0,0,0,0,0,0.035,0,92.2,0,14.3,0,2,9,12,0,0,0,"2021_9_13_1"
14.617,14.577,1326,169,600,180,2021,9,37,256,13,1,1,1013.6,14.9,15,14.9,90,13.3,13.9,0,0,0,14.9,15.1,15.1,13.7,0,0,0,0,0,0,0.035,0,91.9,0,14.2,0,3,9,8,0,0,0,"2021_9_13_1"
14.445,14.623,1326,191,794,221,2021,9,37,256,13,1,1,1013.5,14.8,14.9,14.8,90,13.2,13.7,0,0,0,14.8,14.9,14.9,13.5,0,0,0,0,0,0,0.037,0,91.8,0,14.1,0,4,9,8,0,0,0,"2021_9_13_1"
14.319,14.533,1660,9,2340,0,2021,9,37,256,13,1,2,1013.4,14.6,14.8,14.6,90,12.9,13.5,0,0,0,14.6,14.7,14.7,13.3,0,0,0,0,0,0,0.039,0,92.4,0,13.9,0,5,9,8,0,0,0,"2021_9_13_2"
14.116,14.55,1660,351,2397,347,2021,9,37,256,13,1,2,1013.3,14.3,14.6,14.3,90,12.7,13.3,0,0,0,14.3,14.4,14.4,13,0,0,0,0,0,0,0.042,0,92.2,0,13.8,0,6,9,8,0,0,0,"2021_9_13_2"
14.246,14.271,1072,14,1740,0,2021,9,37,256,13,1,2,1013.3,14.1,14.3,14.1,92,12.8,13.3,0,0,0,14.1,14.2,14.2,12.8,0,0,0,0,0,0,0.044,0,92.7,0,13.7,0,7,9,8,0,0,0,"2021_9_13_2"
14.084,14.057,1072,346,1816,343,2021,9,37,256,13,1,2,1013.3,14.3,14.3,14.1,92,13,13.5,0,0,0,14.3,14.4,14.4,13,0,0,0,0,0,0,0.042,0,92.8,0,13.6,0,0,9,8,0,0,0,"2021_9_13_2"
14.06,14.06,747,160,0,0,2021,9,37,256,13,1,3,1013.2,14.1,14.3,14.1,91,12.6,13.2,0,0,0,14.1,14.1,14.1,12.7,0,0,0,0,0,0,0.045,0,92.4,0,13.5,0,1,9,8,0,0,0,"2021_9_13_3"
14.129,14.48,747,200,520,270,2021,9,37,256,13,1,3,1013.1,13.9,14.1,13.9,90,12.3,12.9,0,0,3.2,13.9,13.9,13.9,12.5,0,0,0,0,0,0,0.046,0,93.2,0,13.5,0,2,9,10,0,0,0,"2021_9_13_3"
14.015,13.904,1326,169,600,180,2021,9,37,256,13,1,3,1013.1,13.9,13.9,13.8,90,12.3,12.9,0,0,1.6,13.9,13.9,13.9,12.5,0,0,0,0,0,0,0.046,0,93.7,0,13.5,0,3,9,10,0,0,0,"2021_9_13_3"
13.957,13.904,1326,191,794,221,2021,9,37,256,13,1,3,1013.3,13.8,13.9,13.8,91,12.4,12.9,0,0,1.6,13.8,13.9,13.9,12.5,0,0,0,0,0,0,0.047,0,92.7,0,13.5,0,4,9,10,0,0,0,"2021_9_13_3"
13.66,13.822,1660,9,2340,0,2021,9,37,256,13,1,4,1013.5,13.8,13.9,13.8,92,12.6,13,0,0,0,13.8,13.9,13.9,12.5,0,0,0,0,0,0,0.047,0,93.5,0,13.3,0,5,9,8,0,0,0,"2021_9_13_4"
13.523,14.005,1660,351,2397,347,2021,9,37,256,13,1,4,1013.3,13.9,13.9,13.8,90,12.3,12.9,0,0,0,13.9,13.9,13.9,12.5,0,0,0,0,0,0,0.046,0,92.9,0,13.2,0,6,9,8,0,0,0,"2021_9_13_4"
13.421,13.494,1072,14,1740,0,2021,9,37,256,13,1,4,1013.4,13.7,13.9,13.7,92,12.4,12.9,0,0,0,13.7,13.8,13.8,12.4,0,0,0,0,0,0,0.048,0,93.2,0,13.1,0,7,9,8,0,0,0,"2021_9_13_4"
13.461,13.281,1072,346,1816,343,2021,9,37,256,13,1,4,1013.3,13.6,13.8,13.6,92,12.3,12.8,0,0,0,13.6,13.7,13.7,12.3,0,0,0,0,0,0,0.049,0,93.5,0,12.9,0,0,9,8,0,0,0,"2021_9_13_4"
13.302,13.302,747,160,0,0,2021,9,37,256,13,1,5,1013.4,13.3,13.6,13.3,92,12.1,12.6,0,0,1.6,13.3,13.4,13.4,12,0,0,0,0,0,0,0.052,0,94.1,0,12.8,0,1,9,10,0,0,0,"2021_9_13_5"
13.188,13.616,747,200,520,270,2021,9,37,256,13,1,5,1013.6,13.3,13.4,13.3,92,12.1,12.6,0,0,0,13.3,13.4,13.4,12,0,0,0,0,0,0,0.052,0,94,0,12.8,0,2,9,8,0,0,0,"2021_9_13_5"
13.206,13.236,1326,169,600,180,2021,9,37,256,13,1,5,1013.6,13.1,13.3,13.1,92,11.8,12.3,0,0,0,13.1,13.2,13.2,11.8,0,0,0,0,0,0,0.054,0,94.3,0,12.6,0,3,9,8,0,0,0,"2021_9_13_5"
13.04,13.324,1326,191,794,221,2021,9,37,256,13,1,5,1013.7,12.9,13.1,12.9,92,11.6,12.1,0,0,0,12.9,13,13,11.5,0,0,0,0,0,0,0.057,0,94.6,0,12.6,0,4,9,8,0,0,0,"2021_9_13_5"
13.096,13.206,1660,9,2340,0,2021,9,37,256,13,1,6,1013.8,12.8,12.9,12.7,93,11.7,12.1,0,0,0,12.8,12.9,12.9,11.5,0,0,0,0,0,0,0.058,0,95,0,12.6,0,5,9,8,0,0,0,"2021_9_13_6"
13.171,13.162,1660,351,2397,347,2021,9,37,256,13,1,6,1013.8,12.8,12.8,12.7,94,11.8,12.2,0,0,3.2,12.8,12.9,12.9,11.5,0,0,0,0,0,0,0.058,0,94.9,0,12.5,0,6,9,12,0,0,0,"2021_9_13_6"
13.264,12.885,1072,14,1740,0,2021,9,37,256,13,1,6,1013.8,12.9,12.9,12.8,94,12,12.4,0,0,1.6,12.9,13.1,13.1,11.6,0,0,0,0,0,0,0.056,0,95.5,0,12.6,0,7,9,16,0,0,0,"2021_9_13_6"
13.385,12.835,1072,346,1816,343,2021,9,37,256,13,1,6,1013.6,12.9,13,12.9,93,11.8,12.3,0,0,0,12.9,13.1,13.1,11.6,0,0,0,0,0,0,0.056,0,95.1,0,12.4,0,0,9,8,0,0,0,"2021_9_13_6"
13.287,13.287,747,160,0,0,2021,9,37,256,13,1,7,1013.9,12.8,12.9,12.8,94,11.9,12.3,0,0,0,12.8,13,13,11.6,0,0,2,0.04,7,0,0.057,0,95,0,12.5,0,1,9,8,0,0,0,"2021_9_13_7"
14.357,14.12,1326,169,600,180,2021,9,37,256,13,1,7,1014.1,13.4,13.4,12.9,93,12.3,12.7,0,0,0,13.4,13.5,13.5,13.1,0,0,22,0.47,26,0,0.052,0,96.3,1,13.1,0,3,9,8,0,0,0,"2021_9_13_7"
15.451,15.291,1326,191,794,221,2021,9,37,256,13,1,7,1014.1,14.3,14.3,13.4,91,12.8,13.4,0,0,0,14.3,14.4,14.4,14.3,0,0,35,0.75,49,0,0.042,0,97,2,13.9,0,4,9,8,0,0,0,"2021_9_13_7"
17.568,15.546,1660,9,2340,0,2021,9,37,256,13,1,8,1014.4,15.2,15.2,14.3,90,13.5,14.1,0,0,0,15.2,15.3,15.3,16,0,0,69,1.48,84,0.03,0.033,0,98,3,15.2,0,5,9,8,0,0,0,"2021_9_13_8"
19.567,17.573,1660,351,2397,347,2021,9,37,256,13,1,8,1014.9,16.9,16.9,15.2,87,14.8,15.5,0,0,1.6,16.9,17.2,17.2,18.9,0,0,113,2.43,134,0,0.014,0,95.9,4,16.8,0,6,9,16,0,0,0,"2021_9_13_8"
20.913,19.744,1072,14,1740,0,2021,9,37,256,13,1,8,1014.7,18.4,18.4,16.9,85,15.9,16.7,0,0,0,18.4,18.9,18.9,21.3,0,0,153,3.29,167,0,0,0.001,88.7,4,18.1,0,7,9,8,0,0,0,"2021_9_13_8"
22.637,21.576,1072,346,1816,343,2021,9,37,256,13,1,8,1014.7,19.3,19.3,18.4,73,14.3,15.9,0,0,3.2,19.3,19.4,19.4,21.9,0,0,163,3.51,188,0,0,0.01,85.5,6,18.9,0,0,9,5,0,0,0,"2021_9_13_8"
23.094,23.094,747,160,0,0,2021,9,37,256,13,1,9,1015.3,20.7,20.7,19.3,68,14.5,16.4,0,0,3.2,20.7,20.8,20.8,24.6,0,0,249,5.36,264,0.1,0,0.024,73.6,6,20.2,0,1,9,3,0,0,0,"2021_9_13_9"
25.102,23.645,747,200,520,270,2021,9,37,256,13,1,9,1015.2,21.2,21.2,20.7,71,15.8,17.3,0,0,3.2,21.2,21.4,21.4,25,0,0,243,5.23,258,0,0,0.03,77.7,7,21,0,2,9,3,0,0,0,"2021_9_13_9"
25.096,23.12,1326,169,600,180,2021,9,37,256,13,1,9,1015.1,21.2,21.2,21.1,70,15.5,17.2,1.6,0.4,4.8,21.2,21.4,21.4,25.2,0,0,275,5.92,304,0,0,0.03,75.7,8,22,0,3,6,4,0,0,0,"2021_9_13_9"
26.495,27.308,1326,191,794,221,2021,9,37,256,13,1,9,1015.1,21.4,21.4,21.2,68,15.3,17.1,3.2,0.8,6.4,21.4,21.5,21.5,25.3,0,0,282,6.07,313,0,0,0.032,73.5,10,22.4,0,4,5,4,0,0,0,"2021_9_13_9"
27.325,22.914,1660,9,2340,0,2021,9,37,256,13,1,10,1015.6,22.2,22.2,21.4,66,15.6,17.4,3.2,0.8,6.4,22.2,22.4,22.4,27.3,0,0,392,8.43,438,0.18,0,0.041,60.1,12,23.4,0,5,5,6,0,0,0,"2021_9_13_10"
27.516,25.624,1660,351,2397,347,2021,9,37,256,13,1,10,1015.5,22.9,22.9,22.2,65,16,17.9,3.2,0.8,9.7,22.9,23.2,23.2,28,0,0,390,8.39,438,0,0,0.047,62.3,10,23.7,0,6,5,4,0,0,0,"2021_9_13_10"
28.346,26.397,1072,14,1740,0,2021,9,37,256,13,1,10,1015.4,23.1,23.1,22.8,60,14.9,17.1,3.2,0.8,6.4,23.1,23.3,23.3,27.7,0,0,370,7.96,494,0,0,0.05,62.3,14,25.3,0,7,6,4,0,0,0,"2021_9_13_10"
29.457,34.389,1072,346,1816,343,2021,9,37,256,13,1,10,1016.1,24.3,24.3,23.1,57,15.2,17.6,3.2,0.8,6.4,24.3,24.4,24.4,30.1,0,0,515,11.08,540,0,0,0.062,57.8,14,26.3,0,0,6,4,0,0,0,"2021_9_13_10"
29.905,29.905,747,160,0,0,2021,9,37,256,13,1,11,1016,25.1,25.1,24.3,53,14.8,17.4,3.2,0.8,6.4,25.1,25.1,25.1,30.9,0,0,555,11.94,578,0.3,0,0.07,53.4,13,27,0,1,2,4,0,0,0,"2021_9_13_11"
31.55,32.098,747,200,520,270,2021,9,37,256,13,1,11,1016.1,25.7,25.7,25.1,52,15.1,17.7,3.2,0.8,6.4,25.7,25.7,25.7,31.4,0,0,546,11.74,596,0,0,0.076,56.2,16,28.3,0,2,2,2,0,0,0,"2021_9_13_11"
31.496,29.48,1326,169,600,180,2021,9,37,256,13,1,11,1015.8,26,26,25.6,49,14.5,17.3,3.2,0.8,8,26,25.9,25.9,32,0,0,621,13.36,642,0,0,0.08,48.3,19,28.5,0,3,5,2,0,0,0,"2021_9_13_11"
32.118,31.341,1326,191,794,221,2021,9,37,256,13,1,11,1015.7,26.6,26.6,25.9,49,15,17.8,3.2,0.8,8,26.6,26.6,26.6,32.8,0,0,657,14.13,666,0,0,0.086,51.2,22,29.3,0,4,1,3,0,0,0,"2021_9_13_11"
32.259,29.106,1660,9,2340,0,2021,9,37,256,13,1,12,1015.7,27,27,26.6,48,15.1,17.9,3.2,0.8,9.7,27,27,27,33.2,0,0,669,14.39,673,0.43,0,0.09,49.4,30,30.2,0,5,2,3,0,0,0,"2021_9_13_12"
32.971,30.567,1660,351,2397,347,2021,9,37,256,13,1,12,1015.4,27.7,27.7,27,47,15.3,18.2,4.8,1.21,9.7,27.7,27.7,27.7,33.9,0,0,681,14.65,689,0,0,0.097,51.7,30,31,0,6,2,1,0,0,0,"2021_9_13_12"
32.554,30.153,1072,14,1740,0,2021,9,37,256,13,1,12,1015.3,28,28,27.7,42,13.9,17.1,4.8,1.21,16.1,28,27.6,27.6,33.8,0,0,696,14.97,705,0,0,0.101,44.6,19,31.6,0,7,2,1,0,0,0,"2021_9_13_12"
32.049,34.117,1072,346,1816,343,2021,9,37,256,13,1,12,1015.3,28.6,28.6,28,43,14.8,17.8,4.8,1.21,12.9,28.6,28.3,28.3,34.6,0,0,705,15.17,712,0,0,0.106,45.6,20,31.5,0,0,5,3,0,0,0,"2021_9_13_12"
33.246,33.246,747,160,0,0,2021,9,37,256,13,1,13,1015,28.8,28.8,28.6,41,14.3,17.5,4.8,1.21,11.3,28.8,28.4,28.4,34.7,0,0,716,15.4,722,0.51,0,0.109,42.4,21,31.1,0,1,6,6,0,0,0,"2021_9_13_13"
33.005,34.098,747,200,520,270,2021,9,37,256,13,1,13,1014.8,28.8,29,28.8,42,14.6,17.7,6.4,1.61,17.7,28.8,28.5,28.5,34.8,0,0,725,15.6,729,0,0,0.109,47,22,33.2,0,2,2,2,0,0,0,"2021_9_13_13"
31.32,30.052,1326,169,600,180,2021,9,37,256,13,1,13,1014.8,29.1,29.1,28.8,40,14.1,17.3,6.4,1.61,14.5,29.1,28.6,28.6,34.8,0,0,728,15.66,731,0,0,0.112,34.9,25,33.6,0,3,6,2,0,0,0,"2021_9_13_13"
32.135,31.265,1326,191,794,221,2021,9,37,256,13,1,13,1014.9,29.2,29.2,29.1,42,15,18.1,4.8,1.21,12.9,29.2,29,29,35.3,0,0,723,15.55,731,0,0,0.113,36.5,46,33.6,0,4,8,16,0,0,0,"2021_9_13_13"
32.155,31.053,1660,9,2340,0,2021,9,37,256,13,1,14,1014.6,29.4,29.6,29.2,40,14.4,17.6,6.4,1.61,14.5,29.4,29.1,29.1,35.3,0,0,716,15.4,728,0.53,0,0.116,36.6,47,33.1,0,5,5,4,0,0,0,"2021_9_13_14"
33.011,30.561,1660,351,2397,347,2021,9,37,256,13,1,14,1014.9,29.6,29.7,29.3,40,14.6,17.8,6.4,1.61,16.1,29.6,29.3,29.3,35.5,0,0,709,15.25,719,0,0,0.117,44.6,40,33.8,0,6,7,5,0,0,0,"2021_9_13_14"
32.542,31.238,1072,14,1740,0,2021,9,37,256,13,1,14,1014.4,29.7,29.7,29.6,36,13,16.5,6.4,1.61,14.5,29.7,28.9,28.9,35,0,0,693,14.91,707,0,0,0.118,30.1,43,34,0,7,6,6,0,0,0,"2021_9_13_14"
32.512,31.161,1072,346,1816,343,2021,9,37,256,13,1,14,1014.5,29.8,29.8,29.6,41,15.2,18.3,6.4,1.61,16.1,29.8,29.7,29.7,35.9,0,0,681,14.65,689,0,0,0.12,41.1,40,34.1,0,0,6,4,0,0,0,"2021_9_13_14"
32.567,32.567,747,160,0,0,2021,9,37,256,13,1,15,1014.4,29.9,29.9,29.7,38,14.1,17.4,6.4,1.61,17.7,29.9,29.4,29.4,35.6,0,0,661,14.22,668,0.53,0,0.121,41.1,44,34,0,1,5,4,0,0,0,"2021_9_13_15"
31.679,31.39,747,200,520,270,2021,9,37,256,13,1,15,1014.5,29.8,30,29.8,39,14.4,17.6,6.4,1.61,16.1,29.8,29.4,29.4,35.5,0,0,639,13.75,647,0,0,0.12,36,41,33.9,0,2,5,4,0,0,0,"2021_9_13_15"
31.5,30.399,1326,169,600,180,2021,9,37,256,13,1,15,1013.8,30.1,30.1,29.8,39,14.6,17.8,6.4,1.61,16.1,30.1,29.7,29.7,35.8,0,0,617,13.27,629,0,0,0.122,36.3,37,33.1,0,3,2,2,0,0,0,"2021_9_13_15"
31.81,30.367,1326,191,794,221,2021,9,37,256,13,1,15,1014,30.2,30.2,30,38,14.3,17.6,6.4,1.61,16.1,30.2,29.8,29.8,35.8,0,0,591,12.71,608,0,0,0.124,36.5,36,33.1,0,4,6,6,0,0,0,"2021_9_13_15"
32.119,32.885,1660,9,2340,0,2021,9,37,256,13,1,16,1013.4,30.1,30.3,30,39,14.6,17.8,6.4,1.61,14.5,30.1,29.7,29.7,35.7,0,0,558,12,571,0.48,0,0.122,42.3,35,31.9,0,5,6,5,0,0,0,"2021_9_13_16"
31.698,31.053,1660,351,2397,347,2021,9,37,256,13,1,16,1013,30.1,30.3,30.1,37,13.8,17.2,6.4,1.61,17.7,30.1,29.5,29.5,35.3,0,0,527,11.34,541,0,0,0.122,48,24,31.2,0,6,5,2,0,0,0,"2021_9_13_16"
30.678,32.212,1072,14,1740,0,2021,9,37,256,13,1,16,1013.5,30.7,30.7,30,38,14.8,18,3.2,0.8,11.3,30.7,30.4,30.4,36.2,0,0,493,10.6,513,0,0,0.129,42.1,31,30.4,0,7,6,5,0,0,0,"2021_9_13_16"
30.639,29.727,1072,346,1816,343,2021,9,37,256,13,1,16,1013.1,30.7,30.7,30.6,40,15.5,18.6,3.2,0.8,12.9,30.7,30.6,30.6,36.2,0,0,449,9.66,468,0,0,0.128,47.8,15,29.9,0,0,6,4,0,0,0,"2021_9_13_16"
30.819,30.819,747,160,0,0,2021,9,37,256,13,1,17,1012.8,30.1,30.6,30,39,14.6,17.9,4.8,1.21,12.9,30.1,29.8,29.8,35.2,0,0,409,8.8,427,0.38,0,0.123,46.6,13,29.2,0,1,6,5,0,0,0,"2021_9_13_17"
30.12,29.526,747,200,520,270,2021,9,37,256,13,1,17,1012.7,30.1,30.3,30.1,40,15,18.2,4.8,1.21,11.3,30.1,29.9,29.9,35.1,0,0,371,7.98,396,0,0,0.123,43.9,10,28.9,0,2,2,2,0,0,0,"2021_9_13_17"
30.024,29.446,1326,169,600,180,2021,9,37,256,13,1,17,1012.8,29.9,30.2,29.9,42,15.6,18.6,4.8,1.21,9.7,29.9,29.9,29.9,34.8,0,0,325,6.99,348,0,0,0.121,56.1,10,28.3,0,3,5,5,0,0,0,"2021_9_13_17"
28.577,27.636,1326,191,794,221,2021,9,37,256,13,1,17,1012.7,29.9,30,29.8,42,15.6,18.6,3.2,0.8,9.7,29.9,29.9,29.9,34.4,0,0,285,6.13,304,0,0,0.12,53.3,8,27.8,0,4,2,2,0,0,0,"2021_9_13_17"
27.514,27.955,1660,9,2340,0,2021,9,37,256,13,1,18,1012.6,29.3,29.9,29.3,41,14.7,17.8,4.8,1.21,11.3,29.3,29,29,33,0,0,240,5.16,264,0.25,0,0.115,54.5,6,27.1,0,5,6,4,0,0,0,"2021_9_13_18"
26.642,26.812,1660,351,2397,347,2021,9,37,256,13,1,18,1012.8,29.2,29.3,29.2,41,14.6,17.7,3.2,0.8,9.7,29.2,28.8,28.8,32.1,0,0,195,4.19,218,0,0,0.113,59.7,4,26.4,0,6,6,5,0,0,0,"2021_9_13_18"
25.56,26.414,1072,14,1740,0,2021,9,37,256,13,1,18,1012.7,28.6,29.2,28.6,44,15.1,18.1,3.2,0.8,8,28.6,28.4,28.4,30.8,0,0,139,2.99,163,0,0,0.106,65,3,25.4,0,7,5,2,0,0,0,"2021_9_13_18"
24.256,24.85,1072,346,1816,343,2021,9,37,256,13,1,18,1012.6,28.1,28.6,28.1,46,15.4,18.3,1.6,0.4,6.4,28.1,28.1,28.1,29.4,0,0,91,1.96,114,0,0,0.102,65.3,2,24.4,0,0,2,2,0,0,0,"2021_9_13_18"
23.094,23.094,747,160,0,0,2021,9,37,256,13,1,19,1012.6,27.5,28.1,27.4,44,14.2,17.2,1.6,0.4,4.8,27.5,27.2,27.2,27.3,0,0,40,0.86,56,0.13,0,0.095,67.3,1,23.3,0,1,5,5,0,0,0,"2021_9_13_19"
21.875,21.93,747,200,520,270,2021,9,37,256,13,1,19,1012.4,26.9,27.5,26.9,44,13.7,16.8,3.2,0.8,4.8,26.9,26.6,26.6,25.5,0,0,17,0.37,26,0,0,0.09,74.2,0,22,0,2,6,5,0,0,0,"2021_9_13_19"
20.877,21.214,1326,169,600,180,2021,9,37,256,13,1,19,1012.2,25.9,26.9,25.9,52,15.3,17.9,1.6,0.4,3.2,25.9,26,26,24.8,0,0,5,0.11,11,0,0,0.079,76.7,0,21,0,3,6,5,0,0,0,"2021_9_13_19"
20.202,20.344,1326,191,794,221,2021,9,37,256,13,1,19,1012.4,24.8,25.9,24.8,58,16,18.2,0,0,1.6,24.8,25,25,23.8,0,0,0,0,0,0,0,0.067,80.7,0,20.2,0,4,9,5,0,0,0,"2021_9_13_19"
19.677,20.29,1660,9,2340,0,2021,9,37,256,13,1,20,1012.5,23.4,24.8,23.4,61,15.4,17.6,0,0,0,23.4,23.7,23.7,22.4,0,0,0,0,0,0.03,0,0.053,81.6,0,19.6,0,5,9,8,0,0,0,"2021_9_13_20"
19.414,19.882,1660,351,2397,347,2021,9,37,256,13,1,20,1012.7,22.4,23.4,22.4,69,16.4,18.1,0,0,6.4,22.4,22.7,22.7,21.5,0,0,0,0,0,0,0,0.042,82.6,0,19.2,0,6,9,1,0,0,0,"2021_9_13_20"
19.141,19.139,1072,14,1740,0,2021,9,37,256,13,1,20,1012.8,21.3,22.4,21.3,72,16.1,17.6,0,0,3.2,21.3,21.6,21.6,20.4,0,0,0,0,0,0,0,0.031,84.7,0,18.8,0,7,9,1,0,0,0,"2021_9_13_20"
18.779,18.802,1072,346,1816,343,2021,9,37,256,13,1,20,1013,20.7,21.3,20.7,74,15.9,17.3,0,0,0,20.7,21.1,21.1,19.9,0,0,0,0,0,0,0,0.024,86.2,0,18.6,0,0,9,8,0,0,0,"2021_9_13_20"
18.448,18.448,747,160,0,0,2021,9,37,256,13,1,21,1013.2,20.2,20.6,20.2,80,16.7,17.7,0,0,0,20.2,20.9,20.9,19.7,0,0,0,0,0,0.03,0,0.02,87.3,0,18.4,0,1,9,8,0,0,0,"2021_9_13_21"
18.516,18.595,747,200,520,270,2021,9,37,256,13,1,21,1013.4,19.7,20.2,19.7,78,15.8,17,0,0,4.8,19.7,20.2,20.2,19,0,0,0,0,0,0,0,0.014,84.5,0,17.9,0,2,9,14,0,0,0,"2021_9_13_21"
18.063,18.183,1326,169,600,180,2021,9,37,256,13,1,21,1013.4,19.9,19.9,19.7,77,15.7,17,1.6,0.4,3.2,19.9,20.3,20.3,19.1,0,0,0,0,0,0,0,0.016,87,0,17.8,0,3,14,14,0,0,0,"2021_9_13_21"
18.033,17.986,1326,191,794,221,2021,9,37,256,13,1,21,1013.6,19.3,19.9,19.3,79,15.6,16.8,0,0,1.6,19.3,19.8,19.8,18.6,0,0,0,0,0,0,0,0.01,87.5,0,17.4,0,4,9,14,0,0,0,"2021_9_13_21"
17.522,18.041,1660,9,2340,0,2021,9,37,256,13,1,22,1013.6,18.7,19.3,18.7,79,14.9,16.1,0,0,0,18.7,19,19,17.7,0,0,0,0,0,0.03,0,0.003,87.6,0,17.1,0,5,9,8,0,0,0,"2021_9_13_22"
17.458,17.657,1660,351,2397,347,2021,9,37,256,13,1,22,1013.7,18.6,18.7,18.6,81,15.2,16.3,0,0,1.6,18.6,18.9,18.9,17.7,0,0,0,0,0,0,0,0.002,88.5,0,16.9,0,6,9,14,0,0,0,"2021_9_13_22"
17.159,17.293,1072,14,1740,0,2021,9,37,256,13,1,22,1013.6,18.2,18.6,18.2,79,14.5,15.7,0,0,0,18.2,18.4,18.4,17.1,0,0,0,0,0,0,0.002,0,89.3,0,16.8,0,7,9,8,0,0,0,"2021_9_13_22"
17.644,17.104,1072,346,1816,343,2021,9,37,256,13,1,22,1014.1,17.8,18.2,17.8,80,14.3,15.5,1.6,0.4,11.3,17.8,18.1,18.1,16.8,0,0,0,0,0,0,0.005,0,84.4,0,16.6,0,0,4,0,0,0,0,"2021_9_13_22"
17.187,17.187,747,160,0,0,2021,9,37,256,13,1,23,1014.1,18.1,18.1,17.8,76,13.8,15.2,3.2,0.8,9.7,18.1,18.1,18.1,16.8,0,0,0,0,0,0.03,0.003,0,85.5,0,16.6,0,1,12,13,0,0,0,"2021_9_13_23"
17.07,17.06,747,200,520,270,2021,9,37,256,13,1,23,1014.2,17.7,18.1,17.7,80,14.2,15.3,1.6,0.4,4.8,17.7,17.9,17.9,16.6,0,0,0,0,0,0,0.007,0,88.9,0,16.4,0,2,16,16,0,0,0,"2021_9_13_23"
16.81,16.921,1326,169,600,180,2021,9,37,256,13,1,23,1014.4,17.4,17.7,17.4,82,14.3,15.4,1.6,0.4,3.2,17.4,17.6,17.6,16.3,0,0,0,0,0,0,0.009,0,88.7,0,16.2,0,3,16,16,0,0,0,"2021_9_13_23"
16.536,16.585,1326,191,794,221,2021,9,37,256,13,1,23,1014.3,17.4,17.4,17.4,81,14.1,15.2,0,0,3.2,17.4,17.6,17.6,16.3,0,0,0,0,0,0,0.01,0,89,0,16.1,0,4,9,12,0,0,0,"2021_9_13_23"
16.473,16.646,1660,9,2340,0,2021,9,37,257,14,2,0,1014.3,17.2,17.4,17.2,82,14.1,15.2,0,0,1.6,17.2,17.4,17.4,16.1,0,0,0,0,0,0.03,0.012,0,90,0,15.9,0,5,9,9,0,0,0,"2021_9_14_0"
16.244,16.521,1660,351,2397,347,2021,9,37,257,14,2,0,1014.3,16.9,17.2,16.9,84,14.2,15.1,0,0,1.6,16.9,17,17,15.7,0,0,0,0,0,0,0.015,0,90.8,0,15.7,0,6,9,9,0,0,0,"2021_9_14_0"
16.385,16.159,1072,14,1740,0,2021,9,37,257,14,2,0,1014.3,16.7,16.9,16.7,84,14,14.9,0,0,0,16.7,16.8,16.8,15.5,0,0,0,0,0,0,0.017,0,91,0,15.7,0,7,9,8,0,0,0,"2021_9_14_0"
16.208,16.046,1072,346,1816,343,2021,9,37,257,14,2,0,1014.4,16.6,16.7,16.6,84,13.9,14.8,0,0,0,16.6,16.7,16.7,15.4,0,0,0,0,0,0,0.018,0,92.1,0,15.6,0,0,9,8,0,0,0,"2021_9_14_0"
16.228,16.228,747,160,0,0,2021,9,37,257,14,2,1,1014.3,16.4,16.6,16.3,85,13.9,14.7,0,0,0,16.4,16.5,16.5,15.2,0,0,0,0,0,0.03,0.02,0,92.5,0,15.5,0,1,9,8,0,0,0,"2021_9_14_1"
15.819,16.178,747,200,520,270,2021,9,37,257,14,2,1,1014.4,16.2,16.3,16.1,87,14,14.8,0,0,0,16.2,16.3,16.3,15,0,0,0,0,0,0,0.023,0,92.3,0,15.4,0,2,9,8,0,0,0,"2021_9_14_1"
15.846,15.913,1326,169,600,180,2021,9,37,257,14,2,1,1014.4,16.1,16.2,16.1,87,13.9,14.6,0,0,0,16.1,16.2,16.2,14.9,0,0,0,0,0,0,0.024,0,92.2,0,15.3,0,3,9,8,0,0,0,"2021_9_14_1"
15.818,15.797,1326,191,794,221,2021,9,37,257,14,2,1,1014.3,15.9,16.1,15.9,89,14.1,14.7,0,0,0,15.9,16.1,16.1,14.8,0,0,0,0,0,0,0.025,0,92.9,0,15.2,0,4,9,8,0,0,0,"2021_9_14_1"
15.594,15.682,1660,9,2340,0,2021,9,37,257,14,2,2,1014.3,15.9,15.9,15.8,87,13.7,14.5,0,0,1.6,15.9,16,16,14.7,0,0,0,0,0,0,0.025,0,92.1,0,15,0,5,9,9,0,0,0,"2021_9_14_2"
15.591,15.669,1660,351,2397,347,2021,9,37,257,14,2,2,1014.2,15.8,15.9,15.8,86,13.4,14.3,0,0,3.2,15.8,15.8,15.8,14.5,0,0,0,0,0,0,0.027,0,92.8,0,14.9,0,6,9,0,0,0,0,"2021_9_14_2"
15.423,15.357,1072,14,1740,0,2021,9,37,257,14,2,2,1014.1,15.6,15.8,15.6,87,13.4,14.2,0,0,0,15.6,15.6,15.6,14.3,0,0,0,0,0,0,0.029,0,93.1,0,14.9,0,7,9,8,0,0,0,"2021_9_14_2"
15.266,15.205,1072,346,1816,343,2021,9,37,257,14,2,2,1014.1,15.5,15.6,15.4,88,13.5,14.2,0,0,0,15.5,15.6,15.6,14.3,0,0,0,0,0,0,0.03,0,93.8,0,14.8,0,0,9,8,0,0,0,"2021_9_14_2"
15.263,15.263,747,160,0,0,2021,9,37,257,14,2,3,1014.1,15.2,15.5,15.2,88,13.2,14,0,0,0,15.2,15.3,15.3,13.9,0,0,0,0,0,0,0.032,0,92.9,0,14.8,0,1,9,8,0,0,0,"2021_9_14_3"
15.196,15.284,747,200,520,270,2021,9,37,257,14,2,3,1014,15,15.2,15,89,13.2,13.9,0,0,0,15,15.1,15.1,13.7,0,0,0,0,0,0,0.035,0,93.7,0,14.7,0,2,9,8,0,0,0,"2021_9_14_3"
14.849,14.901,1326,169,600,180,2021,9,37,257,14,2,3,1013.9,15,15.1,14.9,91,13.5,14.1,0,0,0,15,15.1,15.1,13.8,0,0,0,0,0,0,0.035,0,92.8,0,14.7,0,3,9,8,0,0,0,"2021_9_14_3"
14.813,14.885,1326,191,794,221,2021,9,37,257,14,2,3,1013.9,15.1,15.1,14.9,88,13.1,13.8,0,0,0,15.1,15.1,15.1,13.8,0,0,0,0,0,0,0.034,0,92.6,0,14.4,0,4,9,8,0,0,0,"2021_9_14_3"
14.477,14.765,1660,9,2340,0,2021,9,37,257,14,2,4,1013.9,15.1,15.2,15.1,89,13.3,14,0,0,1.6,15.1,15.2,15.2,13.9,0,0,0,0,0,0,0.034,0,93.1,0,14.3,0,5,9,0,0,0,0,"2021_9_14_4"
14.509,14.837,1660,351,2397,347,2021,9,37,257,14,2,4,1013.9,14.8,15.1,14.8,90,13.2,13.7,0,0,0,14.8,14.9,14.9,13.5,0,0,0,0,0,0,0.037,0,93.3,0,14.1,0,6,9,8,0,0,0,"2021_9_14_4"
14.361,14.37,1072,14,1740,0,2021,9,37,257,14,2,4,1013.9,14.7,14.8,14.6,90,13,13.6,0,0,0,14.7,14.8,14.8,13.4,0,0,0,0,0,0,0.038,0,93.7,0,14,0,7,9,8,0,0,0,"2021_9_14_4"
14.403,14.303,1072,346,1816,343,2021,9,37,257,14,2,4,1013.9,14.5,14.7,14.5,92,13.2,13.7,0,0,0,14.5,14.7,14.7,13.3,0,0,0,0,0,0,0.04,0,94,0,13.9,0,0,9,8,0,0,0,"2021_9_14_4"
14.343,14.343,747,160,0,0,2021,9,37,257,14,2,5,1013.9,14.4,14.6,14.4,91,13,13.5,0,0,0,14.4,14.6,14.6,13.2,0,0,0,0,0,0,0.041,0,94.6,0,13.9,0,1,9,8,0,0,0,"2021_9_14_5"
14.246,14.581,747,200,520,270,2021,9,37,257,14,2,5,1013.8,14.3,14.4,14.3,92,13,13.5,0,0,0,14.3,14.4,14.4,13.1,0,0,0,0,0,0,0.042,0,94.5,0,13.8,0,2,9,8,0,0,0,"2021_9_14_5"
14.394,14.333,1326,169,600,180,2021,9,37,257,14,2,5,1013.8,14.3,14.3,14.2,92,13,13.5,0,0,0,14.3,14.4,14.4,13.1,0,0,0,0,0,0,0.042,0,95.2,0,13.7,0,3,9,8,0,0,0,"2021_9_14_5"
14.447,14.451,1326,191,794,221,2021,9,37,257,14,2,5,1013.9,14,14.3,13.9,92,12.7,13.2,0,0,4.8,14,14.1,14.1,12.7,0,0,0,0,0,0,0.045,0,95.4,0,13.7,0,4,9,13,0,0,0,"2021_9_14_5"
14.382,14.33,1660,9,2340,0,2021,9,37,257,14,2,6,1013.9,14.1,14.1,13.9,91,12.7,13.2,0,0,0,14.1,14.2,14.2,12.8,0,0,0,0,0,0,0.044,0,95.3,0,13.6,0,5,9,8,0,0,0,"2021_9_14_6"
14.048,14.384,1660,351,2397,347,2021,9,37,257,14,2,6,1013.9,14.1,14.2,14.1,91,12.7,13.2,0,0,0,14.1,14.2,14.2,12.8,0,0,0,0,0,0,0.044,0,95.4,0,13.5,0,6,9,8,0,0,0,"2021_9_14_6"
13.886,13.894,1072,14,1740,0,2021,9,37,257,14,2,6,1014,13.9,14.1,13.9,90,12.3,12.9,0,0,1.6,13.9,14,14,12.6,0,0,0,0,0,0,0.046,0,95,0,13.4,0,7,9,1,0,0,0,"2021_9_14_6"
13.889,13.855,1072,346,1816,343,2021,9,37,257,14,2,6,1014.2,13.8,13.9,13.8,91,12.4,12.9,0,0,1.6,13.8,13.9,13.9,12.5,0,0,0,0,0,0,0.047,0,95.3,0,13.3,0,0,9,1,0,0,0,"2021_9_14_6"
14.114,14.114,747,160,0,0,2021,9,37,257,14,2,7,1014.2,13.8,13.9,13.8,91,12.4,12.9,0,0,3.2,13.8,13.9,13.9,12.5,0,0,0,0,5,0,0.047,0,95.3,0,13.3,0,1,9,0,0,0,0,"2021_9_14_7"
14.572,14.547,747,200,520,270,2021,9,37,257,14,2,7,1014.3,13.8,13.8,13.8,92,12.6,13,0,0,1.6,13.8,13.9,13.9,12.7,0,0,9,0.19,14,0,0.047,0,96,0,13.5,0,2,9,0,0,0,0,"2021_9_14_7"
15.015,14.783,1326,169,600,180,2021,9,37,257,14,2,7,1014.5,13.9,13.9,13.8,91,12.4,13,0,0,0,13.9,14,14,13.5,0,0,20,0.43,28,0,0.046,0,96.3,1,13.9,0,3,9,8,0,0,0,"2021_9_14_7"
16.225,15.956,1326,191,794,221,2021,9,37,257,14,2,7,1014.7,14.6,14.6,13.9,92,13.3,13.8,0,0,1.6,14.6,14.8,14.8,14.7,0,0,36,0.77,46,0,0.039,0,96.9,2,14.6,0,4,9,0,0,0,0,"2021_9_14_7"
17.968,16.231,1660,9,2340,0,2021,9,37,257,14,2,8,1015.2,15.7,15.7,14.7,91,14.2,14.7,0,0,0,15.7,15.9,15.9,16.7,0,0,70,1.51,95,0.03,0.028,0,98.7,3,16,0,5,9,8,0,0,0,"2021_9_14_8"
19.368,17.965,1660,351,2397,347,2021,9,37,257,14,2,8,1015.3,17.3,17.3,15.7,87,15.1,15.8,0,0,3.2,17.3,17.6,17.6,19.2,0,0,108,2.32,116,0,0.011,0,94.8,4,17.1,0,6,9,11,0,0,0,"2021_9_14_8"
20.632,18.872,1072,14,1740,0,2021,9,37,257,14,2,8,1015.2,18.8,18.8,17.3,80,15.3,16.4,0,0,3.2,18.8,19.2,19.2,21,0,0,123,2.65,148,0,0,0.005,90.4,4,18.2,0,7,9,0,0,0,0,"2021_9_14_8"
21.281,21.322,1072,346,1816,343,2021,9,37,257,14,2,8,1015.8,19.8,19.8,18.8,77,15.7,17,0,0,3.2,19.8,20.3,20.3,22.9,0,0,171,3.68,190,0,0,0.016,84,6,19.1,0,0,9,0,0,0,0,"2021_9_14_8"
22.723,22.723,747,160,0,0,2021,9,37,257,14,2,9,1016.1,20.7,20.7,19.8,72,15.4,17,0,0,1.6,20.7,21,21,24.2,0,0,213,4.58,232,0.1,0,0.024,78.3,6,19.9,0,1,9,0,0,0,0,"2021_9_14_9"
23.865,23.288,747,200,520,270,2021,9,37,257,14,2,9,1016.1,21.8,21.8,20.7,67,15.4,17.2,1.6,0.4,4.8,21.8,21.9,21.9,25.6,0,0,257,5.53,276,0,0,0.036,78.1,8,20.8,0,2,4,11,0,0,0,"2021_9_14_9"
25.068,22.935,1326,169,600,180,2021,9,37,257,14,2,9,1016,22.3,22.3,21.8,65,15.4,17.3,1.6,0.4,6.4,22.3,22.4,22.4,26.5,0,0,296,6.37,318,0,0,0.041,69,9,21.6,0,3,3,13,0,0,0,"2021_9_14_9"
26.335,26.845,1326,191,794,221,2021,9,37,257,14,2,9,1016,22.8,22.8,22.3,63,15.4,17.4,1.6,0.4,6.4,22.8,23.1,23.1,27.6,0,0,339,7.29,357,0,0,0.047,62.8,10,22.5,0,4,12,0,0,0,0,"2021_9_14_9"
26.416,23.936,1660,9,2340,0,2021,9,37,257,14,2,10,1016,23.6,23.6,22.8,62,15.8,17.9,1.6,0.4,4.8,23.6,23.9,23.9,28.7,0,0,380,8.17,401,0.2,0,0.054,65.8,12,23.6,0,5,4,0,0,0,0,"2021_9_14_10"
26.825,25.931,1660,351,2397,347,2021,9,37,257,14,2,10,1015.9,24.2,24.2,23.6,62,16.4,18.4,1.6,0.4,6.4,24.2,24.5,24.5,29.7,0,0,423,9.1,443,0,0,0.061,66.6,12,24.2,0,6,13,12,0,0,0,"2021_9_14_10"
27.967,28.111,1072,14,1740,0,2021,9,37,257,14,2,10,1016.3,24.7,24.7,24.2,58,15.9,18.2,3.2,0.8,6.4,24.7,24.9,24.9,30.3,0,0,464,9.98,482,0,0,0.067,59.2,13,25.3,0,7,11,10,0,0,0,"2021_9_14_10"
28.871,33.139,1072,346,1816,343,2021,9,37,257,14,2,10,1016.5,25.6,25.6,24.7,57,16.4,18.7,1.6,0.4,4.8,25.6,25.8,25.8,31.3,0,0,491,10.56,497,0,0,0.075,57.8,14,26.1,0,0,13,13,0,0,0,"2021_9_14_10"
29.117,29.117,747,160,0,0,2021,9,37,257,14,2,11,1016.2,26,26,25.6,56,16.5,18.8,1.6,0.4,6.4,26,26.3,26.3,32,0,0,523,11.25,545,0.3,0,0.08,54.1,18,26.5,0,1,11,12,0,0,0,"2021_9_14_11"
29.63,31.2,747,200,520,270,2021,9,37,257,14,2,11,1016,26.5,26.5,25.9,56,17,19.3,1.6,0.4,6.4,26.5,26.9,26.9,32.8,0,0,557,11.98,571,0,0,0.085,51.7,16,27.7,0,2,11,10,0,0,0,"2021_9_14_11"
30.574,29.363,1326,169,600,180,2021,9,37,257,14,2,11,1016.3,26.6,26.6,26.4,51,15.6,18.3,1.6,0.4,6.4,26.6,26.8,26.8,32.7,0,0,586,12.61,601,0,0,0.086,55.9,17,28.1,0,3,10,12,0,0,0,"2021_9_14_11"
30.98,30.192,1326,191,794,221,2021,9,37,257,14,2,11,1016.2,27.3,27.3,26.6,53,16.9,19.3,1.6,0.4,6.4,27.3,27.7,27.7,33.8,0,0,616,13.25,628,0,0,0.093,51.7,22,28.9,0,4,6,4,0,0,0,"2021_9_14_11"
30.775,29.446,1660,9,2340,0,2021,9,37,257,14,2,12,1016.3,26.8,27.3,26.7,51,15.8,18.4,3.2,0.8,6.4,26.8,27,27,33.1,0,0,636,13.68,647,0.41,0,0.088,49.5,18,29.7,0,5,5,5,0,0,0,"2021_9_14_12"
31.023,29.318,1660,351,2397,347,2021,9,37,257,14,2,12,1016.4,27.2,27.2,26.8,48,15.2,18,1.6,0.4,6.4,27.2,27.2,27.2,33.3,0,0,654,14.07,668,0,0,0.092,44.8,19,29.9,0,6,8,5,0,0,0,"2021_9_14_12"
31.604,29.28,1072,14,1740,0,2021,9,37,257,14,2,12,1016,27.9,27.9,27.2,44,14.6,17.6,3.2,0.8,8,27.9,27.7,27.7,33.9,0,0,677,14.56,687,0,0,0.1,43.8,19,29.7,0,7,4,13,0,0,0,"2021_9_14_12"
32.749,34.73,1072,346,1816,343,2021,9,37,257,14,2,12,1015.7,28.3,28.4,27.9,47,15.9,18.7,3.2,0.8,8,28.3,28.4,28.4,34.6,0,0,692,14.89,698,0,0,0.104,52,19,31.2,0,0,12,4,0,0,0,"2021_9_14_12"
31.937,31.937,747,160,0,0,2021,9,37,257,14,2,13,1015.6,28.4,28.4,28.2,47,16,18.7,3.2,0.8,8,28.4,28.5,28.5,34.8,0,0,701,15.08,705,0.46,0,0.105,40.3,20,31.4,0,1,2,4,0,0,0,"2021_9_14_13"
32.775,32.976,747,200,520,270,2021,9,37,257,14,2,13,1015.6,28.6,28.6,28.4,45,15.5,18.4,3.2,0.8,12.9,28.6,28.5,28.5,34.8,0,0,715,15.38,724,0,0,0.106,39,20,32.4,0,2,8,7,0,0,0,"2021_9_14_13"
32.373,30.266,1326,169,600,180,2021,9,37,257,14,2,13,1015.1,28.3,28.7,28.3,44,14.9,17.9,4.8,1.21,12.9,28.3,28.1,28.1,34.4,0,0,708,15.23,724,0,0,0.104,40.4,19,33.1,0,3,8,7,0,0,0,"2021_9_14_13"
31.427,30.365,1326,191,794,221,2021,9,37,257,14,2,13,1015.3,28.7,28.7,28.3,45,15.6,18.5,3.2,0.8,9.7,28.7,28.7,28.7,34.8,0,0,634,13.64,694,0,0,0.108,41.6,19,33.1,0,4,8,5,0,0,0,"2021_9_14_13"
30.838,29.945,1660,9,2340,0,2021,9,37,257,14,2,14,1015.3,28.8,28.9,28.7,49,17.1,19.6,4.8,1.21,11.3,28.8,29.4,29.4,35.3,0,0,607,13.06,640,0.48,0,0.109,39.2,20,32.1,0,5,6,4,0,0,0,"2021_9_14_14"
31.622,30.046,1660,351,2397,347,2021,9,37,257,14,2,14,1015,29.1,29.2,28.8,48,17,19.6,3.2,0.8,12.9,29.1,29.6,29.6,35.7,0,0,625,13.44,663,0,0,0.112,39.8,25,32.6,0,6,7,4,0,0,0,"2021_9_14_14"
30.922,30.418,1072,14,1740,0,2021,9,37,257,14,2,14,1015,29.4,29.4,29.1,43,15.5,18.5,3.2,0.8,12.9,29.4,29.4,29.4,35.5,0,0,654,14.07,693,0,0,0.115,41.9,35,32.9,0,7,5,6,0,0,0,"2021_9_14_14"
31.239,30.98,1072,346,1816,343,2021,9,37,257,14,2,14,1014.8,29.4,29.6,29.3,44,15.9,18.8,4.8,1.21,11.3,29.4,29.5,29.5,35.4,0,0,603,12.97,654,0,0,0.115,40.4,31,32.3,0,0,5,6,0,0,0,"2021_9_14_14"
31.144,31.144,747,160,0,0,2021,9,37,257,14,2,15,1014.6,29.4,29.5,29.3,42,15.2,18.2,4.8,1.21,11.3,29.4,29.3,29.3,35.2,0,0,580,12.48,617,0.46,0,0.116,40.7,35,32.3,0,1,5,4,0,0,0,"2021_9_14_15"
30.805,30.632,747,200,520,270,2021,9,37,257,14,2,15,1014.4,29.8,30,29.4,41,15.1,18.2,4.8,1.21,16.1,29.8,29.6,29.6,35.4,0,0,565,12.15,615,0,0,0.119,37.7,31,32,0,2,5,4,0,0,0,"2021_9_14_15"
30.5,29.74,1326,169,600,180,2021,9,37,257,14,2,15,1014.1,29.3,29.7,29.3,41,14.7,17.9,6.4,1.61,14.5,29.3,29,29,34.6,0,0,513,11.04,596,0,0,0.115,39.5,30,31.2,0,3,6,5,0,0,0,"2021_9_14_15"
30.61,29.087,1326,191,794,221,2021,9,37,257,14,2,15,1014.5,29.6,29.6,29.3,41,14.9,18,4.8,1.21,11.3,29.6,29.3,29.3,34.8,0,0,488,10.5,534,0,0,0.117,45.4,24,30.8,0,4,6,5,0,0,0,"2021_9_14_15"
29.501,30.203,1660,9,2340,0,2021,9,37,257,14,2,16,1013.9,29.2,29.6,29.2,40,14.2,17.4,8,2.01,16.1,29.2,28.7,28.7,33.4,0,0,394,8.48,441,0.38,0,0.113,44.3,17,29.6,0,5,6,5,0,0,0,"2021_9_14_16"
29.668,28.662,1660,351,2397,347,2021,9,37,257,14,2,16,1014.2,29.2,29.2,29.1,42,14.9,18,6.4,1.61,14.5,29.2,29,29,33.2,0,0,346,7.44,360,0,0,0.113,51.3,15,28.9,0,6,6,2,0,0,0,"2021_9_14_16"
30.057,29.978,1072,14,1740,0,2021,9,37,257,14,2,16,1014.5,29.3,29.3,29.1,42,15,18.1,6.4,1.61,14.5,29.3,29.1,29.1,33.9,0,0,375,8.07,401,0,0,0.114,49.3,24,29,0,7,6,5,0,0,0,"2021_9_14_16"
30.224,29.507,1072,346,1816,343,2021,9,37,257,14,2,16,1014.4,29.6,29.6,29.2,42,15.3,18.4,6.4,1.61,14.5,29.6,29.5,29.5,34.9,0,0,414,8.91,432,0,0,0.117,45.9,16,29.1,0,0,8,4,0,0,0,"2021_9_14_16"
29.202,29.202,747,160,0,0,2021,9,37,257,14,2,17,1013.9,29.6,29.7,29.6,42,15.3,18.4,8,2.01,17.7,29.6,29.5,29.5,34.8,0,0,388,8.35,429,0.33,0,0.117,47.3,11,28.8,0,1,6,4,0,0,0,"2021_9_14_17"
28.913,28.14,747,200,520,270,2021,9,37,257,14,2,17,1013.7,29.2,29.6,29.2,43,15.3,18.3,8,2.01,17.7,29.2,29.1,29.1,32.9,0,0,262,5.64,323,0,0,0.113,44.7,9,28,0,2,6,4,0,0,0,"2021_9_14_17"
28.422,28.407,1326,169,600,180,2021,9,37,257,14,2,17,1013.9,29.1,29.2,29.1,45,16,18.8,6.4,1.61,14.5,29.1,29.2,29.2,32.8,0,0,232,4.99,269,0,0,0.112,48.8,8,27.7,0,3,7,5,0,0,0,"2021_9_14_17"
27.986,26.851,1326,191,794,221,2021,9,37,257,14,2,17,1013.8,28.9,29.1,28.9,44,15.5,18.4,8,2.01,17.7,28.9,28.9,28.9,32,0,0,197,4.24,221,0,0,0.111,46.1,7,27.5,0,4,7,5,0,0,0,"2021_9_14_17"
26.965,28.114,1660,9,2340,0,2021,9,37,257,14,2,18,1013.8,28.5,28.9,28.5,47,16.1,18.8,6.4,1.61,12.9,28.5,28.7,28.7,31.2,0,0,157,3.38,181,0.23,0,0.106,49.4,5,26.8,0,5,6,4,0,0,0,"2021_9_14_18"
25.898,26.1,1660,351,2397,347,2021,9,37,257,14,2,18,1013.5,27.9,28.5,27.9,49,16.2,18.8,6.4,1.61,12.9,27.9,28.1,28.1,29.6,0,0,97,2.09,123,0,0,0.1,58.6,3,25.9,0,6,6,5,0,0,0,"2021_9_14_18"
25.028,25.969,1072,14,1740,0,2021,9,37,257,14,2,18,1013.6,27.3,27.8,27.3,51,16.3,18.8,6.4,1.61,11.3,27.3,27.5,27.5,28.2,0,0,61,1.31,72,0,0,0.093,61,2,25,0,7,6,5,0,0,0,"2021_9_14_18"
24.29,24.741,1072,346,1816,343,2021,9,37,257,14,2,18,1013.6,26.7,27.3,26.7,52,16,18.6,3.2,0.8,8,26.7,27,27,27.2,0,0,44,0.95,51,0,0,0.087,64,1,24.4,0,0,6,4,0,0,0,"2021_9_14_18"
23.49,23.49,747,160,0,0,2021,9,37,257,14,2,19,1013.7,26.1,26.7,26.1,55,16.3,18.7,3.2,0.8,8,26.1,26.3,26.3,25.5,0,0,28,0.6,37,0.08,0,0.08,65.4,1,23.6,0,1,6,6,0,0,0,"2021_9_14_19"
22.673,22.664,747,200,520,270,2021,9,37,257,14,2,19,1013.6,25.7,26.1,25.7,55,15.9,18.3,3.2,0.8,6.4,25.7,25.9,25.9,24.9,0,0,15,0.32,21,0,0,0.076,67.3,0,22.9,0,2,6,5,0,0,0,"2021_9_14_19"
21.731,21.801,1326,169,600,180,2021,9,37,257,14,2,19,1013.7,25.1,25.7,25.1,57,15.9,18.2,3.2,0.8,9.7,25.1,25.2,25.2,24.1,0,0,3,0.06,9,0,0,0.07,66.8,0,22,0,3,6,5,0,0,0,"2021_9_14_19"
20.92,20.904,1326,191,794,221,2021,9,37,257,14,2,19,1013.6,24.5,25.1,24.5,58,15.7,18,1.6,0.4,6.4,24.5,24.7,24.7,23.5,0,0,0,0,0,0,0,0.064,73.7,0,21,0,4,6,4,0,0,0,"2021_9_14_19"
20.987,20.926,1660,9,2340,0,2021,9,37,257,14,2,20,1013.9,24.1,24.5,24,61,16.1,18.2,3.2,0.8,4.8,24.1,24.3,24.3,23.2,0,0,0,0,0,0.03,0,0.06,74.4,0,20.6,0,5,6,5,0,0,0,"2021_9_14_20"
20.805,20.786,1660,351,2397,347,2021,9,37,257,14,2,20,1014.1,23.8,24,23.8,63,16.3,18.3,1.6,0.4,4.8,23.8,24.1,24.1,23,0,0,0,0,0,0,0,0.057,77.7,0,20.5,0,6,6,5,0,0,0,"2021_9_14_20"
20.178,20.558,1072,14,1740,0,2021,9,37,257,14,2,20,1014.3,23.6,23.9,23.6,63,16.2,18.1,3.2,0.8,4.8,23.6,24,24,22.8,0,0,0,0,0,0,0,0.055,79.4,0,20.1,0,7,6,6,0,0,0,"2021_9_14_20"
20.262,19.874,1072,346,1816,343,2021,9,37,257,14,2,20,1014.6,23.6,23.7,23.4,64,16.4,18.3,3.2,0.8,4.8,23.6,24,24,22.9,0,0,0,0,0,0,0,0.055,82,0,19.7,0,0,6,5,0,0,0,"2021_9_14_20"
20.402,20.402,747,160,0,0,2021,9,37,257,14,2,21,1014.6,22.4,23.6,22.4,71,16.9,18.4,1.6,0.4,4.8,22.4,22.8,22.8,21.7,0,0,0,0,0,0.05,0,0.042,84.6,0,19.5,0,1,6,5,0,0,0,"2021_9_14_21"
20.155,20.192,747,200,520,270,2021,9,37,257,14,2,21,1014.6,21.7,22.4,21.7,72,16.4,17.9,1.6,0.4,4.8,21.7,22,22,20.8,0,0,0,0,0,0,0,0.035,81,0,19.6,0,2,6,5,0,0,0,"2021_9_14_21"
19.729,19.667,1326,169,600,180,2021,9,37,257,14,2,21,1015,21.9,21.9,21.5,71,16.4,17.9,3.2,0.8,6.4,21.9,22.2,22.2,21.1,0,0,0,0,0,0,0,0.037,82,0,19.3,0,3,6,5,0,0,0,"2021_9_14_21"
19.75,19.5,1326,191,794,221,2021,9,37,257,14,2,21,1015,21.7,22,21.7,72,16.4,17.9,3.2,0.8,6.4,21.7,22,22,20.8,0,0,0,0,0,0,0,0.035,83.4,0,19.1,0,4,6,5,0,0,0,"2021_9_14_21"
20.034,19.981,1660,9,2340,0,2021,9,37,257,14,2,22,1015,22,22,21.7,71,16.5,18,4.8,1.21,9.7,22,22.3,22.3,21.2,0,0,0,0,0,0.03,0,0.038,80.8,0,19.4,0,5,6,5,0,0,0,"2021_9_14_22"
19.726,19.805,1660,351,2397,347,2021,9,37,257,14,2,22,1015.2,22.1,22.2,22,70,16.3,17.9,3.2,0.8,6.4,22.1,22.4,22.4,21.2,0,0,0,0,0,0,0,0.039,82,0,19.4,0,6,6,5,0,0,0,"2021_9_14_22"
19.631,20.01,1072,14,1740,0,2021,9,37,257,14,2,22,1015,22.2,22.2,21.9,70,16.4,18,1.6,0.4,3.2,22.2,22.5,22.5,21.3,0,0,0,0,0,0,0,0.04,83.9,0,19.1,0,7,6,5,0,0,0,"2021_9_14_22"
19.276,19.503,1072,346,1816,343,2021,9,37,257,14,2,22,1014.9,21.8,22.2,21.8,71,16.3,17.9,3.2,0.8,4.8,21.8,22.1,22.1,21,0,0,0,0,0,0,0,0.036,85.9,0,18.9,0,0,6,5,0,0,0,"2021_9_14_22"
19.371,19.371,747,160,0,0,2021,9,37,257,14,2,23,1015,21.8,21.9,21.7,71,16.3,17.9,3.2,0.8,6.4,21.8,22.1,22.1,21,0,0,0,0,0,0.05,0,0.036,84.7,0,18.8,0,1,6,5,0,0,0,"2021_9_14_23"
18.922,19.099,747,200,520,270,2021,9,37,257,14,2,23,1014.8,21.5,21.9,21.5,72,16.2,17.7,3.2,0.8,4.8,21.5,21.8,21.8,20.6,0,0,0,0,0,0,0,0.033,87.8,0,18.5,0,2,6,5,0,0,0,"2021_9_14_23"
18.922,18.992,1326,169,600,180,2021,9,37,257,14,2,23,1014.9,21.4,21.5,21.3,73,16.4,17.9,3.2,0.8,4.8,21.4,21.8,21.8,20.6,0,0,0,0,0,0,0,0.032,87.1,0,18.4,0,3,6,5,0,0,0,"2021_9_14_23"
18.753,18.6,1326,191,794,221,2021,9,37,257,14,2,23,1015,21.3,21.5,21.3,72,16.1,17.6,3.2,0.8,4.8,21.3,21.6,21.6,20.4,0,0,0,0,0,0,0,0.031,88.8,0,18.2,0,4,6,5,0,0,0,"2021_9_14_23"
18.265,18.604,1660,9,2340,0,2021,9,37,258,15,3,0,1014.8,20.8,21.3,20.8,75,16.2,17.5,0,0,4.8,20.8,21.3,21.3,20.1,0,0,0,0,0,0.03,0,0.025,90.3,0,17.8,0,5,9,5,0,0,0,"2021_9_15_0"
17.989,18.311,1660,351,2397,347,2021,9,37,258,15,3,0,1014.8,19.9,20.8,19.9,80,16.3,17.4,0,0,0,19.9,20.5,20.5,19.3,0,0,0,0,0,0,0,0.016,92,0,17.6,0,6,9,8,0,0,0,"2021_9_15_0"
17.885,17.845,1072,14,1740,0,2021,9,37,258,15,3,0,1014.9,19.3,19.9,19.3,82,16.2,17.2,0,0,3.2,19.3,19.9,19.9,18.7,0,0,0,0,0,0,0,0.01,92.2,0,17.3,0,7,9,5,0,0,0,"2021_9_15_0"
17.868,17.538,1072,346,1816,343,2021,9,37,258,15,3,0,1014.9,18.8,19.3,18.8,84,16.1,16.9,1.6,0.4,3.2,18.8,19.3,19.3,18.1,0,0,0,0,0,0,0,0.005,93,0,17.2,0,0,10,14,0,0,0,"2021_9_15_0"
17.757,17.757,747,160,0,0,2021,9,37,258,15,3,1,1014.8,18.6,18.9,18.6,86,16.2,17,0,0,3.2,18.6,19.1,19.1,17.9,0,0,0,0,0,0.03,0,0.003,94.4,0,17.2,0,1,9,9,0,0,0,"2021_9_15_1"
17.711,17.812,747,200,520,270,2021,9,37,258,15,3,1,1014.9,17.9,18.6,17.9,87,15.7,16.5,1.6,0.4,3.2,17.9,18.3,18.3,17.2,0,0,0,0,0,0,0.004,0,94.1,0,17,0,2,1,3,0,0,0,"2021_9_15_1"
17.376,17.492,1326,169,600,180,2021,9,37,258,15,3,1,1015,17.8,17.9,17.8,89,15.9,16.5,0,0,1.6,17.8,18.2,18.2,17,0,0,0,0,0,0,0.006,0,94.1,0,17,0,3,9,11,0,0,0,"2021_9_15_1"
17.281,17.391,1326,191,794,221,2021,9,37,258,15,3,1,1014.9,17.7,17.8,17.7,89,15.8,16.4,0,0,0,17.7,18.1,18.1,16.9,0,0,0,0,0,0,0.007,0,94.8,0,16.8,0,4,9,8,0,0,0,"2021_9_15_1"
17.074,17.376,1660,9,2340,0,2021,9,37,258,15,3,2,1014.9,17.4,17.7,17.4,90,15.7,16.3,0,0,0,17.4,17.8,17.8,16.6,0,0,0,0,0,0,0.01,0,94.4,0,16.7,0,5,9,8,0,0,0,"2021_9_15_2"
17.283,17.275,1660,351,2397,347,2021,9,37,258,15,3,2,1014.9,17.2,17.4,17.1,91,15.7,16.2,0,0,0,17.2,17.6,17.6,16.4,0,0,0,0,0,0,0.012,0,95.5,0,16.6,0,6,9,8,0,0,0,"2021_9_15_2"
17.281,17.125,1072,14,1740,0,2021,9,37,258,15,3,2,1014.8,16.9,17.1,16.9,91,15.5,16,0,0,1.6,16.9,17.3,17.3,16.1,0,0,0,0,0,0,0.014,0,96.1,0,16.6,0,7,9,11,0,0,0,"2021_9_15_2"
17.052,17.019,1072,346,1816,343,2021,9,37,258,15,3,2,1014.8,16.9,17,16.9,91,15.5,16,0,0,3.2,16.9,17.3,17.3,16.1,0,0,0,0,0,0,0.014,0,96.2,0,16.6,0,0,9,11,0,0,0,"2021_9_15_2"
16.78,16.78,747,160,0,0,2021,9,37,258,15,3,3,1014.6,16.9,17,16.9,91,15.4,15.9,0,0,0,16.9,17.3,17.3,16.1,0,0,0,0,0,0,0.015,0,95.5,0,16.3,0,1,9,8,0,0,0,"2021_9_15_3"
16.594,16.875,747,200,520,270,2021,9,37,258,15,3,3,1014.6,16.8,16.9,16.8,91,15.3,15.8,0,0,0,16.8,17.1,17.1,15.9,0,0,0,0,0,0,0.016,0,95.3,0,16.2,0,2,9,8,0,0,0,"2021_9_15_3"
16.363,16.381,1326,169,600,180,2021,9,37,258,15,3,3,1014.7,16.7,16.8,16.7,92,15.4,15.9,0,0,1.6,16.7,17.1,17.1,15.9,0,0,0,0,0,0,0.017,0,95,0,16,0,3,9,11,0,0,0,"2021_9_15_3"
16.391,16.513,1326,191,794,221,2021,9,37,258,15,3,3,1014.6,16.5,16.7,16.5,91,15,15.5,0,0,1.6,16.5,16.8,16.8,15.6,0,0,0,0,0,0,0.019,0,95.9,0,15.8,0,4,9,11,0,0,0,"2021_9_15_3"
16.365,16.4,1660,9,2340,0,2021,9,37,258,15,3,4,1014.6,16.2,16.5,16.2,92,14.9,15.4,0,0,0,16.2,16.5,16.5,15.3,0,0,0,0,0,0,0.022,0,96,0,15.7,0,5,9,8,0,0,0,"2021_9_15_4"
16.531,16.496,1660,351,2397,347,2021,9,37,258,15,3,4,1014.7,16.2,16.3,16.2,92,14.9,15.4,0,0,1.6,16.2,16.5,16.5,15.3,0,0,0,0,0,0,0.022,0,96.9,0,15.7,0,6,9,11,0,0,0,"2021_9_15_4"
16.58,16.317,1072,14,1740,0,2021,9,37,258,15,3,4,1014.7,16.1,16.3,16.1,92,14.8,15.3,0,0,1.6,16.1,16.4,16.4,15.2,0,0,0,0,0,0,0.023,0,98,0,15.8,0,7,9,11,0,0,0,"2021_9_15_4"
16.28,16.299,1072,346,1816,343,2021,9,37,258,15,3,4,1014.8,16.2,16.2,16,93,15,15.4,0,0,1.6,16.2,16.5,16.5,15.3,0,0,0,0,0,0,0.023,0,96.8,0,15.8,0,0,9,11,0,0,0,"2021_9_15_4"
16.201,16.201,747,160,0,0,2021,9,37,258,15,3,5,1014.5,16.3,16.3,16.2,91,14.8,15.3,0,0,3.2,16.3,16.6,16.6,15.3,0,0,0,0,0,0,0.021,0,97.2,0,15.6,0,1,9,11,0,0,0,"2021_9_15_5"
16.025,16.238,747,200,520,270,2021,9,37,258,15,3,5,1014.5,16.1,16.3,16,92,14.8,15.2,0,0,0,16.1,16.3,16.3,15.1,0,0,0,0,0,0,0.024,0,96.7,0,15.5,0,2,9,8,0,0,0,"2021_9_15_5"
16.284,16.257,1326,169,600,180,2021,9,37,258,15,3,5,1014.6,15.9,16.1,15.9,92,14.6,15,0,0,1.6,15.9,16.2,16.2,14.9,0,0,0,0,0,0,0.025,0,97.8,0,15.5,0,3,9,11,0,0,0,"2021_9_15_5"
16.247,16.323,1326,191,794,221,2021,9,37,258,15,3,5,1014.6,15.7,15.9,15.7,93,14.6,15,0,0,1.6,15.7,16,16,14.8,0,0,0,0,0,0,0.027,0,98.4,0,15.5,0,4,9,11,0,0,0,"2021_9_15_5"
16.153,16.232,1660,9,2340,0,2021,9,37,258,15,3,6,1014.8,15.7,15.7,15.7,94,14.8,15.1,0,0,0,15.7,16,16,14.8,0,0,0,0,0,0,0.027,0,98.1,0,15.5,0,5,9,8,0,0,0,"2021_9_15_6"
16.091,16.29,1660,351,2397,347,2021,9,37,258,15,3,6,1014.9,15.8,15.8,15.7,94,14.9,15.2,0,0,0,15.8,16.2,16.2,14.9,0,0,0,0,0,0,0.026,0,98.4,0,15.5,0,6,9,8,0,0,0,"2021_9_15_6"
16.013,15.995,1072,14,1740,0,2021,9,37,258,15,3,6,1015,15.9,15.9,15.8,94,15,15.3,0,0,3.2,15.9,16.3,16.3,15,0,0,0,0,0,0,0.025,0,98.1,0,15.4,0,7,9,11,0,0,0,"2021_9_15_6"
16.126,15.86,1072,346,1816,343,2021,9,37,258,15,3,6,1015,15.9,16,15.9,93,14.8,15.2,0,0,1.6,15.9,16.2,16.2,15,0,0,0,0,0,0,0.025,0,98.7,0,15.3,0,0,9,11,0,0,0,"2021_9_15_6"
16.092,16.092,747,160,0,0,2021,9,37,258,15,3,7,1015.1,15.9,16,15.9,94,14.9,15.3,0,0,0,15.9,16.2,16.2,15,0,0,4,0.09,9,0,0.025,0,98.2,0,15.4,0,1,9,8,0,0,0,"2021_9_15_7"
16.591,16.816,747,200,520,270,2021,9,37,258,15,3,7,1015.3,15.9,15.9,15.8,93,14.8,15.2,0,0,0,15.9,16.2,16.2,15.2,0,0,17,0.37,25,0,0.025,0,99,1,15.6,0,2,9,8,0,0,0,"2021_9_15_7"
17.384,17.168,1326,169,600,180,2021,9,37,258,15,3,7,1015.2,16.2,16.2,15.8,94,15.3,15.6,0,0,3.2,16.2,16.6,16.6,15.8,0,0,33,0.71,37,0,0.022,0,98.8,1,16.1,0,3,9,11,0,0,0,"2021_9_15_7"
18.356,18.044,1326,191,794,221,2021,9,37,258,15,3,7,1015.4,16.6,16.6,16.2,93,15.4,15.8,0,0,0,16.6,16.9,16.9,17.1,0,0,42,0.9,47,0,0.019,0,99.6,2,16.7,0,4,9,8,0,0,0,"2021_9_15_7"
18.603,18.188,1660,9,2340,0,2021,9,37,258,15,3,8,1015.6,16.9,16.9,16.6,95,16.1,16.4,0,0,0,16.9,17.4,17.4,17.7,0,0,47,1.01,51,0.03,0.015,0,99.7,2,17.4,0,5,9,8,0,0,0,"2021_9_15_8"
18.427,18.715,1660,351,2397,347,2021,9,37,258,15,3,8,1015.5,17.6,17.6,16.9,93,16.4,16.8,0,0,1.6,17.6,18.1,18.1,18.3,0,0,45,0.97,53,0,0.008,0,96.5,2,17.5,0,6,9,11,0,0,0,"2021_9_15_8"
19.631,18.702,1072,14,1740,0,2021,9,37,258,15,3,8,1015.5,17.9,17.9,17.6,91,16.5,16.9,1.6,0.4,3.2,17.9,18.5,18.5,19.4,0,0,78,1.68,109,0,0.004,0,95.8,5,17.9,0,7,12,11,0,0,0,"2021_9_15_8"
21.157,21.024,1072,346,1816,343,2021,9,37,258,15,3,8,1015.5,18.6,18.6,17.9,90,16.9,17.4,0,0,1.6,18.6,19.2,19.2,21.1,0,0,128,2.75,137,0,0,0.002,92.5,6,19,0,0,9,11,0,0,0,"2021_9_15_8"
21.44,21.44,747,160,0,0,2021,9,37,258,15,3,9,1015.6,19.3,19.3,18.6,88,17.2,17.9,0,0,0,19.3,20,20,21.9,0,0,135,2.9,139,0.05,0,0.01,88.7,6,19.9,0,1,9,8,0,0,0,"2021_9_15_9"
22.034,21.945,747,200,520,270,2021,9,37,258,15,3,9,1015.7,20.1,20.1,19.3,86,17.7,18.4,0,0,1.6,20.1,21,21,23.2,0,0,156,3.36,167,0,0,0.019,80.9,7,20.4,0,2,9,11,0,0,0,"2021_9_15_9"
22.679,21.822,1326,169,600,180,2021,9,37,258,15,3,9,1015.8,20.8,20.8,20.1,77,16.6,17.8,0,0,1.6,20.8,21.4,21.4,23.7,0,0,177,3.81,190,0,0,0.025,78.5,9,20.9,0,3,9,11,0,0,0,"2021_9_15_9"
22.883,23.027,1326,191,794,221,2021,9,37,258,15,3,9,1015.9,21.6,21.6,20.8,75,16.9,18.3,0,0,3.2,21.6,22,22,25,0,0,220,4.73,257,0,0,0.034,76.2,9,21.8,0,4,9,11,0,0,0,"2021_9_15_9"
23.319,22.199,1660,9,2340,0,2021,9,37,258,15,3,10,1016,21.8,21.8,21.5,73,16.8,18.2,1.6,0.4,6.4,21.8,22.3,22.3,24.8,0,0,204,4.39,255,0.13,0,0.036,76.3,8,21.8,0,5,3,13,0,0,0,"2021_9_15_10"
23.45,22.583,1660,351,2397,347,2021,9,37,258,15,3,10,1016.1,21.8,21.9,21.8,72,16.6,18.1,1.6,0.4,4.8,21.8,22.2,22.2,24.3,0,0,181,3.89,186,0,0,0.036,76.4,9,22.1,0,6,1,1,0,0,0,"2021_9_15_10"
24.201,22.835,1072,14,1740,0,2021,9,37,258,15,3,10,1016.3,22.2,22.3,21.8,72,16.9,18.4,1.6,0.4,3.2,22.2,22.7,22.7,24.8,0,0,189,4.07,195,0,0,0.041,77.1,9,22.1,0,7,1,3,0,0,0,"2021_9_15_10"
26.352,24.454,1072,346,1816,343,2021,9,37,258,15,3,10,1016.5,22.7,22.7,22.3,69,16.7,18.3,1.6,0.4,4.8,22.7,23.1,23.1,25.5,0,0,213,4.58,272,0,0,0.045,79.5,12,23.3,0,0,3,2,0,0,0,"2021_9_15_10"
26.821,26.821,747,160,0,0,2021,9,37,258,15,3,11,1016.6,23.4,23.4,22.7,67,16.9,18.6,3.2,0.8,8,23.4,23.9,23.9,27.8,0,0,336,7.23,397,0.15,0,0.053,68,13,24.8,0,1,2,2,0,0,0,"2021_9_15_11"
27.445,27.708,747,200,520,270,2021,9,37,258,15,3,11,1016.9,24.1,24.1,23.4,62,16.3,18.3,1.6,0.4,6.4,24.1,24.4,24.4,28.4,0,0,354,7.61,413,0,0,0.06,63.5,16,25.6,0,2,2,1,0,0,0,"2021_9_15_11"
24.495,22.811,1326,169,600,180,2021,9,37,258,15,3,11,1016.4,24.8,24.8,24,60,16.5,18.6,1.6,0.4,6.4,24.8,25.1,25.1,29.4,0,0,396,8.52,473,0,0,0.067,63.7,16,25.4,0,3,4,13,0,0,0,"2021_9_15_11"
26.552,25.215,1326,191,794,221,2021,9,37,258,15,3,11,1015.5,24.7,24.9,24.7,59,16.2,18.4,3.2,0.8,6.4,24.7,25,25,28.5,0,0,327,7.03,431,0,0,0.067,98.1,18,22.4,0,4,3,13,0,0,0,"2021_9_15_11"
28.19,23.228,1660,9,2340,0,2021,9,37,258,15,3,12,1015.6,25.1,25.1,24.7,59,16.5,18.7,1.6,0.4,6.4,25.1,25.4,25.4,29,0,0,339,7.29,454,0.23,0,0.071,94.2,17,22.4,0,5,3,0,0,0,0,"2021_9_15_12"
30.743,23.927,1660,351,2397,347,2021,9,37,258,15,3,12,1016.4,25.8,25.8,25.1,57,16.7,18.9,1.6,0.4,11.3,25.8,26.1,26.1,31.2,0,0,485,10.43,682,0,0,0.078,93.4,21,24.8,0,6,0,0,0,0,0,"2021_9_15_12"
30.037,25.481,1072,14,1740,0,2021,9,37,258,15,3,12,1016.3,26.6,26.6,25.8,57,17.3,19.5,3.2,0.8,11.3,26.6,27,27,33.1,0,0,627,13.49,712,0,0,0.086,82.1,16,26.1,0,7,3,0,0,0,0,"2021_9_15_12"
28.718,29.524,1072,346,1816,343,2021,9,37,258,15,3,12,1015.5,26.1,26.6,26.1,58,17.1,19.3,3.2,0.8,9.7,26.1,26.5,26.5,31.2,0,0,449,9.66,540,0,0,0.08,63.8,12,26.8,0,0,2,2,0,0,0,"2021_9_15_12"
28.458,28.458,747,160,0,0,2021,9,37,258,15,3,13,1015.2,25.7,26.1,25.7,62,17.9,19.8,3.2,0.8,6.4,25.7,26.3,26.3,29.1,0,0,272,5.85,394,0.3,0,0.077,70.5,12,26,0,1,2,6,0,0,0,"2021_9_15_13"
29.63,28.627,747,200,520,270,2021,9,37,258,15,3,13,1015.3,26.3,26.3,25.7,61,18.2,20.2,0,0,3.2,26.3,27,27,30.5,0,0,326,7.01,439,0,0,0.083,66.4,16,26.9,0,2,9,2,0,0,0,"2021_9_15_13"
29.754,27.842,1326,169,600,180,2021,9,37,258,15,3,13,1015.5,26.7,26.8,26.3,60,18.3,20.3,1.6,0.4,6.4,26.7,27.4,27.4,31.7,0,0,400,8.6,494,0,0,0.087,58.4,17,28.4,0,3,7,5,0,0,0,"2021_9_15_13"
31.563,29.516,1326,191,794,221,2021,9,37,258,15,3,13,1015.8,26.8,26.8,26.4,59,18.1,20.2,1.6,0.4,8,26.8,27.5,27.5,32,0,0,415,8.93,515,0,0,0.089,57.2,22,28.9,0,4,5,6,0,0,0,"2021_9_15_13"
31.012,29.449,1660,9,2340,0,2021,9,37,258,15,3,14,1015.4,27,27.3,26.8,58,18,20.1,3.2,0.8,9.7,27,27.7,27.7,33.1,0,0,516,11.1,647,0.28,0,0.09,61.9,16,29.5,0,5,5,5,0,0,0,"2021_9_15_14"
29.313,28.208,1660,351,2397,347,2021,9,37,258,15,3,14,1014.6,26.8,27,26.7,61,18.6,20.5,3.2,0.8,9.7,26.8,27.6,27.6,31.3,0,0,336,7.23,454,0,0,0.088,55.5,13,28,0,6,2,2,0,0,0,"2021_9_15_14"
30.947,27.886,1072,14,1740,0,2021,9,37,258,15,3,14,1014.9,26.8,26.8,26.7,61,18.6,20.6,4.8,1.21,11.3,26.8,27.6,27.6,31.3,0,0,332,7.14,448,0,0,0.088,57.7,26,28.4,0,7,6,2,0,0,0,"2021_9_15_14"
32.709,30.471,1072,346,1816,343,2021,9,37,258,15,3,14,1015.4,27.3,27.3,26.8,60,18.9,20.8,3.2,0.8,9.7,27.3,28.3,28.3,34,0,0,532,11.44,621,0,0,0.094,54.6,27,30,0,0,5,5,0,0,0,"2021_9_15_14"
32.24,32.24,747,160,0,0,2021,9,37,258,15,3,15,1014.6,27.7,27.9,27.3,56,18.1,20.3,4.8,1.21,12.9,27.7,28.5,28.5,34.3,0,0,546,11.74,626,0.3,0,0.098,59.9,25,30.7,0,1,0,4,0,0,0,"2021_9_15_15"
31.5,30.244,747,200,520,270,2021,9,37,258,15,3,15,1014.6,27.7,27.7,27.6,58,18.7,20.8,3.2,0.8,11.3,27.7,28.7,28.7,33.3,0,0,395,8.5,508,0,0,0.098,52.4,23,29.6,0,2,2,4,0,0,0,"2021_9_15_15"
31.266,29.577,1326,169,600,180,2021,9,37,258,15,3,15,1014.8,27.9,27.9,27.7,57,18.6,20.7,4.8,1.21,11.3,27.9,28.9,28.9,34.2,0,0,465,10,510,0,0,0.1,51.9,22,30,0,3,5,4,0,0,0,"2021_9_15_15"
30.082,28.072,1326,191,794,221,2021,9,37,258,15,3,15,1014,27.8,27.9,27.8,55,17.9,20.2,3.2,0.8,11.3,27.8,28.5,28.5,32.3,0,0,318,6.84,455,0,0,0.098,61.1,12,28.4,0,4,6,6,0,0,0,"2021_9_15_15"
31.242,28.757,1660,9,2340,0,2021,9,37,258,15,3,16,1014.2,28,28,27.7,56,18.4,20.6,3.2,0.8,11.3,28,28.9,28.9,33.3,0,0,348,7.49,504,0.28,0,0.101,55.5,22,28.9,0,5,6,6,0,0,0,"2021_9_15_16"
29.568,28.986,1660,351,2397,347,2021,9,37,258,15,3,16,1013.9,28.1,28.2,28,51,17,19.5,4.8,1.21,14.5,28.1,28.5,28.5,33.7,0,0,414,8.91,476,0,0,0.101,56.2,10,28.9,0,6,5,4,0,0,0,"2021_9_15_16"
28.972,26.87,1072,14,1740,0,2021,9,37,258,15,3,16,1013.3,27.7,28.1,27.7,56,18.1,20.3,1.6,0.4,6.4,27.7,28.5,28.5,30.8,0,0,181,3.89,304,0,0,0.098,68.4,9,27.3,0,7,5,2,0,0,0,"2021_9_15_16"
28.303,28.055,1072,346,1816,343,2021,9,37,258,15,3,16,1013.4,27.6,27.7,27.5,58,18.5,20.6,3.2,0.8,6.4,27.6,28.5,28.5,31.4,0,0,211,4.54,232,0,0,0.096,69.3,8,27.3,0,0,2,5,0,0,0,"2021_9_15_16"
28.051,28.051,747,160,0,0,2021,9,37,258,15,3,17,1013.8,27.3,27.6,27.3,55,17.4,19.7,4.8,1.21,12.9,27.3,27.8,27.8,30.1,0,0,169,3.64,207,0.2,0,0.093,70.3,7,26.6,0,1,5,4,0,0,0,"2021_9_15_17"
28.458,27.33,747,200,520,270,2021,9,37,258,15,3,17,1013.9,27.4,27.4,27.2,56,17.8,20,4.8,1.21,11.3,27.4,28.1,28.1,31.2,0,0,206,4.43,294,0,0,0.094,69.3,8,26.9,0,2,5,4,0,0,0,"2021_9_15_17"
27.198,26.147,1326,169,600,180,2021,9,37,258,15,3,17,1013.7,27.2,27.4,27.2,54,17.1,19.5,4.8,1.21,12.9,27.2,27.7,27.7,30,0,0,154,3.31,183,0,0,0.093,64.1,5,26.4,0,3,5,4,0,0,0,"2021_9_15_17"
26.184,25.315,1326,191,794,221,2021,9,37,258,15,3,17,1013.6,27,27.3,27,55,17.2,19.5,6.4,1.61,12.9,27,27.5,27.5,28.6,0,0,88,1.89,127,0,0,0.09,68.1,3,25.4,0,4,6,4,0,0,0,"2021_9_15_17"
26.613,25.384,1660,9,2340,0,2021,9,37,258,15,3,18,1013.8,26.8,27,26.8,57,17.6,19.8,4.8,1.21,9.7,26.8,27.4,27.4,28.3,0,0,76,1.63,128,0.13,0,0.089,65.5,5,25.3,0,5,5,5,0,0,0,"2021_9_15_18"
26.646,25.702,1660,351,2397,347,2021,9,37,258,15,3,18,1013.7,27,27.1,26.8,56,17.5,19.7,3.2,0.8,9.7,27,27.6,27.6,29.6,0,0,122,2.62,142,0,0,0.09,60.5,4,25.7,0,6,6,5,0,0,0,"2021_9_15_18"
25.913,26.076,1072,14,1740,0,2021,9,37,258,15,3,18,1013.5,27,27.1,27,54,16.9,19.3,3.2,0.8,9.7,27,27.4,27.4,28.6,0,0,80,1.72,105,0,0,0.09,68.8,2,25.3,0,7,6,5,0,0,0,"2021_9_15_18"
25.125,25.215,1072,346,1816,343,2021,9,37,258,15,3,18,1013.5,26.7,27.1,26.7,55,16.9,19.2,3.2,0.8,6.4,26.7,27.1,27.1,27.3,0,0,40,0.86,56,0,0,0.087,71.3,1,24.6,0,0,6,5,0,0,0,"2021_9_15_18"
24.382,24.382,747,160,0,0,2021,9,37,258,15,3,19,1013.4,26.2,26.7,26.2,57,17,19.2,1.6,0.4,4.8,26.2,26.5,26.5,25.6,0,0,15,0.32,25,0.08,0,0.082,75.3,0,24,0,1,5,4,0,0,0,"2021_9_15_19"
23.627,23.435,747,200,520,270,2021,9,37,258,15,3,19,1013.3,26.1,26.2,26,58,17.1,19.3,3.2,0.8,4.8,26.1,26.5,26.5,25.4,0,0,2,0.04,5,0,0,0.08,74.6,0,23.4,0,2,5,2,0,0,0,"2021_9_15_19"
22.764,22.612,1326,169,600,180,2021,9,37,258,15,3,19,1012.5,25.6,26,25.6,61,17.5,19.5,0,0,1.6,25.6,26.1,26.1,25,0,0,0,0,0,0,0,0.076,78.6,0,22.6,0,3,9,4,0,0,0,"2021_9_15_19"
21.924,21.815,1326,191,794,221,2021,9,37,258,15,3,19,1012.6,24.5,25.6,24.5,69,18.4,20,0,0,3.2,24.5,25.2,25.2,24.2,0,0,0,0,0,0,0,0.064,83.1,0,21.7,0,4,9,4,0,0,0,"2021_9_15_19"
21.305,21.719,1660,9,2340,0,2021,9,37,258,15,3,20,1012.6,23.6,24.5,23.6,71,18,19.5,0,0,0,23.6,24.3,24.3,23.2,0,0,0,0,0,0.03,0,0.054,86.3,0,21,0,5,9,8,0,0,0,"2021_9_15_20"
20.767,21.208,1660,351,2397,347,2021,9,37,258,15,3,20,1012.8,22.8,23.6,22.8,76,18.3,19.5,0,0,0,22.8,23.5,23.5,22.5,0,0,0,0,0,0,0,0.046,88.9,0,20.5,0,6,9,8,0,0,0,"2021_9_15_20"
20.329,20.619,1072,14,1740,0,2021,9,37,258,15,3,20,1012.9,22.1,22.8,22.1,80,18.5,19.5,0,0,0,22.1,22.9,22.9,21.9,0,0,0,0,0,0,0,0.039,90.5,0,20.1,0,7,9,8,0,0,0,"2021_9_15_20"
20.266,20.162,1072,346,1816,343,2021,9,37,258,15,3,20,1012.9,21.3,22.1,21.3,83,18.3,19.2,0,0,0,21.3,22.2,22.2,21.2,0,0,0,0,0,0,0,0.031,91.9,0,19.7,0,0,9,8,0,0,0,"2021_9_15_20"
20.092,20.092,747,160,0,0,2021,9,37,258,15,3,21,1012.9,20.8,21.3,20.8,83,17.8,18.7,0,0,0,20.8,21.7,21.7,20.6,0,0,0,0,0,0.03,0,0.025,93.5,0,19.5,0,1,9,8,0,0,0,"2021_9_15_21"
19.894,19.936,747,200,520,270,2021,9,37,258,15,3,21,1013.2,20.7,20.8,20.7,83,17.7,18.6,0,0,1.6,20.7,21.6,21.6,20.5,0,0,0,0,0,0,0,0.025,93.4,0,19.3,0,2,9,4,0,0,0,"2021_9_15_21"
19.637,19.673,1326,169,600,180,2021,9,37,258,15,3,21,1013.2,20.6,20.7,20.6,85,17.9,18.7,0,0,1.6,20.6,21.6,21.6,20.5,0,0,0,0,0,0,0,0.023,94.2,0,19,0,3,9,4,0,0,0,"2021_9_15_21"
19.701,19.613,1326,191,794,221,2021,9,37,258,15,3,21,1013.2,20.2,20.6,20.2,86,17.8,18.5,0,0,0,20.2,21.1,21.1,20.1,0,0,0,0,0,0,0,0.02,94.7,0,19,0,4,9,8,0,0,0,"2021_9_15_21"
20.004,19.64,1660,9,2340,0,2021,9,37,258,15,3,22,1013.4,20.1,20.2,20.1,88,18.1,18.7,0,0,1.6,20.1,21.1,21.1,20,0,0,0,0,0,0.03,0,0.019,95.8,0,19.2,0,5,9,4,0,0,0,"2021_9_15_22"
20.305,19.921,1660,351,2397,347,2021,9,37,258,15,3,22,1013.3,20.3,20.3,20.1,86,17.9,18.6,0,0,3.2,20.3,21.2,21.2,20.1,0,0,0,0,0,0,0,0.02,95.7,0,19.4,0,6,9,4,0,0,0,"2021_9_15_22"
20.488,20.198,1072,14,1740,0,2021,9,37,258,15,3,22,1013.3,20.4,20.4,20.3,87,18.2,18.8,0,0,3.2,20.4,21.4,21.4,20.3,0,0,0,0,0,0,0,0.021,96.2,0,19.6,0,7,9,16,0,0,0,"2021_9_15_22"
20.283,20.293,1072,346,1816,343,2021,9,37,258,15,3,22,1013.5,20.4,20.4,20.3,86,18,18.7,0,0,0,20.4,21.4,21.4,20.3,0,0,0,0,0,0,0,0.021,96.2,0,19.6,0,0,9,8,0,0,0,"2021_9_15_22"
20.207,20.207,747,160,0,0,2021,9,37,258,15,3,23,1013.3,20.4,20.5,20.3,87,18.2,18.9,0,0,1.6,20.4,21.5,21.5,20.4,0,0,0,0,0,0,0,0.022,95.4,0,19.4,0,1,9,6,0,0,0,"2021_9_15_23"
20.372,20.342,747,200,520,270,2021,9,37,258,15,3,23,1013.3,20.4,20.4,20.4,84,17.6,18.5,1.6,0.4,3.2,20.4,21.4,21.4,20.3,0,0,0,0,0,0,0,0.022,96.4,0,19.5,0,2,15,6,0,0,0,"2021_9_15_23"
20.5,20.344,1326,169,600,180,2021,9,37,258,15,3,23,1013.4,20.6,20.6,20.4,85,17.9,18.7,1.6,0.4,3.2,20.6,21.6,21.6,20.5,0,0,0,0,0,0,0,0.023,94.8,0,19.6,0,3,7,15,0,0,0,"2021_9_15_23"
20.059,19.918,1326,191,794,221,2021,9,37,258,15,3,23,1013.4,20.6,20.6,20.4,85,17.9,18.7,0,0,3.2,20.6,21.6,21.6,20.5,0,0,0,0,0,0,0,0.023,95.2,0,19.5,0,4,9,4,0,0,0,"2021_9_15_23"
19.777,19.872,1660,9,2340,0,2021,9,37,259,16,4,0,1013.2,20.5,20.6,20.4,84,17.7,18.5,1.6,0.4,4.8,20.5,21.4,21.4,20.3,0,0,0,0,0,0.03,0,0.023,95.6,0,19.1,0,5,14,14,0,0,0,"2021_9_16_0"
19.694,19.607,1660,351,2397,347,2021,9,37,259,16,4,0,1013.2,20.4,20.6,20.3,83,17.4,18.3,0,0,3.2,20.4,21.2,21.2,20.1,0,0,0,0,0,0,0,0.021,95.4,0,18.9,0,6,9,15,0,0,0,"2021_9_16_0"
19.518,19.502,1072,14,1740,0,2021,9,37,259,16,4,0,1013.3,20.1,20.4,20,83,17.1,18,0,0,3.2,20.1,20.9,20.9,19.7,0,0,0,0,0,0,0,0.019,95.3,0,18.7,0,7,9,16,0,0,0,"2021_9_16_0"
19.682,19.209,1072,346,1816,343,2021,9,37,259,16,4,0,1013.3,20.4,20.4,20.1,83,17.5,18.3,1.6,0.4,3.2,20.4,21.3,21.3,20.2,0,0,0,0,0,0,0,0.022,96.4,0,18.7,0,0,16,1,0,0,0,"2021_9_16_0"
19.83,19.83,747,160,0,0,2021,9,37,259,16,4,1,1013.3,20.6,20.6,20.4,82,17.4,18.3,1.6,0.4,3.2,20.6,21.4,21.4,20.3,0,0,0,0,0,0.03,0,0.023,96.4,0,18.9,0,1,7,14,0,0,0,"2021_9_16_1"
19.866,19.912,747,200,520,270,2021,9,37,259,16,4,1,1013.3,20.6,20.7,20.6,83,17.6,18.5,0,0,3.2,20.6,21.5,21.5,20.4,0,0,0,0,0,0,0,0.024,96,0,18.9,0,2,9,2,0,0,0,"2021_9_16_1"
19.78,19.668,1326,169,600,180,2021,9,37,259,16,4,1,1013.4,20.2,20.6,20.2,86,17.7,18.5,0,0,3.2,20.2,21.1,21.1,20,0,0,0,0,0,0,0,0.019,95.6,0,18.9,0,3,9,2,0,0,0,"2021_9_16_1"
19.896,19.71,1326,191,794,221,2021,9,37,259,16,4,1,1013.5,20,20.2,20,87,17.8,18.4,0,0,0,20,20.9,20.9,19.8,0,0,0,0,0,0,0,0.017,97.6,0,19,0,4,9,8,0,0,0,"2021_9_16_1"
19.982,19.697,1660,9,2340,0,2021,9,37,259,16,4,2,1013.6,20.1,20.1,19.9,87,17.8,18.5,0,0,3.2,20.1,20.9,20.9,19.9,0,0,0,0,0,0.03,0,0.018,97,0,19.1,0,5,9,1,0,0,0,"2021_9_16_2"
20.143,19.789,1660,351,2397,347,2021,9,37,259,16,4,2,1013.3,20.1,20.1,20,88,18,18.6,0,0,1.6,20.1,21,21,19.9,0,0,0,0,0,0,0,0.018,97.7,0,19.2,0,6,9,1,0,0,0,"2021_9_16_2"
20.43,20.01,1072,14,1740,0,2021,9,37,259,16,4,2,1013.4,21.1,21.1,20.1,78,17.1,18.2,1.6,0.4,3.2,21.1,21.7,21.7,20.5,0,0,0,0,0,0,0,0.028,96.9,0,19.4,0,7,1,1,0,0,0,"2021_9_16_2"
20.485,20.165,1072,346,1816,343,2021,9,37,259,16,4,2,1013.1,22.3,22.3,21.1,74,17.4,18.8,1.6,0.4,6.4,22.3,22.8,22.8,21.7,0,0,0,0,0,0,0,0.041,94,0,19.5,0,0,6,6,0,0,0,"2021_9_16_2"
20.086,20.086,747,160,0,0,2021,9,37,259,16,4,3,1013.1,22.1,22.4,22,74,17.2,18.6,1.6,0.4,3.2,22.1,22.6,22.6,21.5,0,0,0,0,0,0.03,0,0.039,92.6,0,19.4,0,1,6,5,0,0,0,"2021_9_16_3"
19.668,19.719,747,200,520,270,2021,9,37,259,16,4,3,1013.2,22.3,22.4,22.1,73,17.2,18.6,3.2,0.8,4.8,22.3,22.8,22.8,21.7,0,0,0,0,0,0,0,0.041,91.3,0,19.2,0,2,6,5,0,0,0,"2021_9_16_3"
19.307,19.152,1326,169,600,180,2021,9,37,259,16,4,3,1012.9,21.8,22.3,21.8,74,17,18.4,3.2,0.8,6.4,21.8,22.3,22.3,21.2,0,0,0,0,0,0,0,0.036,92.2,0,18.8,0,3,6,5,0,0,0,"2021_9_16_3"
18.922,18.931,1326,191,794,221,2021,9,37,259,16,4,3,1012.4,21.5,21.8,21.5,75,16.9,18.2,1.6,0.4,3.2,21.5,22,22,20.9,0,0,0,0,0,0,0,0.033,93.9,0,18.4,0,4,7,6,0,0,0,"2021_9_16_3"
18.769,18.864,1660,9,2340,0,2021,9,37,259,16,4,4,1012.6,20.4,21.5,20.4,79,16.6,17.7,1.6,0.4,3.2,20.4,21.1,21.1,19.9,0,0,0,0,0,0.03,0,0.021,95,0,18.1,0,5,0,5,0,0,0,"2021_9_16_4"
19.014,18.715,1660,351,2397,347,2021,9,37,259,16,4,4,1013.2,20.6,20.6,20.3,79,16.8,18,3.2,0.8,6.4,20.6,21.3,21.3,20.2,0,0,0,0,0,0,0,0.024,95.7,0,18.1,0,6,8,6,0,0,0,"2021_9_16_4"
19.262,18.848,1072,14,1740,0,2021,9,37,259,16,4,4,1012.7,20.6,20.7,20.6,80,17,18,1.6,0.4,4.8,20.6,21.3,21.3,20.2,0,0,0,0,0,0,0,0.023,95.4,0,18.2,0,7,7,6,0,0,0,"2021_9_16_4"
19.246,19.013,1072,346,1816,343,2021,9,37,259,16,4,4,1012.7,20.2,20.6,20.2,80,16.6,17.7,1.6,0.4,4.8,20.2,20.8,20.8,19.7,0,0,0,0,0,0,0,0.019,95.5,0,18.4,0,0,6,5,0,0,0,"2021_9_16_4"
19.337,19.337,747,160,0,0,2021,9,37,259,16,4,5,1012.7,20.4,20.4,20.2,80,16.9,17.9,0,0,3.2,20.4,21.2,21.2,20.1,0,0,0,0,0,0.03,0,0.022,97,0,18.4,0,1,9,5,0,0,0,"2021_9_16_5"
19.526,19.527,747,200,520,270,2021,9,37,259,16,4,5,1012.7,20.6,20.6,20.4,81,17.2,18.2,0,0,1.6,20.6,21.4,21.4,20.3,0,0,0,0,0,0,0,0.023,96.6,0,18.6,0,2,9,5,0,0,0,"2021_9_16_5"
19.398,19.285,1326,169,600,180,2021,9,37,259,16,4,5,1012.5,20.6,20.6,20.4,82,17.4,18.3,0,0,3.2,20.6,21.4,21.4,20.3,0,0,0,0,0,0,0,0.023,96.6,0,18.6,0,3,9,5,0,0,0,"2021_9_16_5"
19.108,19.096,1326,191,794,221,2021,9,37,259,16,4,5,1012.8,20.1,20.6,20.1,84,17.3,18.2,0,0,3.2,20.1,20.9,20.9,19.8,0,0,0,0,0,0,0,0.019,97.9,0,18.4,0,4,9,16,0,0,0,"2021_9_16_5"
18.744,18.99,1660,9,2340,0,2021,9,37,259,16,4,6,1012.9,19.7,20.1,19.7,85,17.1,17.9,0,0,3.2,19.7,20.4,20.4,19.3,0,0,0,0,0,0.03,0,0.014,98.4,0,18.1,0,5,9,14,0,0,0,"2021_9_16_6"
18.628,18.701,1660,351,2397,347,2021,9,37,259,16,4,6,1012.8,19.3,19.7,19.3,86,16.9,17.6,1.6,0.4,4.8,19.3,19.9,19.9,18.8,0,0,0,0,0,0,0,0.01,98,0,17.9,0,6,11,12,0,0,0,"2021_9_16_6"
18.708,18.543,1072,14,1740,0,2021,9,37,259,16,4,6,1012.7,18.9,19.3,18.9,88,16.9,17.6,1.6,0.4,3.2,18.9,19.6,19.6,18.5,0,0,0,0,0,0,0,0.006,97.5,0,17.8,0,7,13,12,0,0,0,"2021_9_16_6"
18.522,18.328,1072,346,1816,343,2021,9,37,259,16,4,6,1012.5,18.6,18.9,18.6,89,16.8,17.4,0,0,1.6,18.6,19.2,19.2,18.1,0,0,0,0,0,0,0,0.003,98.5,0,17.8,0,0,9,10,0,0,0,"2021_9_16_6"
18.628,18.628,747,160,0,0,2021,9,37,259,16,4,7,1012.2,18.6,18.6,18.4,89,16.7,17.3,1.6,0.4,4.8,18.6,19.2,19.2,18,0,0,0,0,0,0,0,0.002,98.4,0,17.8,0,1,13,11,0,0,0,"2021_9_16_7"
18.729,18.698,747,200,520,270,2021,9,37,259,16,4,7,1012.4,18.6,18.6,18.6,89,16.7,17.3,0,0,3.2,18.6,19.2,19.2,18.1,0,0,3,0.06,9,0,0,0.002,98.5,0,17.7,0,2,9,11,0,0,0,"2021_9_16_7"
19.148,18.968,1326,169,600,180,2021,9,37,259,16,4,7,1012.7,18.7,18.7,18.6,89,16.8,17.4,0,0,0,18.7,19.3,19.3,18.3,0,0,9,0.19,9,0,0,0.003,98.2,0,17.9,0,3,9,8,0,0,0,"2021_9_16_7"
19.557,19.234,1326,191,794,221,2021,9,37,259,16,4,7,1012.8,18.9,18.9,18.7,90,17.3,17.8,0,0,1.6,18.9,19.7,19.7,19.2,0,0,14,0.3,19,0,0,0.006,99.2,1,18.3,0,4,9,11,0,0,0,"2021_9_16_7"
20.065,19.445,1660,9,2340,0,2021,9,37,259,16,4,8,1012.9,19.3,19.3,18.9,91,17.8,18.2,0,0,1.6,19.3,20.1,20.1,20.1,0,0,30,0.65,37,0,0,0.01,100,1,18.7,0,5,9,11,0,0,0,"2021_9_16_8"
20.615,19.798,1660,351,2397,347,2021,9,37,259,16,4,8,1013.1,19.7,19.7,19.3,92,18.4,18.8,1.6,0.4,3.2,19.7,20.7,20.7,20.8,0,0,36,0.77,39,0,0,0.014,100,2,19.1,0,6,11,11,0,0,0,"2021_9_16_8"
21.299,20.604,1072,14,1740,0,2021,9,37,259,16,4,8,1013.2,20.2,20.2,19.7,92,18.8,19.2,1.6,0.4,4.8,20.2,21.3,21.3,21.9,0,0,61,1.31,84,0,0,0.019,99,3,19.8,0,7,13,11,0,0,0,"2021_9_16_8"
21.056,21.299,1072,346,1816,343,2021,9,37,259,16,4,8,1013.1,20.7,20.7,20.2,91,19.2,19.6,3.2,0.8,9.7,20.7,21.9,21.9,22.5,0,0,60,1.29,81,0,0,0.025,97.9,1,20.1,0,0,4,11,0,0,0,"2021_9_16_8"
21.056,21.299,1072,346,1816,343,2021,9,37,259,16,4,8,1013.1,20.7,20.7,20.2,91,19.2,19.6,3.2,0.8,9.7,20.7,21.9,21.9,22.5,0,0,60,1.29,81,0,0,0.025,97.9,1,20.1,0,0,4,11,0,0,0,"2021_9_16_8"
21.056,21.299,1072,346,1816,343,2021,9,37,259,16,4,8,1013.1,20.7,20.7,20.2,91,19.2,19.6,3.2,0.8,9.7,20.7,21.9,21.9,22.5,0,0,60,1.29,81,0,0,0.025,97.9,1,20.1,0,0,4,11,0,0,0,"2021_9_16_8"
21.056,21.299,1072,346,1816,343,2021,9,37,259,16,4,8,1013.1,20.7,20.7,20.2,91,19.2,19.6,3.2,0.8,9.7,20.7,21.9,21.9,22.5,0,0,60,1.29,81,0,0,0.025,97.9,1,20.1,0,0,4,11,0,0,0,"2021_9_16_8"
21.488,21.488,747,160,0,0,2021,9,37,259,16,4,9,1012.9,20.9,20.9,20.7,90,19.2,19.7,3.2,0.8,9.7,20.9,22.1,22.1,22,0,0,35,0.75,47,0.03,0,0.027,98.7,3,20.1,0,1,4,11,0,0,0,"2021_9_16_9"
21.9,21.561,747,200,520,270,2021,9,37,259,16,4,9,1013.2,21.2,21.2,20.9,89,19.3,19.9,4.8,1.21,6.4,21.2,22.3,22.3,22.9,0,0,70,1.51,76,0,0,0.03,97,3,20.5,0,2,4,0,0,0,0,"2021_9_16_9"
22.099,21.661,1326,169,600,180,2021,9,37,259,16,4,9,1013.5,21.2,21.3,21.2,87,19,19.6,6.4,1.61,12.9,21.2,22.3,22.3,22.6,0,0,62,1.33,65,0,0,0.03,94.5,4,20.6,0,3,0,1,0,0,0,"2021_9_16_9"
21.609,21.194,1326,191,794,221,2021,9,37,259,16,4,9,1013.6,21.4,21.4,21.2,87,19.2,19.8,4.8,1.21,11.3,21.4,22.5,22.5,22.9,0,0,68,1.46,91,0,0,0.032,93,2,20.6,0,4,3,13,0,0,0,"2021_9_16_9"
21.645,21.266,1660,9,2340,0,2021,9,37,259,16,4,10,1013.7,21.4,21.4,21.4,87,19.1,19.8,6.4,1.61,12.9,21.4,22.4,22.4,22.5,0,0,48,1.03,51,0.05,0,0.032,94.7,2,20.5,0,5,4,13,0,0,0,"2021_9_16_10"
21.782,21.519,1660,351,2397,347,2021,9,37,259,16,4,10,1013.6,21.3,21.4,21.3,89,19.4,20,6.4,1.61,12.9,21.3,22.5,22.5,22.9,0,0,74,1.59,90,0,0,0.031,96.7,3,20.7,0,6,4,0,0,0,0,"2021_9_16_10"
21.919,21.53,1072,14,1740,0,2021,9,37,259,16,4,10,1013.7,21.3,21.3,21.2,89,19.4,19.9,4.8,1.21,11.3,21.3,22.4,22.4,22.7,0,0,69,1.48,76,0,0,0.031,95.2,3,20.7,0,7,4,0,0,0,0,"2021_9_16_10"
22.109,22.019,1072,346,1816,343,2021,9,37,259,16,4,10,1014.2,21.2,21.3,21.2,90,19.5,20,3.2,0.8,9.7,21.2,22.4,22.4,22.9,0,0,80,1.72,91,0,0,0.03,96.1,4,20.9,0,0,4,13,0,0,0,"2021_9_16_10"
22.254,22.254,747,160,0,0,2021,9,37,259,16,4,11,1014.3,21.4,21.4,21.2,90,19.7,20.2,3.2,0.8,6.4,21.4,22.6,22.6,23.3,0,0,97,2.09,102,0.05,0,0.032,95.7,4,21.1,0,1,4,0,0,0,0,"2021_9_16_11"
22.36,21.967,747,200,520,270,2021,9,37,259,16,4,11,1014.5,21.5,21.5,21.4,90,19.8,20.3,4.8,1.21,11.3,21.5,22.7,22.7,23.3,0,0,96,2.07,107,0,0,0.033,94.8,4,21.3,0,2,4,11,0,0,0,"2021_9_16_11"
22.476,22.221,1326,169,600,180,2021,9,37,259,16,4,11,1014.3,21.6,21.6,21.4,91,20,20.5,6.4,1.61,12.9,21.6,22.8,22.8,23.7,0,0,112,2.41,153,0,0,0.034,94.4,8,21.6,0,3,4,0,0,0,0,"2021_9_16_11"
23.13,22.493,1326,191,794,221,2021,9,37,259,16,4,11,1014.5,21.7,21.7,21.6,91,20.2,20.6,4.8,1.21,12.9,21.7,22.9,22.9,24.2,0,0,139,2.99,176,0,0,0.035,95.4,11,21.9,0,4,4,0,0,0,0,"2021_9_16_11"
24.371,23.19,1660,9,2340,0,2021,9,37,259,16,4,12,1014.4,22.1,22.1,21.7,90,20.4,20.9,4.8,1.21,14.5,22.1,23.3,23.3,26,0,0,247,5.31,299,0.1,0,0.039,90,16,23.2,0,5,4,0,0,0,0,"2021_9_16_12"
26.097,24.762,1660,351,2397,347,2021,9,37,259,16,4,12,1014.4,22.6,22.6,22.1,84,19.7,20.5,8,2.01,17.7,22.6,23.6,23.6,27.4,0,0,346,7.44,362,0,0,0.044,79.4,15,24.2,0,6,4,0,0,0,0,"2021_9_16_12"
26.006,24.532,1072,14,1740,0,2021,9,37,259,16,4,12,1013.7,22.8,22.8,22.6,80,19.1,20.1,6.4,1.61,14.5,22.8,23.7,23.7,27.3,0,0,330,7.1,410,0,0,0.046,75.6,14,24.1,0,7,4,0,0,0,0,"2021_9_16_12"
25.465,26.132,1072,346,1816,343,2021,9,37,259,16,4,12,1013.9,22.8,22.9,22.7,79,19,20,6.4,1.61,16.1,22.8,23.7,23.7,27.3,0,0,327,7.03,371,0,0,0.047,74.3,17,24.3,0,0,4,0,0,0,0,"2021_9_16_12"
26.614,26.614,747,160,0,0,2021,9,37,259,16,4,13,1014.1,23.1,23.1,22.8,80,19.5,20.5,4.8,1.21,11.3,23.1,24.1,24.1,27.8,0,0,335,7.21,383,0.23,0,0.05,73.9,13,24.6,0,1,4,0,0,0,0,"2021_9_16_13"
26.231,25.121,747,200,520,270,2021,9,37,259,16,4,13,1013.7,23.1,23.2,23.1,81,19.7,20.6,4.8,1.21,11.3,23.1,24.1,24.1,27,0,0,263,5.66,290,0,0,0.05,75.8,12,24.2,0,2,3,0,0,0,0,"2021_9_16_13"
25.688,24.699,1326,169,600,180,2021,9,37,259,16,4,13,1014.3,23.3,23.3,23.2,78,19.3,20.4,3.2,0.8,9.7,23.3,24.3,24.3,27,0,0,254,5.46,265,0,0,0.052,74.6,11,24.2,0,3,4,11,0,0,0,"2021_9_16_13"
25.109,24.243,1326,191,794,221,2021,9,37,259,16,4,13,1013.4,23.3,23.3,23.3,79,19.4,20.5,3.2,0.8,6.4,23.3,24.3,24.3,26.2,0,0,195,4.19,248,0,0,0.052,76.3,8,23.6,0,4,0,1,0,0,0,"2021_9_16_13"
24.977,24.065,1660,9,2340,0,2021,9,37,259,16,4,14,1013.5,23.4,23.5,23.3,77,19.2,20.3,1.6,0.4,4.8,23.4,24.4,24.4,26.4,0,0,195,4.19,225,0.15,0,0.053,74.4,8,23.5,0,5,12,0,0,0,0,"2021_9_16_14"
25.084,24.323,1660,351,2397,347,2021,9,37,259,16,4,14,1013.7,23.6,23.6,23.4,76,19.1,20.3,3.2,0.8,8,23.6,24.5,24.5,27,0,0,229,4.93,313,0,0,0.055,74.3,15,24.3,0,6,4,13,0,0,0,"2021_9_16_14"
26.514,24.591,1072,14,1740,0,2021,9,37,259,16,4,14,1013.4,23.8,23.9,23.6,76,19.3,20.5,3.2,0.8,8,23.8,24.8,24.8,27.8,0,0,275,5.92,464,0,0,0.057,72.7,8,24.1,0,7,4,0,0,0,0,"2021_9_16_14"
25.424,25.65,1072,346,1816,343,2021,9,37,259,16,4,14,1013,23.8,23.8,23.7,75,19.1,20.3,3.2,0.8,8,23.8,24.7,24.7,26.9,0,0,211,4.54,267,0,0,0.057,72.2,14,24.4,0,0,4,0,0,0,0,"2021_9_16_14"
26.353,26.353,747,160,0,0,2021,9,37,259,16,4,15,1012.7,23.9,23.9,23.8,77,19.6,20.7,3.2,0.8,8,23.9,24.9,24.9,27.5,0,0,233,5.01,306,0.15,0,0.058,74,3,24,0,1,4,13,0,0,0,"2021_9_16_15"
24.095,23.609,747,200,520,270,2021,9,37,259,16,4,15,1012.7,23.5,23.9,23.5,78,19.4,20.5,3.2,0.8,8,23.5,24.5,24.5,25.3,0,0,108,2.32,153,0,0,0.054,77.6,5,23.3,0,2,3,1,0,0,0,"2021_9_16_15"
24.163,23.53,1326,169,600,180,2021,9,37,259,16,4,15,1012.3,23.3,23.5,23.3,80,19.6,20.6,4.8,1.21,11.3,23.3,24.3,24.3,25,0,0,95,2.04,141,0,0,0.052,78.2,2,22.8,0,3,4,0,0,0,0,"2021_9_16_15"
23.33,22.875,1326,191,794,221,2021,9,37,259,16,4,15,1012.7,23.1,23.3,23.1,80,19.5,20.5,3.2,0.8,6.4,23.1,24.1,24.1,24.2,0,0,57,1.23,63,0,0,0.05,83.8,2,22.4,0,4,4,11,0,0,0,"2021_9_16_15"
23.117,22.648,1660,9,2340,0,2021,9,37,259,16,4,16,1012.3,22.8,23.1,22.8,82,19.5,20.4,3.2,0.8,6.4,22.8,23.8,23.8,23.9,0,0,59,1.27,72,0.05,0,0.046,85.4,3,22,0,5,4,0,0,0,0,"2021_9_16_16"
23.18,22.758,1660,351,2397,347,2021,9,37,259,16,4,16,1012.5,22.7,22.8,22.6,83,19.7,20.5,3.2,0.8,6.4,22.7,23.7,23.7,24.5,0,0,92,1.98,139,0,0,0.046,87.5,8,22.5,0,6,4,0,0,0,0,"2021_9_16_16"
24.558,24.032,1072,14,1740,0,2021,9,37,259,16,4,16,1012.5,23.1,23.1,22.7,82,19.8,20.7,1.6,0.4,4.8,23.1,24.1,24.1,25.8,0,0,144,3.1,156,0,0,0.049,81.6,6,22.9,0,7,13,11,0,0,0,"2021_9_16_16"
23.866,23.815,1072,346,1816,343,2021,9,37,259,16,4,16,1012.2,23,23.1,22.9,81,19.6,20.5,4.8,1.21,9.7,23,24,24,25.3,0,0,113,2.43,127,0,0,0.049,80.7,5,22.6,0,0,12,10,0,0,0,"2021_9_16_16"
23.787,23.787,747,160,0,0,2021,9,37,259,16,4,17,1012.2,23,23,22.9,81,19.6,20.5,4.8,1.21,9.7,23,24,24,25.6,0,0,122,2.62,162,0.08,0,0.049,80.4,9,22.9,0,1,12,11,0,0,0,"2021_9_16_17"
24.496,23.776,747,200,520,270,2021,9,37,259,16,4,17,1012.1,23.2,23.2,23,80,19.5,20.5,4.8,1.21,11.3,23.2,24.2,24.2,26.3,0,0,147,3.16,172,0,0,0.05,79.2,8,23.1,0,2,12,0,0,0,0,"2021_9_16_17"
25.152,25.16,1326,169,600,180,2021,9,37,259,16,4,17,1012.5,23.4,23.4,23.1,80,19.7,20.7,6.4,1.61,12.9,23.4,24.5,24.5,28.4,0,0,242,5.21,410,0,0,0.053,77,14,23.9,0,3,4,11,0,0,0,"2021_9_16_17"
26.873,25.034,1326,191,794,221,2021,9,37,259,16,4,17,1012,23.6,23.6,23.4,77,19.3,20.5,8,2.01,12.9,23.6,24.6,24.6,29.6,0,0,332,7.14,404,0,0,0.055,73.5,9,23.9,0,4,4,0,0,0,0,"2021_9_16_17"
25.006,23.554,1660,9,2340,0,2021,9,37,259,16,4,18,1011.7,23.2,23.7,23.2,80,19.5,20.5,6.4,1.61,14.5,23.2,24.2,24.2,27.7,0,0,198,4.26,299,0.15,0,0.05,79,2,22.8,0,5,0,0,0,0,0,"2021_9_16_18"
23.105,22.502,1660,351,2397,347,2021,9,37,259,16,4,18,1011.5,22.5,23.2,22.5,84,19.7,20.4,4.8,1.21,11.3,22.5,23.5,23.5,24.1,0,0,54,1.16,86,0,0,0.043,84.9,2,21.9,0,6,4,11,0,0,0,"2021_9_16_18"
23.049,22.794,1072,14,1740,0,2021,9,37,259,16,4,18,1011.5,22.4,22.5,22.4,86,19.9,20.6,1.6,0.4,6.4,22.4,23.4,23.4,24.7,0,0,78,1.68,142,0,0,0.042,87.5,4,22,0,7,12,10,0,0,0,"2021_9_16_18"
23.33,23.189,1072,346,1816,343,2021,9,37,259,16,4,18,1011.4,22.6,22.6,22.3,85,20,20.7,3.2,0.8,6.4,22.6,23.6,23.6,25.5,0,0,104,2.24,121,0,0,0.045,87,4,22.1,0,0,13,11,0,0,0,"2021_9_16_18"
22.758,22.758,747,160,0,0,2021,9,37,259,16,4,19,1010.7,22.3,22.6,22.3,86,19.8,20.5,4.8,1.21,11.3,22.3,23.3,23.3,22.9,0,0,58,1.25,95,0.05,0,0.041,88.8,1,21.4,0,1,13,11,0,0,0,"2021_9_16_19"
21.939,21.725,747,200,520,270,2021,9,37,259,16,4,19,1011,21.8,22.3,21.8,87,19.5,20.2,1.6,0.4,4.8,21.8,22.8,22.8,22,0,0,17,0.37,25,0,0,0.036,92.8,0,20.8,0,2,12,10,0,0,0,"2021_9_16_19"
21.385,21.378,1326,169,600,180,2021,9,37,259,16,4,19,1011,21.4,21.8,21.4,89,19.5,20,1.6,0.4,4.8,21.4,22.5,22.5,21.5,0,0,3,0.06,11,0,0,0.032,95.1,0,20.4,0,3,13,10,0,0,0,"2021_9_16_19"
21.139,20.993,1326,191,794,221,2021,9,37,259,16,4,19,1011.6,21.1,21.4,21,90,19.4,19.8,1.6,0.4,4.8,21.1,22.2,22.2,21.1,0,0,0,0,0,0,0,0.028,97,0,20.2,0,4,13,10,0,0,0,"2021_9_16_19"
20.913,20.837,1660,9,2340,0,2021,9,37,259,16,4,20,1011.5,20.9,21.1,20.9,91,19.4,19.8,3.2,0.8,6.4,20.9,22.1,22.1,21,0,0,0,0,0,0,0,0.027,98.3,0,20,0,5,13,12,0,0,0,"2021_9_16_20"
20.79,20.616,1660,351,2397,347,2021,9,37,259,16,4,20,1011.4,20.8,20.9,20.8,92,19.5,19.9,4.8,1.21,9.7,20.8,22.1,22.1,21,0,0,0,0,0,0,0,0.026,99.6,0,19.8,0,6,11,12,0,0,0,"2021_9_16_20"
20.92,20.795,1072,14,1740,0,2021,9,37,259,16,4,20,1011.3,20.9,20.9,20.8,92,19.5,19.9,3.2,0.8,9.7,20.9,22.2,22.2,21.1,0,0,0,0,0,0,0,0.027,99.9,0,19.9,0,7,13,10,0,0,0,"2021_9_16_20"
20.747,20.534,1072,346,1816,343,2021,9,37,259,16,4,20,1011.3,20.7,20.9,20.7,93,19.5,19.8,3.2,0.8,6.4,20.7,22,22,20.9,0,0,0,0,0,0,0,0.024,100,0,19.7,0,0,12,12,0,0,0,"2021_9_16_20"
20.615,20.615,747,160,0,0,2021,9,37,259,16,4,21,1011.3,20.4,20.7,20.4,93,19.3,19.6,3.2,0.8,6.4,20.4,21.7,21.7,20.6,0,0,0,0,0,0,0,0.022,100,0,19.8,0,1,13,10,0,0,0,"2021_9_16_21"
20.635,20.707,747,200,520,270,2021,9,37,259,16,4,21,1011.2,20.4,20.5,20.4,93,19.3,19.6,1.6,0.4,4.8,20.4,21.7,21.7,20.6,0,0,0,0,0,0,0,0.022,100,0,19.7,0,2,12,11,0,0,0,"2021_9_16_21"
20.445,20.42,1326,169,600,180,2021,9,37,259,16,4,21,1011.2,20.2,20.4,20.2,93,19.1,19.4,1.6,0.4,4.8,20.2,21.4,21.4,20.3,0,0,0,0,0,0,0,0.02,100,0,19.4,0,3,13,12,0,0,0,"2021_9_16_21"
20.22,20.125,1326,191,794,221,2021,9,37,259,16,4,21,1011.4,20.1,20.2,20.1,93,18.9,19.2,1.6,0.4,4.8,20.1,21.2,21.2,20,0,0,0,0,0,0,0,0.018,100,0,19.2,0,4,11,12,0,0,0,"2021_9_16_21"
20.217,20.217,1660,9,2340,0,2021,9,37,259,16,4,22,1011.2,19.9,20.1,19.9,94,18.9,19.3,0,0,3.2,19.9,21.1,21.1,19.9,0,0,0,0,0,0,0,0.017,100,0,19.4,0,5,9,10,0,0,0,"2021_9_16_22"
20.323,20.189,1660,351,2397,347,2021,9,37,259,16,4,22,1011.2,19.9,20,19.9,94,18.9,19.2,0,0,3.2,19.9,21,21,19.9,0,0,0,0,0,0,0,0.016,100,0,19.4,0,6,9,11,0,0,0,"2021_9_16_22"
20.195,20.11,1072,14,1740,0,2021,9,37,259,16,4,22,1011.2,19.8,19.9,19.8,94,18.8,19.1,0,0,0,19.8,20.9,20.9,19.8,0,0,0,0,0,0,0,0.016,100,0,19.2,0,7,9,8,0,0,0,"2021_9_16_22"
20.071,19.961,1072,346,1816,343,2021,9,37,259,16,4,22,1011.1,19.7,19.8,19.7,95,18.9,19.2,1.6,0.4,3.2,19.7,20.8,20.8,19.7,0,0,0,0,0,0,0,0.014,100,0,19.2,0,0,3,11,0,0,0,"2021_9_16_22"
20.119,20.119,747,160,0,0,2021,9,37,259,16,4,23,1011.4,19.6,19.8,19.6,95,18.8,19,1.6,0.4,4.8,19.6,20.7,20.7,19.5,0,0,0,0,0,0,0,0.013,100,0,19.1,0,1,1,13,0,0,0,"2021_9_16_23"
19.948,20.065,747,200,520,270,2021,9,37,259,16,4,23,1011.2,19.7,19.7,19.6,95,18.9,19.2,3.2,0.8,6.4,19.7,20.8,20.8,19.7,0,0,0,0,0,0,0,0.014,100,0,19.1,0,2,4,0,0,0,0,"2021_9_16_23"
19.946,19.93,1326,169,600,180,2021,9,37,259,16,4,23,1011.2,19.8,19.8,19.7,95,19,19.2,3.2,0.8,6.4,19.8,20.9,20.9,19.7,0,0,0,0,0,0,0,0.015,100,0,19.1,0,3,4,11,0,0,0,"2021_9_16_23"
19.972,19.933,1326,191,794,221,2021,9,37,259,16,4,23,1011.1,19.9,19.9,19.8,94,18.9,19.3,3.2,0.8,9.7,19.9,21.1,21.1,19.9,0.4,1.8,0,0,0,0,0,0.017,100,0,19.1,0,4,4,11,0,0,0,"2021_9_16_23"
20.113,20.043,1660,9,2340,0,2021,9,37,260,17,5,0,1011.8,20,20,19.9,92,18.7,19.1,4.8,1.21,27.4,20,21.1,21.1,19.9,0,0,0,0,0,0,0,0.017,96.2,0,19,0,5,12,16,0,0,0,"2021_9_17_0"
19.46,19.215,1660,351,2397,347,2021,9,37,260,17,5,0,1011.5,19.4,20.2,19.4,85,16.8,17.6,12.9,3.22,24.1,19,20,19.7,18.5,0.2,0,0,0,0,0,0,0.011,93.1,0,18.3,0,6,8,7,0,0,0,"2021_9_17_0"
18.765,18.683,1072,14,1740,0,2021,9,37,260,17,5,0,1011.4,18.5,19.4,18.5,89,16.7,17.2,6.4,1.61,17.7,18.5,19.1,19.1,17.8,0,0,0,0,0,0,0,0.002,96.8,0,17.7,0,7,8,7,0,0,0,"2021_9_17_0"
18.302,18.091,1072,346,1816,343,2021,9,37,260,17,5,0,1011.3,18.1,18.5,18.1,92,16.8,17.2,4.8,1.21,14.5,18.1,18.7,18.7,17.5,0.2,0,0,0,0,0,0.002,0,99.8,0,17.6,0,0,10,14,0,0,0,"2021_9_17_0"
18.137,18.137,747,160,0,0,2021,9,37,260,17,5,1,1011.2,17.9,18.1,17.9,93,16.7,17.1,3.2,0.8,8,17.9,18.5,18.5,17.3,0,0,0,0,0,0.03,0.005,0,100,0,17.4,0,1,14,9,0,0,0,"2021_9_17_1"
18.054,18.03,747,200,520,270,2021,9,37,260,17,5,1,1010.8,17.8,17.9,17.8,93,16.6,17,1.6,0.4,4.8,17.8,18.4,18.4,17.1,0,0,0,0,0,0,0.006,0,100,0,17.2,0,2,14,15,0,0,0,"2021_9_17_1"
17.793,17.966,1326,169,600,180,2021,9,37,260,17,5,1,1010.6,17.7,17.8,17.7,93,16.5,16.9,0,0,1.6,17.7,18.2,18.2,17,0,0,0,0,0,0,0.007,0,100,0,17,0,3,9,9,0,0,0,"2021_9_17_1"
17.754,17.956,1326,191,794,221,2021,9,37,260,17,5,1,1010.5,17.6,17.7,17.6,94,16.6,16.9,0,0,0,17.6,18.1,18.1,16.9,0,0,0,0,0,0,0.008,0,100,0,17,0,4,9,8,0,0,0,"2021_9_17_1"
17.683,17.81,1660,9,2340,0,2021,9,37,260,17,5,2,1010.4,17.4,17.6,17.4,94,16.5,16.8,1.6,0.4,3.2,17.4,18,18,16.7,0,0,0,0,0,0,0.009,0,100,0,16.9,0,5,12,9,0,0,0,"2021_9_17_2"
17.891,17.949,1660,351,2397,347,2021,9,37,260,17,5,2,1010.2,17.4,17.4,17.4,95,16.6,16.9,0,0,3.2,17.4,18,18,16.8,0,0,0,0,0,0,0.009,0,100,0,16.9,0,6,9,11,0,0,0,"2021_9_17_2"
18.014,17.806,1072,14,1740,0,2021,9,37,260,17,5,2,1010.2,17.4,17.4,17.3,95,16.6,16.8,0,0,4.8,17.4,18,18,16.7,0,0,0,0,0,0,0.01,0,100,0,17.1,0,7,9,13,0,0,0,"2021_9_17_2"
18.03,17.919,1072,346,1816,343,2021,9,37,260,17,5,2,1010,17.4,17.4,17.3,96,16.7,17,0,0,1.6,17.4,18.1,18.1,16.8,0,0,0,0,0,0,0.01,0,100,0,17.1,0,0,9,1,0,0,0,"2021_9_17_2"
18.093,18.093,747,160,0,0,2021,9,37,260,17,5,3,1009.8,17.4,17.4,17.4,95,16.6,16.8,0,0,0,17.4,18,18,16.7,0,0,0,0,0,0,0.01,0,100,0,17.3,0,1,9,8,0,0,0,"2021_9_17_3"
18.131,18.228,747,200,520,270,2021,9,37,260,17,5,3,1009.8,17.5,17.6,17.4,96,16.9,17.1,0,0,3.2,17.5,18.2,18.2,16.9,0,0,0,0,0,0,0.009,0,100,0,17.3,0,2,9,1,0,0,0,"2021_9_17_3"
18.163,18.145,1326,169,600,180,2021,9,37,260,17,5,3,1009.7,17.7,17.7,17.5,96,17,17.2,0,0,3.2,17.7,18.4,18.4,17.1,0,0,0,0,0,0,0.007,0,100,0,17.3,0,3,9,12,0,0,0,"2021_9_17_3"
18.176,18.241,1326,191,794,221,2021,9,37,260,17,5,3,1009.5,17.8,17.8,17.7,96,17.1,17.3,0,0,1.6,17.8,18.5,18.5,17.3,0,0,0,0,0,0,0.006,0,100,0,17.4,0,4,9,12,0,0,0,"2021_9_17_3"
18.302,18.307,1660,9,2340,0,2021,9,37,260,17,5,4,1009.4,17.8,17.8,17.8,96,17.1,17.3,1.6,0.4,3.2,17.8,18.5,18.5,17.3,0,0,0,0,0,0,0.006,0,100,0,17.4,0,5,8,16,0,0,0,"2021_9_17_4"
18.271,18.277,1660,351,2397,347,2021,9,37,260,17,5,4,1009.5,17.9,17.9,17.8,96,17.2,17.5,1.6,0.4,4.8,17.9,18.7,18.7,17.4,0,0,0,0,0,0,0.005,0,100,0,17.4,0,6,16,7,0,0,0,"2021_9_17_4"
18.322,18.351,1072,14,1740,0,2021,9,37,260,17,5,4,1009.5,17.9,17.9,17.8,96,17.2,17.5,1.6,0.4,8,17.9,18.7,18.7,17.4,1,49.8,0,0,0,0,0.005,0,100,0,17.4,0,7,7,2,0,0,0,"2021_9_17_4"
18.469,18.108,1072,346,1816,343,2021,9,37,260,17,5,4,1009.3,17.9,17.9,17.8,96,17.2,17.5,4.8,1.21,12.9,17.9,18.7,18.7,17.4,0.4,5.8,0,0,0,0,0.005,0,100,0,17.4,0,0,5,2,0,0,0,"2021_9_17_4"
18.29,18.29,747,160,0,0,2021,9,37,260,17,5,5,1009,17.8,17.9,17.8,96,17.2,17.4,3.2,0.8,4.8,17.8,18.6,18.6,17.3,0,0,0,0,0,0,0.005,0,100,0,17.2,0,1,8,4,0,0,0,"2021_9_17_5"
18.23,18.317,747,200,520,270,2021,9,37,260,17,5,5,1008.9,17.8,17.8,17.8,96,17.1,17.3,3.2,0.8,4.8,17.8,18.5,18.5,17.3,0,0,0,0,0,0,0.006,0,100,0,17.3,0,2,7,6,0,0,0,"2021_9_17_5"
18.25,18.237,1326,169,600,180,2021,9,37,260,17,5,5,1008.7,17.8,17.8,17.8,96,17.2,17.4,1.6,0.4,4.8,17.8,18.6,18.6,17.3,0,0,0,0,0,0,0.005,0,100,0,17.2,0,3,7,7,0,0,0,"2021_9_17_5"
18.1,18.1,1326,191,794,221,2021,9,37,260,17,5,5,1008.7,17.8,17.8,17.8,95,17,17.2,1.6,0.4,4.8,17.8,18.4,18.4,17.2,0,0,0,0,0,0,0.006,0,100,0,17.2,0,4,5,6,0,0,0,"2021_9_17_5"
18.131,18.001,1660,9,2340,0,2021,9,37,260,17,5,6,1008.6,17.8,17.8,17.7,95,17,17.2,3.2,0.8,6.4,17.8,18.4,18.4,17.2,0.2,0,0,0,0,0,0.006,0,100,0,17.1,0,5,6,5,0,0,0,"2021_9_17_6"
18.146,18.175,1660,351,2397,347,2021,9,37,260,17,5,6,1008.7,17.8,17.8,17.8,95,17,17.3,1.6,0.4,4.8,17.8,18.5,18.5,17.3,1,10.2,0,0,0,0,0.005,0,100,0,17.2,0,6,6,5,0,0,0,"2021_9_17_6"
18.292,17.941,1072,14,1740,0,2021,9,37,260,17,5,6,1008.6,17.7,17.8,17.7,95,16.9,17.2,3.2,0.8,8,17.7,18.4,18.4,17.1,0.2,5.4,0,0,0,0,0.006,0,100,0,17.2,0,7,5,4,0,0,0,"2021_9_17_6"
18.261,18.017,1072,346,1816,343,2021,9,37,260,17,5,6,1008.5,17.7,17.7,17.7,96,17,17.2,1.6,0.4,4.8,17.7,18.4,18.4,17.1,0,0,0,0,0,0,0.007,0,100,0,17.2,0,0,5,4,0,0,0,"2021_9_17_6"
18.115,18.115,747,160,0,0,2021,9,37,260,17,5,7,1008.3,17.7,17.7,17.7,96,17,17.2,1.6,0.4,4.8,17.7,18.4,18.4,17.1,0.2,0,0,0,0,0,0.007,0,100,0,17.1,0,1,16,7,0,0,0,"2021_9_17_7"
18.021,18.124,747,200,520,270,2021,9,37,260,17,5,7,1008.2,17.7,17.7,17.7,96,17,17.2,1.6,0.4,3.2,17.7,18.4,18.4,17.1,0,0,0,0,5,0,0.007,0,100,0,17.2,0,2,16,16,0,0,0,"2021_9_17_7"
18.093,18.12,1326,169,600,180,2021,9,37,260,17,5,7,1008.3,17.7,17.8,17.7,96,17.1,17.3,1.6,0.4,4.8,17.7,18.5,18.5,17.3,0,0,7,0.15,9,0,0.006,0,100,0,17.2,0,3,8,6,0,0,0,"2021_9_17_7"
18.491,18.414,1326,191,794,221,2021,9,37,260,17,5,7,1008.7,17.8,17.8,17.7,96,17.1,17.3,3.2,0.8,6.4,17.8,18.5,18.5,17.9,0,0,11,0.24,14,0,0.006,0,100,0,17.5,0,4,5,3,0,0,0,"2021_9_17_7"
18.941,18.518,1660,9,2340,0,2021,9,37,260,17,5,8,1009,17.9,17.9,17.8,96,17.2,17.5,3.2,0.8,6.4,17.9,18.7,18.7,18.5,0,0,26,0.56,39,0,0.005,0,100,1,17.8,0,5,6,5,0,0,0,"2021_9_17_8"
19.374,18.998,1660,351,2397,347,2021,9,37,260,17,5,8,1009.1,18.1,18.1,17.8,96,17.4,17.6,3.2,0.8,4.8,18.1,18.9,18.9,18.9,0,0,37,0.8,42,0,0.003,0,100,2,17.9,0,6,5,4,0,0,0,"2021_9_17_8"
19.442,18.707,1072,14,1740,0,2021,9,37,260,17,5,8,1009.1,18.1,18.1,18,96,17.5,17.7,3.2,0.8,8,18.1,18.9,18.9,19.1,0,0,45,0.97,63,0,0.002,0,100,2,18.1,0,7,5,6,0,0,0,"2021_9_17_8"
19.383,19.111,1072,346,1816,343,2021,9,37,260,17,5,8,1009.1,18.3,18.3,18.1,97,17.8,17.9,4.8,1.21,9.7,18.3,19.2,19.2,19.7,0,0,58,1.25,67,0,0.001,0,100,2,18.2,0,0,6,5,0,0,0,"2021_9_17_8"
19.894,19.894,747,160,0,0,2021,9,37,260,17,5,9,1009,18.4,18.4,18.2,97,17.9,18.1,3.2,0.8,9.7,18.4,19.4,19.4,19.8,0,0,60,1.29,74,0.03,0,0.001,100,2,18.4,0,1,7,6,0,0,0,"2021_9_17_9"
19.701,19.744,747,200,520,270,2021,9,37,260,17,5,9,1009.1,18.6,18.6,18.4,96,17.9,18.1,4.8,1.21,9.7,18.6,19.5,19.5,19.7,0,0,56,1.2,84,0,0,0.002,100,6,18.7,0,2,7,5,0,0,0,"2021_9_17_9"
21.056,20.503,1326,169,600,180,2021,9,37,260,17,5,9,1009.6,18.8,18.8,18.6,95,18,18.3,4.8,1.21,9.7,18.8,19.7,19.7,21.2,0,0,119,2.56,139,0,0,0.005,100,7,19.4,0,3,6,5,0,0,0,"2021_9_17_9"
22.015,21.434,1326,191,794,221,2021,9,37,260,17,5,9,1009.7,19.2,19.3,18.9,93,18.1,18.4,4.8,1.21,11.3,19.2,20.1,20.1,22.1,0,0,157,3.38,185,0,0,0.009,93.6,7,20,0,4,7,5,0,0,0,"2021_9_17_9"
21.646,21.184,1660,9,2340,0,2021,9,37,260,17,5,10,1009.9,19.6,19.6,19.3,91,18,18.5,3.2,0.8,8,19.6,20.5,20.5,22.4,0,0,155,3.33,197,0.08,0,0.013,89.8,10,20.5,0,5,8,6,0,0,0,"2021_9_17_10"
24.779,23.297,1660,351,2397,347,2021,9,37,260,17,5,10,1010.9,20.1,20.1,19.6,89,18.2,18.8,3.2,0.8,6.4,20.1,21,21,24.5,0,0,271,5.83,388,0,0,0.018,86.3,8,22.1,0,6,6,5,0,0,0,"2021_9_17_10"
23.573,23.226,1072,14,1740,0,2021,9,37,260,17,5,10,1010.5,20.4,20.4,20.1,87,18.2,18.9,3.2,0.8,6.4,20.4,21.5,21.5,24.5,0,0,244,5.25,352,0,0,0.022,87.2,13,22,0,7,7,5,0,0,0,"2021_9_17_10"
24.089,24.015,1072,346,1816,343,2021,9,37,260,17,5,10,1010.5,20.7,20.7,20.4,86,18.2,19,1.6,0.4,4.8,20.7,21.7,21.7,25.3,0,0,302,6.5,401,0,0,0.024,82.4,15,23.2,0,0,7,7,0,0,0,"2021_9_17_10"
26.988,26.988,747,160,0,0,2021,9,37,260,17,5,11,1012.6,21.4,21.4,20.7,83,18.4,19.3,1.6,0.4,6.4,21.4,22.3,22.3,28.7,0,0,618,13.29,805,0.2,0,0.032,79.3,14,23.9,0,1,8,7,0,0,0,"2021_9_17_11"
25.178,24.157,747,200,520,270,2021,9,37,260,17,5,11,1009.4,21.8,21.8,21.4,82,18.6,19.5,3.2,0.8,4.8,21.8,22.7,22.7,26.3,0,0,315,6.78,455,0,0,0.036,76.7,8,23.6,0,2,10,16,0,0,0,"2021_9_17_11"
25.265,23.928,1326,169,600,180,2021,9,37,260,17,5,11,1009.7,22,22,21.7,83,19,19.8,1.6,0.4,6.4,22,22.9,22.9,26,0,0,268,5.76,378,0,0,0.038,79.9,9,23.9,0,3,10,12,0,0,0,"2021_9_17_11"
24.484,23.741,1326,191,794,221,2021,9,37,260,17,5,11,1009.8,22,22,21.9,85,19.4,20.1,3.2,0.8,8,22,23,23,25.7,0,0,247,5.31,313,0,0,0.038,76.2,17,23.8,0,4,11,9,0,0,0,"2021_9_17_11"
26.035,24.756,1660,9,2340,0,2021,9,37,260,17,5,12,1010.4,22.2,22.2,22,81,18.8,19.7,3.2,0.8,6.4,22.2,23,23,26.9,0,0,346,7.44,411,0.18,0,0.04,74.4,15,24.8,0,5,12,11,0,0,0,"2021_9_17_12"
25.984,24.481,1660,351,2397,347,2021,9,37,260,17,5,12,1010,22.2,22.4,22.1,81,18.8,19.8,3.2,0.8,8,22.2,23.1,23.1,26.5,0,0,314,6.75,452,0,0,0.041,76,25,24.4,0,6,0,1,0,0,0,"2021_9_17_12"
28.554,26.968,1072,14,1740,0,2021,9,37,260,17,5,12,1012.3,23.1,23.1,22.2,80,19.5,20.5,1.6,0.4,4.8,23.1,24.1,24.1,30,0,0,574,12.35,726,0,0,0.05,70.6,16,25.8,0,7,12,1,0,0,0,"2021_9_17_12"
28.852,28.569,1072,346,1816,343,2021,9,37,260,17,5,12,1011.2,23.8,23.9,23.1,75,19.1,20.4,3.2,0.8,8,23.8,24.8,24.8,30.8,0,0,606,13.04,722,0,0,0.057,64.1,18,27.6,0,0,11,9,0,0,0,"2021_9_17_12"
29.832,29.832,747,160,0,0,2021,9,37,260,17,5,13,1009.7,23.7,24,23.7,75,19,20.3,3.2,0.8,6.4,23.7,24.6,24.6,29.8,0,0,489,10.52,807,0.3,0,0.056,67.4,23,26.8,0,1,12,11,0,0,0,"2021_9_17_13"
31.146,30.12,747,200,520,270,2021,9,37,260,17,5,13,1010.7,24.1,24.1,23.7,74,19.2,20.5,3.2,0.8,8,24.1,25.1,25.1,31.5,0,0,704,15.14,786,0,0,0.06,57.3,16,28.8,0,2,8,7,0,0,0,"2021_9_17_13"
31.873,28.969,1326,169,600,180,2021,9,37,260,17,5,13,1011.5,25.1,25.1,24.1,71,19.4,20.8,1.6,0.4,8,25.1,26,26,32.1,0,0,806,17.34,846,0,0,0.07,53.7,25,31.6,0,3,6,4,0,0,0,"2021_9_17_13"
32.997,30.89,1326,191,794,221,2021,9,37,260,17,5,13,1009.8,24.9,25.1,24.9,71,19.3,20.7,4.8,1.21,9.7,24.9,25.8,25.8,31.9,0,0,808,17.38,835,0,0,0.068,54.1,25,32.3,0,4,1,3,0,0,0,"2021_9_17_13"
32.509,29.571,1660,9,2340,0,2021,9,37,260,17,5,14,1008.1,25,25.1,24.8,70,19.1,20.6,3.2,0.8,8,25,25.9,25.9,32,0,0,610,13.12,826,0.46,0,0.069,55.4,9,30,0,5,0,1,0,0,0,"2021_9_17_14"
27.141,26.297,1660,351,2397,347,2021,9,37,260,17,5,14,1006.6,24.7,25.1,24.7,71,19.1,20.5,3.2,0.8,9.7,24.7,25.5,25.5,28,0,0,228,4.9,427,0,0,0.066,62.9,6,25.8,0,6,10,14,0,0,0,"2021_9_17_14"
26.663,28.892,1072,14,1740,0,2021,9,37,260,17,5,14,1008.9,24.7,24.7,24.4,71,19.1,20.5,1.6,0.4,4.8,24.7,25.5,25.5,27.8,0,0,215,4.62,598,0,0,0.066,56.6,33,30.4,0,7,14,15,0,0,0,"2021_9_17_14"
30.421,28.861,1072,346,1816,343,2021,9,37,260,17,5,14,1011,25.7,25.7,24.7,67,19.1,20.7,1.6,0.4,4.8,25.7,26.6,26.6,32.9,0,0,636,13.68,701,0,0,0.076,49.5,24,31.4,0,0,8,0,0,0,0,"2021_9_17_14"
30.776,30.776,747,160,0,0,2021,9,37,260,17,5,15,1009.8,26,26.1,25.7,68,19.6,21.2,3.2,0.8,9.7,26,27.2,27.2,33.6,0,0,655,14.09,668,0.3,0,0.08,46.5,41,31.7,0,1,4,3,0,0,0,"2021_9_17_15"
31.047,29.615,747,200,520,270,2021,9,37,260,17,5,15,1009.6,26.5,26.5,25.9,62,18.6,20.5,3.2,0.8,8,26.5,27.3,27.3,33.7,0,0,658,14.15,673,0,0,0.085,52.5,41,31.4,0,2,0,1,0,0,0,"2021_9_17_15"
29.237,27.924,1326,169,600,180,2021,9,37,260,17,5,15,1008.3,26.9,27,26.5,62,19,20.9,3.2,0.8,9.7,26.9,28,28,34.3,0,0,607,13.06,656,0,0,0.09,55.5,33,29.5,0,3,11,10,0,0,0,"2021_9_17_15"
27.138,25.937,1326,191,794,221,2021,9,37,260,17,5,15,1006.7,26.4,27,26.4,62,18.5,20.4,3.2,0.8,8,26.4,27.2,27.2,32.6,0,0,461,9.92,594,0,0,0.084,58.6,33,28.3,0,4,11,0,0,0,0,"2021_9_17_15"
29.549,30.348,1660,9,2340,0,2021,9,37,260,17,5,16,1008.6,27,27,26.4,63,19.4,21.1,3.2,0.8,6.4,27,28.2,28.2,34.3,0,0,543,11.68,564,0.38,0,0.09,52.8,30,28.9,0,5,10,14,0,0,0,"2021_9_17_16"
29.344,27.639,1660,351,2397,347,2021,9,37,260,17,5,16,1007.8,26.7,27.1,26.7,62,18.8,20.6,4.8,1.21,14.5,26.7,27.6,27.6,33.5,0,0,499,10.73,531,0,0,0.087,61.9,27,27.2,0,6,4,0,0,0,0,"2021_9_17_16"
29.447,29.756,1072,14,1740,0,2021,9,37,260,17,5,16,1007.7,26.4,26.7,26.4,58,17.5,19.6,4.8,1.21,12.9,26.4,26.9,26.9,32.7,0,0,464,9.98,480,0,0,0.084,56.2,26,27.3,0,7,4,0,0,0,0,"2021_9_17_16"
28.979,27.627,1072,346,1816,343,2021,9,37,260,17,5,16,1007.9,26.7,26.7,26.4,59,18,20.1,3.2,0.8,9.7,26.7,27.4,27.4,33,0,0,422,9.08,439,0,0,0.087,56.1,12,26.8,0,0,12,10,0,0,0,"2021_9_17_16"
28.801,28.801,747,160,0,0,2021,9,37,260,17,5,17,1007.4,26.7,26.8,26.7,59,18,20.1,3.2,0.8,8,26.7,27.4,27.4,32.7,0,0,380,8.17,394,0.3,0,0.087,58.9,10,26.5,0,1,13,10,0,0,0,"2021_9_17_17"
29.117,27.287,747,200,520,270,2021,9,37,260,17,5,17,1008,27.1,27.1,26.7,56,17.6,19.8,1.6,0.4,3.2,27.1,27.7,27.7,32.4,0,0,309,6.65,359,0,0,0.091,61.1,8,26.1,0,2,12,10,0,0,0,"2021_9_17_17"
28.866,29.277,1326,169,600,180,2021,9,37,260,17,5,17,1007.9,27.3,27.3,27.1,54,17.2,19.5,0,0,3.2,27.3,27.8,27.8,32.4,0,0,294,6.32,320,0,0,0.093,58.5,7,25.6,0,3,9,0,0,0,0,"2021_9_17_17"
28.236,25.782,1326,191,794,221,2021,9,37,260,17,5,17,1007.3,26.8,27.3,26.8,56,17.3,19.5,1.6,0.4,6.4,26.8,27.3,27.3,31.4,0,0,245,5.27,272,0,0,0.089,59.8,8,25.3,0,4,4,1,0,0,0,"2021_9_17_17"
26.888,25.503,1660,9,2340,0,2021,9,37,260,17,5,18,1007.3,26.6,26.8,26.6,57,17.4,19.6,1.6,0.4,4.8,26.6,27.1,27.1,30.6,0,0,203,4.37,227,0.18,0,0.086,61,5,24.7,0,5,12,10,0,0,0,"2021_9_17_18"
25.931,24.549,1660,351,2397,347,2021,9,37,260,17,5,18,1007.5,26.2,26.6,26.2,60,17.8,19.8,1.6,0.4,6.4,26.2,26.8,26.8,29.6,0,0,162,3.48,183,0,0,0.082,63.1,4,24.3,0,6,12,10,0,0,0,"2021_9_17_18"
25.431,24.177,1072,14,1740,0,2021,9,37,260,17,5,18,1007.5,25.8,26.2,25.8,63,18.2,20,1.6,0.4,6.4,25.8,26.4,26.4,28.6,0,0,121,2.6,141,0,0,0.078,70.7,3,23.7,0,7,12,11,0,0,0,"2021_9_17_18"
24.616,23.385,1072,346,1816,343,2021,9,37,260,17,5,18,1007.3,25.1,25.8,25.1,65,18,19.8,3.2,0.8,6.4,25.1,25.7,25.7,26.8,0,0,74,1.59,95,0,0,0.07,67.1,2,23.1,0,0,13,10,0,0,0,"2021_9_17_18"
23.933,23.933,747,160,0,0,2021,9,37,260,17,5,19,1007.4,24.3,25.1,24.2,67,17.8,19.4,1.6,0.4,6.4,24.3,24.9,24.9,24.2,0,0,38,0.82,51,0.08,0,0.062,72.5,1,22.4,0,1,13,10,0,0,0,"2021_9_17_19"
22.766,22.295,747,200,520,270,2021,9,37,260,17,5,19,1007.3,23.3,24.2,23.3,72,17.9,19.4,1.6,0.4,3.2,23.3,24,24,23,0,0,14,0.3,21,0,0,0.052,76.8,0,21.5,0,2,13,11,0,0,0,"2021_9_17_19"
21.879,21.739,1326,169,600,180,2021,9,37,260,17,5,19,1007.4,22.6,23.3,22.6,75,17.9,19.2,1.6,0.4,3.2,22.6,23.2,23.2,22.1,0,0,2,0.04,7,0,0,0.044,81.4,0,20.6,0,3,13,10,0,0,0,"2021_9_17_19"
21.115,20.768,1326,191,794,221,2021,9,37,260,17,5,19,1007.5,21.8,22.6,21.8,76,17.4,18.7,1.6,0.4,3.2,21.8,22.4,22.4,21.3,0,0,0,0,0,0,0,0.036,85.5,0,20,0,4,13,10,0,0,0,"2021_9_17_19"
20.202,19.814,1660,9,2340,0,2021,9,37,260,17,5,20,1007.6,21,21.8,21,80,17.4,18.5,1.6,0.4,1.6,21,21.7,21.7,20.6,0,0,0,0,0,0.03,0,0.028,88.1,0,19.3,0,5,13,10,0,0,0,"2021_9_17_20"
19.774,19.601,1660,351,2397,347,2021,9,37,260,17,5,20,1007.9,20.3,21,20.3,83,17.3,18.2,0,0,1.6,20.3,21.1,21.1,19.9,0,0,0,0,0,0,0,0.02,90.7,0,18.9,0,6,9,10,0,0,0,"2021_9_17_20"
19.453,19.096,1072,14,1740,0,2021,9,37,260,17,5,20,1008.3,19.8,20.3,19.8,85,17.2,18,0,0,0,19.8,20.6,20.6,19.4,0,0,0,0,0,0,0,0.016,92.4,0,18.6,0,7,9,8,0,0,0,"2021_9_17_20"
19.227,19.042,1072,346,1816,343,2021,9,37,260,17,5,20,1008.5,19.5,19.8,19.5,86,17.1,17.8,0,0,0,19.5,20.2,20.2,19,0,0,0,0,0,0,0,0.012,94.2,0,18.5,0,0,9,8,0,0,0,"2021_9_17_20"
19.411,19.411,747,160,0,0,2021,9,37,260,17,5,21,1009,19.4,19.6,19.3,87,17.2,17.9,0,0,3.2,19.4,20.1,20.1,18.9,0,0,0,0,0,0.03,0,0.011,94.8,0,18.6,0,1,9,10,0,0,0,"2021_9_17_21"
19.743,19.636,747,200,520,270,2021,9,37,260,17,5,21,1009.2,19.9,19.9,19.3,86,17.5,18.3,3.2,0.8,6.4,19.9,20.8,20.8,19.6,0,0,0,0,0,0,0,0.017,95.5,0,18.6,0,2,13,12,0,0,0,"2021_9_17_21"
19.487,19.39,1326,169,600,180,2021,9,37,260,17,5,21,1009.2,19.8,20,19.8,86,17.4,18.2,1.6,0.4,3.2,19.8,20.6,20.6,19.5,0,0,0,0,0,0,0,0.016,95.6,0,18.4,0,3,13,10,0,0,0,"2021_9_17_21"
19.112,19.002,1326,191,794,221,2021,9,37,260,17,5,21,1009.5,19.5,19.8,19.5,88,17.5,18.1,1.6,0.4,3.2,19.5,20.3,20.3,19.1,0,0,0,0,0,0,0,0.012,97.5,0,18.2,0,4,11,12,0,0,0,"2021_9_17_21"
19.441,19.178,1660,9,2340,0,2021,9,37,260,17,5,22,1009.9,19.6,19.6,19.4,91,18,18.5,1.6,0.4,3.2,19.6,20.5,20.5,19.4,0,0,0,0,0,0.03,0,0.013,100,0,18.6,0,5,13,12,0,0,0,"2021_9_17_22"
20.048,19.799,1660,351,2397,347,2021,9,37,260,17,5,22,1010,19.8,19.8,19.6,91,18.3,18.8,1.6,0.4,4.8,19.8,20.8,20.8,19.7,0,0,0,0,0,0,0,0.016,100,0,18.9,0,6,13,10,0,0,0,"2021_9_17_22"
20.107,19.636,1072,14,1740,0,2021,9,37,260,17,5,22,1009.9,19.9,20,19.8,90,18.3,18.8,3.2,0.8,6.4,19.9,20.9,20.9,19.8,0,0,0,0,0,0,0,0.017,99.8,0,18.8,0,7,13,10,0,0,0,"2021_9_17_22"
19.982,19.618,1072,346,1816,343,2021,9,37,260,17,5,22,1010.1,19.9,19.9,19.8,90,18.2,18.7,3.2,0.8,6.4,19.9,20.9,20.9,19.7,0,0,0,0,0,0,0,0.016,100,0,18.7,0,0,13,12,0,0,0,"2021_9_17_22"
19.393,19.393,747,160,0,0,2021,9,37,260,17,5,23,1010,19.7,19.9,19.7,89,17.9,18.4,3.2,0.8,6.4,19.7,20.6,20.6,19.5,0,0,0,0,0,0,0,0.014,99.4,0,18.5,0,1,11,12,0,0,0,"2021_9_17_23"
19.179,19.216,747,200,520,270,2021,9,37,260,17,5,23,1009.9,19.6,19.7,19.6,89,17.7,18.3,1.6,0.4,4.8,19.6,20.4,20.4,19.3,0,0,0,0,0,0,0,0.013,99.3,0,18.3,0,2,11,12,0,0,0,"2021_9_17_23"
19.048,19.038,1326,169,600,180,2021,9,37,260,17,5,23,1009.9,19.2,19.6,19.2,90,17.5,18.1,1.6,0.4,3.2,19.2,20,20,18.9,0,0,0,0,0,0,0,0.009,100,0,18,0,3,13,10,0,0,0,"2021_9_17_23"
18.806,18.793,1326,191,794,221,2021,9,37,260,17,5,23,1010,19,19.3,18.9,91,17.5,18,1.6,0.4,4.8,19,19.8,19.8,18.6,0,0,0,0,0,0,0,0.007,100,0,17.9,0,4,11,12,0,0,0,"2021_9_17_23"
18.912,18.837,1660,9,2340,0,2021,9,37,261,18,6,0,1010.1,18.9,19,18.9,91,17.4,17.9,1.6,0.4,4.8,18.9,19.6,19.6,18.5,0,0,0,0,0,0,0,0.006,100,0,17.9,0,5,11,12,0,0,0,"2021_9_18_0"
18.979,18.683,1660,351,2397,347,2021,9,37,261,18,6,0,1010,18.7,18.9,18.7,91,17.2,17.6,1.6,0.4,3.2,18.7,19.4,19.4,18.2,0,0,0,0,0,0,0,0.003,100,0,17.8,0,6,13,10,0,0,0,"2021_9_18_0"
18.623,18.334,1072,14,1740,0,2021,9,37,261,18,6,0,1010.1,18.3,18.7,18.3,92,17,17.4,0,0,3.2,18.3,18.9,18.9,17.7,0,0,0,0,0,0,0.001,0,100,0,17.5,0,7,9,10,0,0,0,"2021_9_18_0"
18.203,18.075,1072,346,1816,343,2021,9,37,261,18,6,0,1010.1,18.3,18.3,18.2,91,16.8,17.3,1.6,0.4,4.8,18.3,19,19,17.8,0,0,0,0,0,0,0,0,99.9,0,17.4,0,0,11,9,0,0,0,"2021_9_18_0"
18.065,18.065,747,160,0,0,2021,9,37,261,18,6,1,1010,18.3,18.4,18.3,90,16.6,17.1,1.6,0.4,3.2,18.3,18.9,18.9,17.7,0,0,0,0,0,0,0.001,0,99.5,0,17.1,0,1,13,10,0,0,0,"2021_9_18_1"
17.754,17.785,747,200,520,270,2021,9,37,261,18,6,1,1010,17.9,18.3,17.9,91,16.5,16.9,1.6,0.4,3.2,17.9,18.5,18.5,17.3,0,0,0,0,0,0,0.004,0,99.8,0,16.9,0,2,11,12,0,0,0,"2021_9_18_1"
17.504,17.558,1326,169,600,180,2021,9,37,261,18,6,1,1009.9,17.6,17.9,17.6,91,16.1,16.6,0,0,1.6,17.6,18.1,18.1,16.9,0,0,0,0,0,0,0.008,0,99.8,0,16.5,0,3,9,12,0,0,0,"2021_9_18_1"
17.231,17.277,1326,191,794,221,2021,9,37,261,18,6,1,1009.9,17.1,17.6,17.1,92,15.7,16.2,0,0,0,17.1,17.5,17.5,16.2,0,0,0,0,0,0,0.013,0,100,0,16.2,0,4,9,8,0,0,0,"2021_9_18_1"
17.01,17.048,1660,9,2340,0,2021,9,37,261,18,6,2,1010.2,16.9,17.1,16.9,94,15.9,16.2,0,0,0,16.9,17.4,17.4,16.1,0,0,0,0,0,0,0.015,0,100,0,16.2,0,5,9,8,0,0,0,"2021_9_18_2"
17.036,17.229,1660,351,2397,347,2021,9,37,261,18,6,2,1010.2,16.8,16.9,16.8,94,15.9,16.2,0,0,1.6,16.8,17.3,17.3,16,0,0,0,0,0,0,0.016,0,100,0,16.2,0,6,9,12,0,0,0,"2021_9_18_2"
17.369,17.402,1072,14,1740,0,2021,9,37,261,18,6,2,1010.5,17.3,17.3,16.8,93,16.1,16.5,3.2,0.8,9.7,17.3,17.8,17.8,16.6,0,0,0,0,0,0,0.011,0,100,0,16.6,0,7,12,10,0,0,0,"2021_9_18_2"
18.381,17.813,1072,346,1816,343,2021,9,37,261,18,6,2,1010.7,18.1,18.1,17.3,92,16.8,17.2,4.8,1.21,12.9,18.1,18.7,18.7,17.5,0,0,0,0,0,0,0.002,0,100,0,17.2,0,0,13,10,0,0,0,"2021_9_18_2"
18.839,18.839,747,160,0,0,2021,9,37,261,18,6,3,1010.7,18.6,18.6,18.1,90,16.9,17.4,6.4,1.61,14.5,18.6,19.2,19.2,18,0,0,0,0,0,0,0,0.002,99.5,0,17.4,0,1,13,10,0,0,0,"2021_9_18_3"
18.695,18.613,747,200,520,270,2021,9,37,261,18,6,3,1010.5,18.4,18.6,18.4,89,16.6,17.2,4.8,1.21,14.5,18.4,19,19,17.8,0,0,0,0,0,0,0,0.001,98.3,0,17.4,0,2,13,10,0,0,0,"2021_9_18_3"
18.47,18.316,1326,169,600,180,2021,9,37,261,18,6,3,1010.3,18.2,18.4,18.2,90,16.5,17,4.8,1.21,11.3,18.2,18.7,18.7,17.5,0,0,0,0,0,0,0.002,0,98,0,17.3,0,3,13,10,0,0,0,"2021_9_18_3"
18.487,18.234,1326,191,794,221,2021,9,37,261,18,6,3,1010.3,18.2,18.2,18.1,89,16.3,16.9,4.8,1.21,14.5,18.2,18.7,18.7,17.5,0,0,0,0,0,0,0.002,0,97.3,0,17.3,0,4,13,11,0,0,0,"2021_9_18_3"
18.292,18.047,1660,9,2340,0,2021,9,37,261,18,6,4,1010.3,18,18.2,18,89,16.2,16.8,4.8,1.21,9.7,18,18.5,18.5,17.3,0,0,0,0,0,0.03,0.003,0,97.1,0,17.1,0,5,13,10,0,0,0,"2021_9_18_4"
18.039,17.742,1660,351,2397,347,2021,9,37,261,18,6,4,1010.4,17.8,18,17.8,90,16.1,16.7,3.2,0.8,6.4,17.8,18.3,18.3,17.1,0,0,0,0,0,0,0.006,0,97,0,16.9,0,6,12,11,0,0,0,"2021_9_18_4"
17.72,17.466,1072,14,1740,0,2021,9,37,261,18,6,4,1010.4,17.6,17.8,17.6,90,16,16.5,3.2,0.8,9.7,17.6,18.1,18.1,16.8,0,0,0,0,0,0,0.008,0,97.6,0,16.6,0,7,12,11,0,0,0,"2021_9_18_4"
17.645,17.555,1072,346,1816,343,2021,9,37,261,18,6,4,1010.3,17.5,17.6,17.4,90,15.8,16.4,4.8,1.21,8,17.5,17.9,17.9,16.7,0,0,0,0,0,0,0.009,0,97.8,0,16.6,0,0,12,11,0,0,0,"2021_9_18_4"
17.772,17.772,747,160,0,0,2021,9,37,261,18,6,5,1010.3,17.7,17.7,17.4,89,15.8,16.4,4.8,1.21,11.3,17.7,18.1,18.1,16.8,0,0,0,0,0,0.03,0.007,0,97.6,0,16.7,0,1,12,10,0,0,0,"2021_9_18_5"
17.861,17.855,747,200,520,270,2021,9,37,261,18,6,5,1010.3,17.7,17.7,17.7,89,15.8,16.4,4.8,1.21,9.7,17.7,18.1,18.1,16.8,0,0,0,0,0,0,0.007,0,98,0,16.8,0,2,12,11,0,0,0,"2021_9_18_5"
18.118,18.004,1326,169,600,180,2021,9,37,261,18,6,5,1010.6,18.1,18.1,17.7,88,16.1,16.7,4.8,1.21,14.5,18.1,18.6,18.6,17.3,0,0,0,0,0,0,0.002,0,96.6,0,17,0,3,13,9,0,0,0,"2021_9_18_5"
18.359,18.002,1326,191,794,221,2021,9,37,261,18,6,5,1010.4,18.3,18.3,18.1,86,15.9,16.7,6.4,1.61,14.5,18.3,18.8,18.8,17.5,0,0,0,0,0,0,0,0,94.4,0,17.1,0,4,13,11,0,0,0,"2021_9_18_5"
18.405,17.989,1660,9,2340,0,2021,9,37,261,18,6,6,1010.1,18.3,18.3,18.2,86,15.9,16.7,6.4,1.61,16.1,18.3,18.7,18.7,17.4,0,0,0,0,0,0.03,0.001,0,92.9,0,17.1,0,5,13,10,0,0,0,"2021_9_18_6"
18.641,18.111,1660,351,2397,347,2021,9,37,261,18,6,6,1010.2,18.5,18.5,18.3,85,15.9,16.8,6.4,1.61,14.5,18.5,18.9,18.9,17.7,0,0,0,0,0,0,0,0.002,91,0,17.4,0,6,13,11,0,0,0,"2021_9_18_6"
18.573,18.123,1072,14,1740,0,2021,9,37,261,18,6,6,1010.2,18.5,18.6,18.4,85,15.9,16.8,6.4,1.61,12.9,18.5,18.9,18.9,17.7,0,0,0,0,0,0,0,0.002,91.4,0,17.4,0,7,12,11,0,0,0,"2021_9_18_6"
18.601,17.961,1072,346,1816,343,2021,9,37,261,18,6,6,1010.4,18.4,18.5,18.4,85,15.9,16.7,4.8,1.21,12.9,18.4,18.9,18.9,17.6,0,0,0,0,0,0,0,0.001,92.2,0,17.4,0,0,13,11,0,0,0,"2021_9_18_6"
18.637,18.637,747,160,0,0,2021,9,37,261,18,6,7,1010.5,18.6,18.6,18.4,84,15.8,16.7,6.4,1.61,14.5,18.6,19,19,17.7,0,0,0,0,0,0.03,0,0.002,91.5,0,17.4,0,1,13,12,0,0,0,"2021_9_18_7"
18.735,18.608,747,200,520,270,2021,9,37,261,18,6,7,1010.6,18.6,18.6,18.6,84,15.9,16.7,4.8,1.21,9.7,18.6,19,19,17.8,0,0,3,0.06,5,0,0,0.003,91.3,0,17.6,0,2,13,11,0,0,0,"2021_9_18_7"
18.729,18.548,1326,169,600,180,2021,9,37,261,18,6,7,1010.8,18.6,18.7,18.6,83,15.7,16.6,3.2,0.8,8,18.6,19,19,17.9,0,0,7,0.15,11,0,0,0.003,92.8,0,17.6,0,3,13,10,0,0,0,"2021_9_18_7"
18.729,18.449,1326,191,794,221,2021,9,37,261,18,6,7,1010.9,18.7,18.8,18.6,86,16.3,17,1.6,0.4,3.2,18.7,19.2,19.2,18.5,0,0,9,0.19,12,0,0,0.003,92.3,0,17.6,0,4,4,11,0,0,0,"2021_9_18_7"
18.702,18.353,1660,9,2340,0,2021,9,37,261,18,6,8,1011,18.6,18.7,18.5,86,16.2,16.9,3.2,0.8,6.4,18.6,19,19,18.6,0,0,20,0.43,32,0.03,0,0.002,92.6,1,17.7,0,5,4,0,0,0,0,"2021_9_18_8"
18.953,18.723,1660,351,2397,347,2021,9,37,261,18,6,8,1011.2,18.7,18.7,18.6,86,16.3,17,3.2,0.8,6.4,18.7,19.2,19.2,19.5,0,0,48,1.03,63,0,0,0.003,93.9,3,18.1,0,6,4,0,0,0,0,"2021_9_18_8"
19.573,19.366,1072,14,1740,0,2021,9,37,261,18,6,8,1011.2,19.1,19.1,18.7,85,16.5,17.3,3.2,0.8,8,19.1,19.6,19.6,20.4,0,0,70,1.51,81,0,0,0.008,89.7,3,18.4,0,7,4,0,0,0,0,"2021_9_18_8"
20.248,20.1,1072,346,1816,343,2021,9,37,261,18,6,8,1011.7,19.7,19.7,19.1,83,16.7,17.6,4.8,1.21,9.7,19.7,20.3,20.3,22.2,0,0,126,2.71,181,0,0,0.014,86.6,4,19.2,0,0,4,11,0,0,0,"2021_9_18_8"
20.323,20.323,747,160,0,0,2021,9,37,261,18,6,9,1011.1,19.9,19.9,19.7,80,16.3,17.4,8,2.01,12.9,19.9,20.5,20.5,21.6,0,0,93,2,149,0.05,0,0.016,82.4,3,19.3,0,1,4,0,0,0,0,"2021_9_18_9"
20.493,20.469,747,200,520,270,2021,9,37,261,18,6,9,1011.2,20,20,19.8,80,16.4,17.5,6.4,1.61,14.5,20,20.6,20.6,21.9,0,0,106,2.28,134,0,0,0.017,82,5,19.5,0,2,4,0,0,0,0,"2021_9_18_9"
21.296,20.828,1326,169,600,180,2021,9,37,261,18,6,9,1011.9,20.5,20.5,20,79,16.7,17.9,6.4,1.61,16.1,20.5,21.2,21.2,23.8,0,0,187,4.02,308,0,0,0.023,79.7,12,20.6,0,3,4,0,0,0,0,"2021_9_18_9"
22.824,23.091,1326,191,794,221,2021,9,37,261,18,6,9,1011.9,21.2,21.2,20.5,75,16.6,17.9,8,2.01,16.1,21.2,21.6,21.6,25.5,0,0,284,6.11,385,0,0,0.03,72.4,10,21.3,0,4,12,0,0,0,0,"2021_9_18_9"
22.639,22.414,1660,9,2340,0,2021,9,37,261,18,6,10,1011.9,21.4,21.4,21.2,72,16.1,17.6,9.7,2.41,17.7,21.4,21.7,21.7,25.1,0,0,259,5.57,471,0.15,0,0.032,71.1,7,21.8,0,5,12,11,0,0,0,"2021_9_18_10"
22.709,22.92,1660,351,2397,347,2021,9,37,261,18,6,10,1011.9,21.6,21.6,21.3,72,16.3,17.8,9.7,2.41,17.7,21.6,21.9,21.9,25.7,0,0,301,6.47,515,0,0,0.034,67.5,20,22.8,0,6,13,10,0,0,0,"2021_9_18_10"
25.043,25.737,1072,14,1740,0,2021,9,37,261,18,6,10,1011.8,22.4,22.4,21.6,69,16.4,18.1,9.7,2.41,19.3,22.4,22.7,22.7,28.3,0,0,470,10.11,568,0,0,0.042,65.3,12,23.5,0,7,13,12,0,0,0,"2021_9_18_10"
23.421,23.364,1072,346,1816,343,2021,9,37,261,18,6,10,1011.8,22.2,22.4,22.2,68,16,17.8,8,2.01,16.1,22.2,22.5,22.5,25.7,0,0,276,5.94,417,0,0,0.041,65.3,10,22.6,0,0,13,10,0,0,0,"2021_9_18_10"
23.15,23.15,747,160,0,0,2021,9,37,261,18,6,11,1011.6,22.1,22.3,22.1,66,15.5,17.3,8,2.01,14.5,22.1,22.2,22.2,24.9,0,0,237,5.1,302,0.23,0,0.039,66.5,12,22.6,0,1,13,11,0,0,0,"2021_9_18_11"
24.039,24.925,747,200,520,270,2021,9,37,261,18,6,11,1012.6,22.7,22.7,22.1,64,15.5,17.5,9.7,2.41,17.7,22.7,22.9,22.9,27.1,0,0,370,7.96,687,0,0,0.045,58,23,24.4,0,2,13,0,0,0,0,"2021_9_18_11"
25.937,24.531,1326,169,600,180,2021,9,37,261,18,6,11,1012,23.3,23.4,22.7,64,16.1,18,8,2.01,17.7,23.3,23.7,23.7,29.1,0,0,512,11.01,671,0,0,0.052,59.9,21,25.4,0,3,13,11,0,0,0,"2021_9_18_11"
26.446,26.012,1326,191,794,221,2021,9,37,261,18,6,11,1011.7,23.6,23.7,23.3,63,16.2,18.1,8,2.01,16.1,23.6,24,24,29.7,0,0,549,11.81,671,0,0,0.055,58.3,14,25.6,0,4,13,11,0,0,0,"2021_9_18_11"
25.113,24.714,1660,9,2340,0,2021,9,37,261,18,6,12,1011.8,23.3,23.6,23.2,63,15.8,17.8,8,2.01,17.7,23.3,23.6,23.6,28,0,0,403,8.67,531,0.33,0,0.052,59.7,23,24.7,0,5,12,12,0,0,0,"2021_9_18_12"
25.805,26.25,1660,351,2397,347,2021,9,37,261,18,6,12,1012.1,23.9,23.9,23.3,63,16.5,18.4,8,2.01,17.7,23.9,24.3,24.3,29.9,0,0,552,11.87,803,0,0,0.058,54.7,22,26.1,0,6,12,12,0,0,0,"2021_9_18_12"
26.842,27.41,1072,14,1740,0,2021,9,37,261,18,6,12,1011.8,24.1,24.2,23.9,63,16.6,18.5,8,2.01,14.5,24.1,24.4,24.4,29.8,0,0,525,11.29,823,0,0,0.06,57.1,23,26.3,0,7,13,11,0,0,0,"2021_9_18_12"
26.813,27.926,1072,346,1816,343,2021,9,37,261,18,6,12,1012.2,24.3,24.3,24.1,63,16.8,18.8,8,2.01,16.1,24.3,24.7,24.7,30.7,0,0,603,12.97,752,0,0,0.063,54.5,15,26.7,0,0,13,10,0,0,0,"2021_9_18_12"
25.806,25.806,747,160,0,0,2021,9,37,261,18,6,13,1011.4,24,24.6,23.9,64,16.8,18.7,8,2.01,14.5,24,24.4,24.4,28.8,0,0,416,8.95,749,0.38,0,0.059,56.9,20,26.2,0,1,4,10,0,0,0,"2021_9_18_13"
27.608,28.032,747,200,520,270,2021,9,37,261,18,6,13,1012.1,24.3,24.3,24,62,16.5,18.5,6.4,1.61,16.1,24.3,24.6,24.6,29.9,0,0,515,11.08,772,0,0,0.062,54.1,18,27.3,0,2,4,0,0,0,0,"2021_9_18_13"
26.428,25.41,1326,169,600,180,2021,9,37,261,18,6,13,1011.8,24.4,24.4,24.2,61,16.4,18.5,6.4,1.61,16.1,24.4,24.8,24.8,30,0,0,503,10.82,788,0,0,0.064,57.5,24,27.9,0,3,4,0,0,0,0,"2021_9_18_13"
28.164,27.704,1326,191,794,221,2021,9,37,261,18,6,13,1011.9,25.1,25.1,24.4,60,16.7,18.8,6.4,1.61,14.5,25.1,25.3,25.3,31.5,0,0,643,13.83,770,0,0,0.07,52.3,20,28.5,0,4,13,10,0,0,0,"2021_9_18_13"
28.467,28.416,1660,9,2340,0,2021,9,37,261,18,6,14,1011.7,25.3,25.3,24.9,61,17.3,19.3,6.4,1.61,14.5,25.3,25.7,25.7,32.1,0,0,676,14.54,775,0.41,0,0.073,50.8,21,30.7,0,5,13,11,0,0,0,"2021_9_18_14"
29.148,28.867,1660,351,2397,347,2021,9,37,261,18,6,14,1011.4,25.7,25.7,25.3,61,17.6,19.6,6.4,1.61,12.9,25.7,26.1,26.1,32.5,0,0,681,14.65,722,0,0,0.076,47.5,34,31.4,0,6,11,10,0,0,0,"2021_9_18_14"
27.659,27.916,1072,14,1740,0,2021,9,37,261,18,6,14,1011.1,25.4,25.8,25.4,61,17.4,19.4,6.4,1.61,14.5,25.4,25.9,25.9,32,0,0,614,13.21,721,0,0,0.074,48.6,28,29.9,0,7,10,0,0,0,0,"2021_9_18_14"
28.264,27.265,1072,346,1816,343,2021,9,37,261,18,6,14,1011.1,25.7,25.9,25.4,58,16.8,19,4.8,1.21,16.1,25.7,26,26,32.3,0,0,679,14.61,758,0,0,0.076,55.4,32,30.1,0,0,4,11,0,0,0,"2021_9_18_14"
28.467,28.467,747,160,0,0,2021,9,37,261,18,6,15,1011,26.2,26.2,25.7,57,17,19.2,3.2,0.8,6.4,26.2,26.6,26.6,32.9,0,0,641,13.79,649,0.43,0,0.082,51.4,16,29.8,0,1,12,11,0,0,0,"2021_9_18_15"
28.555,27.855,747,200,520,270,2021,9,37,261,18,6,15,1010.9,26.2,26.3,25.9,58,17.3,19.4,3.2,0.8,9.7,26.2,26.6,26.6,32.1,0,0,493,10.6,708,0,0,0.082,53.2,44,28.3,0,2,12,10,0,0,0,"2021_9_18_15"
28.867,28.386,1326,169,600,180,2021,9,37,261,18,6,15,1009.9,26.3,26.6,26.2,60,17.9,19.9,4.8,1.21,9.7,26.3,26.8,26.8,32.7,0,0,529,11.38,715,0,0,0.083,51.7,34,30,0,3,11,9,0,0,0,"2021_9_18_15"
26.62,26.125,1326,191,794,221,2021,9,37,261,18,6,15,1010,25.9,26.3,25.9,58,17,19.2,3.2,0.8,9.7,25.9,26.3,26.3,30.8,0,0,372,8,575,0,0,0.079,55.9,9,26.8,0,4,13,11,0,0,0,"2021_9_18_15"
26.5,28.103,1660,9,2340,0,2021,9,37,261,18,6,16,1010.9,25.8,26,25.6,61,17.7,19.7,3.2,0.8,9.7,25.8,26.3,26.3,30.6,0,0,343,7.38,552,0.3,0,0.078,59.5,30,27.6,0,5,13,11,0,0,0,"2021_9_18_16"
28.219,27.923,1660,351,2397,347,2021,9,37,261,18,6,16,1010.3,26.7,26.7,25.8,58,17.7,19.8,3.2,0.8,11.3,26.7,27.2,27.2,33.1,0,0,493,10.6,517,0,0,0.087,53.9,28,27.7,0,6,11,0,0,0,0,"2021_9_18_16"
28.354,28.571,1072,14,1740,0,2021,9,37,261,18,6,16,1010,26.5,26.7,26.5,58,17.6,19.7,4.8,1.21,12.9,26.5,27,27,32.8,0,0,461,9.92,478,0,0,0.085,55,21,27.4,0,7,13,12,0,0,0,"2021_9_18_16"
27.659,27.236,1072,346,1816,343,2021,9,37,261,18,6,16,1009.8,26.4,26.6,26.3,60,18,20,4.8,1.21,11.3,26.4,27,27,32.6,0,0,417,8.97,441,0,0,0.084,63.5,12,26.4,0,0,11,10,0,0,0,"2021_9_18_16"
27.799,27.799,747,160,0,0,2021,9,37,261,18,6,17,1009.5,26.5,26.7,26.4,57,17.3,19.5,3.2,0.8,11.3,26.5,27,27,32.2,0,0,368,7.92,381,0.3,0,0.085,60.6,10,26.1,0,1,11,0,0,0,0,"2021_9_18_17"
27.521,26.858,747,200,520,270,2021,9,37,261,18,6,17,1009.3,26.3,26.5,26.3,60,17.9,19.9,3.2,0.8,11.3,26.3,26.9,26.9,32,0,0,337,7.25,353,0,0,0.083,60.1,8,25.8,0,2,13,10,0,0,0,"2021_9_18_17"
27.91,28.29,1326,169,600,180,2021,9,37,261,18,6,17,1009.6,26.3,26.3,26.3,60,17.9,19.9,3.2,0.8,9.7,26.3,26.8,26.8,31.3,0,0,281,6.04,309,0,0,0.083,59.8,7,25.4,0,3,11,12,0,0,0,"2021_9_18_17"
26.959,25.474,1326,191,794,221,2021,9,37,261,18,6,17,1009.3,26.1,26.3,26.1,62,18.3,20.2,3.2,0.8,8,26.1,26.8,26.8,30.8,0,0,238,5.12,246,0,0,0.081,64.2,9,24.9,0,4,13,12,0,0,0,"2021_9_18_17"
26.311,25.372,1660,9,2340,0,2021,9,37,261,18,6,18,1009.2,25.8,26.1,25.8,61,17.7,19.7,3.2,0.8,8,25.8,26.4,26.4,29.7,0,0,194,4.17,211,0.2,0,0.078,68.2,5,24.5,0,5,11,10,0,0,0,"2021_9_18_18"
25.557,24.363,1660,351,2397,347,2021,9,37,261,18,6,18,1009.2,25.6,25.8,25.6,63,18,19.9,3.2,0.8,6.4,25.6,26.1,26.1,28.6,0,0,138,2.97,172,0,0,0.075,68.1,4,23.9,0,6,13,0,0,0,0,"2021_9_18_18"
24.944,23.782,1072,14,1740,0,2021,9,37,261,18,6,18,1009.1,25.1,25.6,25.1,65,18.1,19.8,1.6,0.4,6.4,25.1,25.7,25.7,27.4,0,0,99,2.13,116,0,0,0.071,69.2,2,23.5,0,7,13,10,0,0,0,"2021_9_18_18"
24.131,23.246,1072,346,1816,343,2021,9,37,261,18,6,18,1009.1,24.6,25.1,24.6,66,17.8,19.6,1.6,0.4,6.4,24.6,25.2,25.2,26,0,0,61,1.31,77,0,0,0.065,72.3,1,22.8,0,0,13,12,0,0,0,"2021_9_18_18"
23.115,23.115,747,160,0,0,2021,9,37,261,18,6,19,1009.1,23.8,24.6,23.8,68,17.5,19.2,1.6,0.4,4.8,23.8,24.4,24.4,23.6,0,0,28,0.6,44,0.08,0,0.057,77.4,0,22.1,0,1,13,12,0,0,0,"2021_9_18_19"
22.081,21.96,747,200,520,270,2021,9,37,261,18,6,19,1009,23.1,23.8,23.1,72,17.7,19.2,1.6,0.4,3.2,23.1,23.7,23.7,22.7,0,0,9,0.19,16,0,0,0.049,80.8,0,21.2,0,2,11,10,0,0,0,"2021_9_18_19"
21.352,21.361,1326,169,600,180,2021,9,37,261,18,6,19,1009.1,22.3,23.1,22.3,74,17.5,18.8,1.6,0.4,11.3,22.3,22.9,22.9,21.8,0,0,0,0,0,0,0,0.042,80,0,20.7,0,3,11,11,0,0,0,"2021_9_18_19"
21.778,21.36,1326,191,794,221,2021,9,37,261,18,6,19,1009.2,22.3,22.4,22.3,75,17.7,19,3.2,0.8,9.7,22.3,23,23,21.8,0,0,0,0,0,0,0,0.042,81.6,0,20.7,0,4,12,11,0,0,0,"2021_9_18_19"
21.751,21.443,1660,9,2340,0,2021,9,37,261,18,6,20,1009.5,22.3,22.3,22.3,78,18.3,19.4,3.2,0.8,6.4,22.3,23,23,21.9,0,0,0,0,0,0.03,0,0.041,80.5,0,21,0,5,12,0,0,0,0,"2021_9_18_20"
21.903,21.525,1660,351,2397,347,2021,9,37,261,18,6,20,1009.6,22.2,22.3,22.2,79,18.4,19.4,4.8,1.21,9.7,22.2,23,23,21.9,0,0,0,0,0,0,0,0.04,81.7,0,20.9,0,6,4,11,0,0,0,"2021_9_18_20"
21.761,21.498,1072,14,1740,0,2021,9,37,261,18,6,20,1009.9,22.1,22.2,22.1,80,18.5,19.5,4.8,1.21,12.9,22.1,22.9,22.9,21.9,0,0,0,0,0,0,0,0.039,84.3,0,20.8,0,7,4,0,0,0,0,"2021_9_18_20"
21.498,21.118,1072,346,1816,343,2021,9,37,261,18,6,20,1010.1,21.7,22.1,21.7,82,18.5,19.4,1.6,0.4,4.8,21.7,22.6,22.6,21.5,0,0,0,0,0,0,0,0.035,86.3,0,20.6,0,0,12,11,0,0,0,"2021_9_18_20"
21.467,21.467,747,160,0,0,2021,9,37,261,18,6,21,1010.4,21.4,21.7,21.4,84,18.6,19.4,3.2,0.8,6.4,21.4,22.4,22.4,21.3,0,0,0,0,0,0.03,0,0.032,88.9,0,20.6,0,1,13,0,0,0,0,"2021_9_18_21"
21.394,21.384,747,200,520,270,2021,9,37,261,18,6,21,1010.4,21.3,21.5,21.3,85,18.7,19.5,3.2,0.8,9.7,21.3,22.3,22.3,21.2,0,0,0,0,0,0,0,0.031,89.8,0,20.5,0,2,13,10,0,0,0,"2021_9_18_21"
21.228,21.269,1326,169,600,180,2021,9,37,261,18,6,21,1010.4,21.2,21.3,21.2,86,18.8,19.5,3.2,0.8,9.7,21.2,22.2,22.2,21.1,0,0,0,0,0,0,0,0.03,91,0,20.4,0,3,12,10,0,0,0,"2021_9_18_21"
21.067,20.915,1326,191,794,221,2021,9,37,261,18,6,21,1010.5,21.1,21.3,21.1,87,18.9,19.5,3.2,0.8,6.4,21.1,22.1,22.1,21.1,0,0,0,0,0,0,0,0.029,92.9,0,20.4,0,4,13,11,0,0,0,"2021_9_18_21"
21.206,21.008,1660,9,2340,0,2021,9,37,261,18,6,22,1010.7,21.1,21.1,21.1,86,18.7,19.4,3.2,0.8,9.7,21.1,22.1,22.1,21,0,0,0,0,0,0.03,0,0.029,90.8,0,20.4,0,5,13,10,0,0,0,"2021_9_18_22"
21.236,20.98,1660,351,2397,347,2021,9,37,261,18,6,22,1010.6,21.2,21.2,21.1,85,18.5,19.3,3.2,0.8,6.4,21.2,22.1,22.1,21,0,0,0,0,0,0,0,0.03,91.9,0,20.2,0,6,13,10,0,0,0,"2021_9_18_22"
20.765,20.673,1072,14,1740,0,2021,9,37,261,18,6,22,1010.6,20.7,21.2,20.7,88,18.7,19.3,1.6,0.4,4.8,20.7,21.8,21.8,20.7,0.6,4.6,0,0,0,0,0,0.025,95.7,0,19.9,0,7,12,10,0,0,0,"2021_9_18_22"
20.479,20.461,1072,346,1816,343,2021,9,37,261,18,6,22,1010.5,20.4,20.8,20.4,89,18.6,19.1,1.6,0.4,4.8,20.4,21.5,21.5,20.5,0.2,1.6,0,0,0,0,0,0.022,97.1,0,19.7,0,0,12,11,0,0,0,"2021_9_18_22"
20.271,20.271,747,160,0,0,2021,9,37,261,18,6,23,1010.4,20.2,20.4,20.2,91,18.7,19.1,1.6,0.4,4.8,20.2,21.3,21.3,20.2,0.6,6,0,0,0,0.03,0,0.019,98.7,0,19.4,0,1,12,0,0,0,0,"2021_9_18_23"
20.004,20.254,747,200,520,270,2021,9,37,261,18,6,23,1010.2,19.9,20.2,19.9,91,18.4,18.9,3.2,0.8,4.8,19.9,21,21,19.9,0,0.8,0,0,0,0,0,0.017,99.5,0,19.4,0,2,13,0,0,0,0,"2021_9_18_23"
20.033,20.115,1326,169,600,180,2021,9,37,261,18,6,23,1010.8,19.8,19.9,19.8,92,18.5,18.9,0,0,3.2,19.8,20.9,20.9,19.8,0,0,0,0,0,0,0,0.016,100,0,19.4,0,3,9,11,0,0,0,"2021_9_18_23"
20.076,20.125,1326,191,794,221,2021,9,37,261,18,6,23,1010.7,19.8,19.8,19.8,92,18.4,18.8,1.6,0.4,4.8,19.8,20.8,20.8,19.7,0,0,0,0,0,0,0,0.015,100,0,19.2,0,4,12,11,0,0,0,"2021_9_18_23"
19.891,19.887,1660,9,2340,0,2021,9,37,262,19,7,0,1010.5,19.8,19.8,19.8,91,18.3,18.8,4.8,1.21,12.9,19.8,20.8,20.8,19.7,0,0,0,0,0,0,0,0.016,99.9,0,19,0,5,4,0,0,0,0,"2021_9_19_0"
19.765,19.799,1660,351,2397,347,2021,9,37,262,19,7,0,1010.8,19.6,19.8,19.6,92,18.3,18.7,3.2,0.8,11.3,19.6,20.6,20.6,19.5,0,0,0,0,0,0,0,0.013,100,0,18.9,0,6,12,0,0,0,0,"2021_9_19_0"
19.768,19.61,1072,14,1740,0,2021,9,37,262,19,7,0,1010.6,19.7,19.7,19.6,91,18.2,18.6,8,2.01,16.1,19.7,20.6,20.6,19.5,0,0,0,0,0,0,0,0.014,99.2,0,18.8,0,7,4,0,0,0,0,"2021_9_19_0"
19.462,19.484,1072,346,1816,343,2021,9,37,262,19,7,0,1010.5,19.3,19.7,19.3,92,18,18.4,6.4,1.61,14.5,19.3,20.2,20.2,19.1,0,0,0,0,0,0,0,0.01,99.9,0,18.6,0,0,12,0,0,0,0,"2021_9_19_0"
19.248,19.248,747,160,0,0,2021,9,37,262,19,7,1,1010.6,19.1,19.3,19.1,92,17.8,18.2,6.4,1.61,12.9,19.1,20,20,18.8,0,0,0,0,0,0.03,0,0.008,99.5,0,18.4,0,1,4,0,0,0,0,"2021_9_19_1"
19.251,19.285,747,200,520,270,2021,9,37,262,19,7,1,1010.7,18.9,19.1,18.9,92,17.6,18,3.2,0.8,11.3,18.9,19.7,19.7,18.6,0,0,0,0,0,0,0,0.006,99.3,0,18.4,0,2,4,0,0,0,0,"2021_9_19_1"
18.979,18.992,1326,169,600,180,2021,9,37,262,19,7,1,1010.5,18.8,19,18.8,92,17.5,17.9,6.4,1.61,12.9,18.8,19.6,19.6,18.5,0,0,0,0,0,0,0,0.005,98.8,0,18.1,0,3,4,0,0,0,0,"2021_9_19_1"
18.846,18.799,1326,191,794,221,2021,9,37,262,19,7,1,1010.5,18.7,18.8,18.7,91,17.2,17.7,4.8,1.21,11.3,18.7,19.4,19.4,18.3,0,0,0,0,0,0,0,0.004,99.2,0,18,0,4,12,11,0,0,0,"2021_9_19_1"
18.909,18.894,1660,9,2340,0,2021,9,37,262,19,7,2,1010.4,18.7,18.8,18.7,91,17.2,17.7,3.2,0.8,9.7,18.7,19.4,19.4,18.3,0,0,0,0,0,0,0,0.004,99.6,0,18.1,0,5,13,11,0,0,0,"2021_9_19_2"
18.756,18.806,1660,351,2397,347,2021,9,37,262,19,7,2,1010.3,18.7,18.7,18.6,92,17.3,17.8,3.2,0.8,8,18.7,19.4,19.4,18.3,0,0,0,0,0,0,0,0.003,100,0,17.9,0,6,11,9,0,0,0,"2021_9_19_2"
18.705,18.811,1072,14,1740,0,2021,9,37,262,19,7,2,1010.5,18.6,18.7,18.6,93,17.4,17.8,3.2,0.8,4.8,18.6,19.3,19.3,18.2,0,0,0,0,0,0,0,0.002,100,0,17.9,0,7,10,9,0,0,0,"2021_9_19_2"
18.812,18.649,1072,346,1816,343,2021,9,37,262,19,7,2,1010.3,18.6,18.6,18.6,92,17.3,17.7,3.2,0.8,6.4,18.6,19.3,19.3,18.2,0,0,0,0,0,0,0,0.003,100,0,17.9,0,0,11,12,0,0,0,"2021_9_19_2"
18.567,18.567,747,160,0,0,2021,9,37,262,19,7,3,1010.2,18.4,18.6,18.4,93,17.2,17.6,1.6,0.4,4.8,18.4,19.1,19.1,18,0,0,0,0,0,0,0,0.001,100,0,17.8,0,1,11,10,0,0,0,"2021_9_19_3"
18.485,18.553,747,200,520,270,2021,9,37,262,19,7,3,1010.2,18.3,18.4,18.3,94,17.4,17.7,1.6,0.4,4.8,18.3,19.1,19.1,17.9,0,0,0,0,0,0,0,0,100,0,17.6,0,2,11,12,0,0,0,"2021_9_19_3"
18.553,18.552,1326,169,600,180,2021,9,37,262,19,7,3,1010.1,18.4,18.4,18.3,94,17.4,17.7,1.6,0.4,3.2,18.4,19.1,19.1,18,0,0,0,0,0,0,0,0.001,100,0,17.8,0,3,13,12,0,0,0,"2021_9_19_3"
18.794,18.701,1326,191,794,221,2021,9,37,262,19,7,3,1010.1,18.6,18.6,18.3,95,17.7,18,0,0,3.2,18.6,19.4,19.4,18.2,0,0,0,0,0,0,0,0.002,100,0,17.9,0,4,9,14,0,0,0,"2021_9_19_3"
18.808,18.834,1660,9,2340,0,2021,9,37,262,19,7,4,1009.9,18.5,18.6,18.5,94,17.5,17.8,0,0,1.6,18.5,19.3,19.3,18.1,0,0,0,0,0,0,0,0.002,100,0,17.9,0,5,9,15,0,0,0,"2021_9_19_4"
18.872,18.869,1660,351,2397,347,2021,9,37,262,19,7,4,1009.9,18.4,18.5,18.4,95,17.6,17.9,1.6,0.4,3.2,18.4,19.2,19.2,18.1,0,0,0,0,0,0,0,0.001,100,0,18,0,6,12,11,0,0,0,"2021_9_19_4"
18.883,18.666,1072,14,1740,0,2021,9,37,262,19,7,4,1009.7,18.4,18.4,18.4,96,17.8,18,1.6,0.4,3.2,18.4,19.3,19.3,18.2,0,0,0,0,0,0,0,0.001,100,0,18,0,7,3,0,0,0,0,"2021_9_19_4"
18.665,18.775,1072,346,1816,343,2021,9,37,262,19,7,4,1009.3,18.4,18.4,18.4,95,17.6,17.8,3.2,0.8,6.4,18.4,19.2,19.2,18,0,0,0,0,0,0,0,0.001,100,0,18,0,0,13,10,0,0,0,"2021_9_19_4"
18.762,18.762,747,160,0,0,2021,9,37,262,19,7,5,1009.3,18.4,18.4,18.3,93,17.2,17.6,3.2,0.8,6.4,18.4,19.1,19.1,18,0,0,0,0,0,0,0,0.001,100,0,17.7,0,1,13,11,0,0,0,"2021_9_19_5"
18.662,18.649,747,200,520,270,2021,9,37,262,19,7,5,1009.4,18.4,18.4,18.4,93,17.3,17.7,1.6,0.4,4.8,18.4,19.2,19.2,18,0,0,0,0,0,0,0,0.001,100,0,17.7,0,2,13,12,0,0,0,"2021_9_19_5"
18.626,18.607,1326,169,600,180,2021,9,37,262,19,7,5,1009.4,18.4,18.5,18.3,94,17.4,17.7,1.6,0.4,3.2,18.4,19.1,19.1,18,0,0,0,0,0,0,0,0.001,100,0,17.7,0,3,3,11,0,0,0,"2021_9_19_5"
18.472,18.588,1326,191,794,221,2021,9,37,262,19,7,5,1009.3,18.3,18.4,18.3,94,17.4,17.7,3.2,0.8,6.4,18.3,19.1,19.1,17.9,0,0,0,0,0,0,0,0,100,0,17.6,0,4,4,11,0,0,0,"2021_9_19_5"
18.516,18.528,1660,9,2340,0,2021,9,37,262,19,7,6,1009.2,18.4,18.4,18.3,93,17.2,17.6,1.6,0.4,4.8,18.4,19.1,19.1,18,0,0,0,0,0,0,0,0.001,100,0,17.6,0,5,12,11,0,0,0,"2021_9_19_6"
18.574,18.616,1660,351,2397,347,2021,9,37,262,19,7,6,1009.3,18.4,18.5,18.4,93,17.3,17.7,1.6,0.4,4.8,18.4,19.2,19.2,18,0,0,0,0,0,0,0,0.001,100,0,17.8,0,6,12,0,0,0,0,"2021_9_19_6"
18.573,18.638,1072,14,1740,0,2021,9,37,262,19,7,6,1009.2,18.5,18.6,18.4,93,17.3,17.7,3.2,0.8,11.3,18.5,19.2,19.2,18.1,0,0,0,0,0,0,0,0.002,100,0,17.7,0,7,12,10,0,0,0,"2021_9_19_6"
18.568,18.549,1072,346,1816,343,2021,9,37,262,19,7,6,1009,18.5,18.6,18.5,93,17.3,17.7,4.8,1.21,9.7,18.5,19.2,19.2,18.1,0,0,0,0,0,0,0,0.002,100,0,17.7,0,0,12,10,0,0,0,"2021_9_19_6"
18.606,18.606,747,160,0,0,2021,9,37,262,19,7,7,1009.3,18.5,18.6,18.5,92,17.2,17.6,4.8,1.21,9.7,18.5,19.2,19.2,18,0,0,0,0,0,0,0,0.002,100,0,17.6,0,1,12,11,0,0,0,"2021_9_19_7"
18.663,18.674,747,200,520,270,2021,9,37,262,19,7,7,1009.6,18.6,18.6,18.5,92,17.2,17.7,4.8,1.21,11.3,18.6,19.3,19.3,18.2,0,0,3,0.06,12,0,0,0.002,100,0,17.8,0,2,12,10,0,0,0,"2021_9_19_7"
18.934,18.8,1326,169,600,180,2021,9,37,262,19,7,7,1009.7,18.8,18.8,18.6,91,17.3,17.8,4.8,1.21,12.9,18.8,19.5,19.5,18.6,0,0,18,0.39,21,0,0,0.005,100,1,17.9,0,3,12,10,0,0,0,"2021_9_19_7"
19.05,18.946,1326,191,794,221,2021,9,37,262,19,7,7,1009.7,18.9,18.9,18.7,90,17.2,17.7,6.4,1.61,14.5,18.9,19.6,19.6,19.4,0,0,25,0.54,32,0,0,0.006,100,1,18.1,0,4,12,0,0,0,0,"2021_9_19_7"
19.472,19.368,1660,9,2340,0,2021,9,37,262,19,7,8,1009.8,19.2,19.2,18.9,90,17.5,18.1,8,2.01,16.1,19.2,20,20,20.4,0,0,46,0.99,54,0.03,0,0.009,98.8,3,18.5,0,5,13,0,0,0,0,"2021_9_19_8"
19.888,19.997,1660,351,2397,347,2021,9,37,262,19,7,8,1010.1,19.6,19.6,19.2,89,17.7,18.3,8,2.01,17.7,19.6,20.5,20.5,21.7,0,0,85,1.83,165,0,0,0.013,96.1,8,19.2,0,6,13,10,0,0,0,"2021_9_19_8"
21.285,22.181,1072,14,1740,0,2021,9,37,262,19,7,8,1010.2,20.5,20.5,19.7,85,17.9,18.7,9.7,2.41,16.1,20.5,21.5,21.5,24.9,0,0,193,4.15,213,0,0,0.023,87.8,6,20.5,0,7,13,10,0,0,0,"2021_9_19_8"
20.698,20.598,1072,346,1816,343,2021,9,37,262,19,7,8,1009.2,20.3,20.7,20.3,85,17.7,18.5,9.7,2.41,17.7,20.3,21.2,21.2,22.7,0.2,0,108,2.32,202,0,0,0.02,90,2,19.7,0,0,13,11,0,0,0,"2021_9_19_8"
20.375,20.375,747,160,0,0,2021,9,37,262,19,7,9,1009.5,20,20.3,19.9,86,17.6,18.3,8,2.01,16.1,20,20.8,20.8,21.5,0,0,71,1.53,90,0.08,0,0.017,91.1,4,19.5,0,1,13,10,0,0,0,"2021_9_19_9"
21.166,21.448,747,200,520,270,2021,9,37,262,19,7,9,1010,20.3,20.3,19.9,86,17.9,18.6,6.4,1.61,14.5,20.3,21.2,21.2,23.1,0,0,134,2.88,265,0,0,0.02,90.5,4,20,0,2,13,10,0,0,0,"2021_9_19_9"
21.212,20.968,1326,169,600,180,2021,9,37,262,19,7,9,1010.2,20.7,20.7,20.3,84,17.9,18.7,8,2.01,16.1,20.7,21.6,21.6,23.7,0,0,152,3.27,232,0,0,0.024,84.8,7,21,0,3,13,10,0,0,0,"2021_9_19_9"
21.654,22.076,1326,191,794,221,2021,9,37,262,19,7,9,1009.8,20.9,21,20.7,81,17.6,18.5,9.7,2.41,20.9,20.9,21.7,21.7,24.4,0,0,195,4.19,390,0,0,0.027,79.8,5,20.9,0,4,13,0,0,0,0,"2021_9_19_9"
22.514,21.704,1660,9,2340,0,2021,9,37,262,19,7,10,1009.4,21.3,21.3,20.9,77,17.1,18.3,9.7,2.41,19.3,21.3,21.9,21.9,25.1,0,0,242,5.21,424,0.13,0,0.031,77.4,12,21.6,0,5,13,10,0,0,0,"2021_9_19_10"
23.988,23.648,1660,351,2397,347,2021,9,37,262,19,7,10,1010.1,22.2,22.2,21.3,73,17.1,18.5,9.7,2.41,22.5,22.2,22.7,22.7,28.2,0,0,449,9.66,501,0,0,0.04,70.8,21,23.2,0,6,13,10,0,0,0,"2021_9_19_10"
23.475,23.8383,1072,14,1740,0,2021,9,37,262,19,7,10,1009.5,21.8,22.3,21.8,73,16.8,18.2,12.9,3.22,22.5,21.3,22.3,21.8,26,0,0,358,7.7,601,0,0,0.036,70.8,14,22.4,0,7,13,10,0,0,0,"2021_9_19_10"
24.302,24.694,1072,346,1816,343,2021,9,37,262,19,7,10,1009.7,22.3,22.3,21.8,71,16.8,18.3,11.3,2.82,20.9,22.3,22.8,22.8,26.7,0,0,337,7.25,429,0,0,0.042,67.7,16,23.5,0,0,13,11,0,0,0,"2021_9_19_10"
24.184,24.184,747,160,0,0,2021,9,37,262,19,7,11,1010,22.8,22.8,22.3,70,17,18.6,11.3,2.82,19.3,22.8,23.3,23.3,27.6,0,0,378,8.13,520,0.28,0,0.046,63.6,12,23.5,0,1,13,10,0,0,0,"2021_9_19_11"
22.628,22.7,747,200,520,270,2021,9,37,262,19,7,11,1009.2,21.9,22.8,21.9,72,16.7,18.2,11.3,2.82,27.4,21.9,22.3,22.3,24.1,0,0,177,3.81,283,0,0,0.038,70.8,3,21.7,0,2,13,11,0,0,0,"2021_9_19_11"
21.545,21.452,1326,169,600,180,2021,9,37,262,19,7,11,1009.6,21.4,21.9,21.4,74,16.6,17.9,8,2.01,17.7,21.4,21.8,21.8,21.7,0,0,56,1.2,88,0,0,0.032,75.4,2,20.5,0,3,12,11,0,0,0,"2021_9_19_11"
20.656,20.551,1326,191,794,221,2021,9,37,262,19,7,11,1009.5,20.5,21.4,20.5,78,16.5,17.7,8,2.01,20.9,20.5,21.2,21.2,21,0.2,0,51,1.1,56,0,0,0.023,82.8,2,19.5,0,4,12,0,0,0,0,"2021_9_19_11"
19.813,19.871,1660,9,2340,0,2021,9,37,262,19,7,12,1009.8,19.6,20.4,19.6,83,16.6,17.5,6.4,1.61,14.5,19.6,20.2,20.2,20.3,0,0,69,1.48,86,0.08,0,0.013,86.6,4,19.2,0,5,12,10,0,0,0,"2021_9_19_12"
20.031,20.434,1660,351,2397,347,2021,9,37,262,19,7,12,1009.8,19.4,19.6,19.4,84,16.7,17.5,6.4,1.61,14.5,19.4,20.1,20.1,20.5,0,0,95,2.04,107,0,0,0.012,86.3,6,19.4,0,6,13,12,0,0,0,"2021_9_19_12"
20.713,21.515,1072,14,1740,0,2021,9,37,262,19,7,12,1009.4,19.6,19.6,19.4,85,17,17.8,8,2.01,17.7,19.6,20.2,20.2,22.1,0.6,4.4,192,4.13,251,0,0,0.013,84.9,12,20.4,0,7,13,10,0,0,0,"2021_9_19_12"
20.859,21.342,1072,346,1816,343,2021,9,37,262,19,7,12,1009.4,19.7,19.7,19.6,84,16.9,17.7,6.4,1.61,12.9,19.7,20.4,20.4,22.1,0,0.8,189,4.07,243,0,0,0.014,86.1,5,20.2,0,0,13,0,0,0,0,"2021_9_19_12"
20.071,20.071,747,160,0,0,2021,9,37,262,19,7,13,1009.4,19.6,19.7,19.5,84,16.8,17.6,8,2.01,16.1,19.6,20.2,20.2,21,0,0,122,2.62,186,0.1,0,0.013,88.9,10,19.9,0,1,11,10,0,0,0,"2021_9_19_13"
22.014,22.691,747,200,520,270,2021,9,37,262,19,7,13,1009.4,20.1,20.1,19.6,85,17.5,18.2,8,2.01,17.7,20.1,20.9,20.9,23.4,0,0,249,5.36,301,0,0,0.018,83.6,21,21.7,0,2,11,12,0,0,0,"2021_9_19_13"
23.366,23.151,1326,169,600,180,2021,9,37,262,19,7,13,1009.1,20.8,20.8,20.1,82,17.6,18.5,9.7,2.41,22.5,20.8,21.6,21.6,26.1,0,0,422,9.08,626,0,0,0.025,73.8,10,22.8,0,3,11,0,0,0,0,"2021_9_19_13"
21.461,21.625,1326,191,794,221,2021,9,37,262,19,7,13,1008.6,20.4,20.8,20.4,81,17.1,18.1,8,2.01,19.3,20.4,21.2,21.2,22.5,0,0,153,3.29,229,0,0,0.022,79.7,3,20.7,0,4,11,9,0,0,0,"2021_9_19_13"
20.716,20.656,1660,9,2340,0,2021,9,37,262,19,7,14,1008.5,20.2,20.4,20.2,83,17.2,18.1,6.4,1.61,16.1,20.2,20.9,20.9,21.4,0,0,93,2,109,0.15,0,0.019,86.1,5,19.9,0,5,13,11,0,0,0,"2021_9_19_14"
20.202,20.387,1660,351,2397,347,2021,9,37,262,19,7,14,1007.9,19.6,20.2,19.6,86,17.1,17.9,8,2.01,16.1,19.6,20.3,20.3,20.9,0.4,1.2,107,2.3,116,0,0,0.013,88.7,5,19.5,0,6,13,9,0,0,0,"2021_9_19_14"
20.204,20.927,1072,14,1740,0,2021,9,37,262,19,7,14,1007.9,19.4,19.6,19.4,89,17.6,18.2,8,2.01,16.1,19.4,20.3,20.3,21,0.2,1.2,112,2.41,148,0,0,0.012,90.3,8,19.8,0,7,11,12,0,0,0,"2021_9_19_14"
20.403,20.749,1072,346,1816,343,2021,9,37,262,19,7,14,1007.9,19.6,19.6,19.4,87,17.3,18,6.4,1.61,16.1,19.6,20.3,20.3,21.4,0,0,134,2.88,153,0,0,0.013,89.3,7,19.8,0,0,11,10,0,0,0,"2021_9_19_14"
20.784,20.784,747,160,0,0,2021,9,37,262,19,7,15,1008.2,19.9,19.9,19.6,87,17.7,18.3,8,2.01,16.1,19.9,20.7,20.7,23.3,0,0,237,5.1,835,0.1,0,0.016,78.5,47,23,0,1,11,14,0,0,0,"2021_9_19_15"
22.633,22.935,747,200,520,270,2021,9,37,262,19,7,15,1008.5,20.8,20.9,19.9,82,17.6,18.6,9.7,2.41,19.3,20.8,21.7,21.7,25.9,0,0,363,7.81,791,0,0,0.026,73.4,7,22.2,0,2,13,9,0,0,0,"2021_9_19_15"
21.612,21.378,1326,169,600,180,2021,9,37,262,19,7,15,1007,20.4,20.8,20.4,81,17.1,18.1,11.3,2.82,17.7,20.4,21.2,21.2,23.4,0,0,204,4.39,260,0,0,0.022,76.2,18,21.2,0,3,11,9,0,0,0,"2021_9_19_15"
21.117,21.021,1326,191,794,221,2021,9,37,262,19,7,15,1006.6,20.3,20.4,20.3,80,16.8,17.8,11.3,2.82,20.9,20.3,21,21,23,0,0,180,3.87,220,0,0,0.021,77.5,5,20.6,0,4,11,10,0,0,0,"2021_9_19_15"
20.491,20.26,1660,9,2340,0,2021,9,37,262,19,7,16,1006.7,20.2,20.3,20.2,80,16.6,17.7,8,2.01,17.7,20.2,20.8,20.8,20.9,0,0,60,1.29,114,0.15,0,0.019,82,2,19.6,0,5,13,12,0,0,0,"2021_9_19_16"
19.819,19.99,1660,351,2397,347,2021,9,37,262,19,7,16,1006.5,19.3,20.2,19.3,85,16.7,17.5,8,2.01,16.1,19.3,20,20,20.5,0.8,4.8,82,1.76,172,0,0,0.01,87.3,5,19.1,0,6,13,11,0,0,0,"2021_9_19_16"
20.896,24.57,1072,14,1740,0,2021,9,37,262,19,7,16,1008.5,19.8,19.8,19.2,86,17.4,18.1,9.7,2.41,17.7,19.8,20.6,20.6,24.9,0.2,3,323,6.95,587,0,0,0.015,84.3,29,21.5,0,7,13,11,0,0,0,"2021_9_19_16"
22.85,24.33,1072,346,1816,343,2021,9,37,262,19,7,16,1008.4,20.7,20.7,19.8,83,17.7,18.6,11.3,2.82,19.3,20.7,21.6,21.6,28,0,0,548,11.79,608,0,0,0.025,76.8,14,22.3,0,0,13,12,0,0,0,"2021_9_19_16"
22.193,22.193,747,160,0,0,2021,9,37,262,19,7,17,1006.9,21,21,20.7,81,17.6,18.6,11.3,2.82,20.9,21,21.8,21.8,27.3,0,0,442,9.51,462,0.23,0,0.028,79.5,13,21.9,0,1,13,10,0,0,0,"2021_9_19_17"
22.175,22.33,747,200,520,270,2021,9,37,262,19,7,17,1006.4,21,21.2,20.9,81,17.6,18.6,11.3,2.82,24.1,21,21.8,21.8,27.1,0,0,400,8.6,455,0,0,0.028,77.5,13,21.5,0,2,13,10,0,0,0,"2021_9_19_17"
21.507,21.709,1326,169,600,180,2021,9,37,262,19,7,17,1005.9,20.6,21,20.6,81,17.2,18.2,11.3,2.82,19.3,20.6,21.4,21.4,25.9,0,0,291,6.26,417,0,0,0.024,77.5,10,21.3,0,3,13,12,0,0,0,"2021_9_19_17"
22.425,21.842,1326,191,794,221,2021,9,37,262,19,7,17,1006.6,21.2,21.2,20.6,80,17.6,18.6,8,2.01,19.3,21.2,21.9,21.9,26.7,0,0,307,6.6,378,0,0,0.03,79,12,21.2,0,4,11,12,0,0,0,"2021_9_19_17"
21.651,21.767,1660,9,2340,0,2021,9,37,262,19,7,18,1006.6,21.1,21.2,21.1,79,17.3,18.4,9.7,2.41,20.9,21.1,21.8,21.8,26.1,0,0,256,5.51,304,0.2,0,0.029,79.8,6,21,0,5,13,12,0,0,0,"2021_9_19_18"
21.203,21.176,1660,351,2397,347,2021,9,37,262,19,7,18,1006,21,21.2,20.9,80,17.4,18.5,8,2.01,20.9,21,21.7,21.7,24.6,0,0,160,3.44,220,0,0,0.028,81.4,4,20.4,0,6,13,10,0,0,0,"2021_9_19_18"
20.451,20.156,1072,14,1740,0,2021,9,37,262,19,7,18,1005.2,20.3,21,20.3,81,16.9,17.9,8,2.01,16.1,20.3,21,21,21.8,0,0,65,1.4,142,0,0,0.02,83.2,0,19.3,0,7,13,10,0,0,0,"2021_9_19_18"
19.647,19.381,1072,346,1816,343,2021,9,37,262,19,7,18,1005.6,19.5,20.3,19.5,83,16.5,17.4,6.4,1.61,12.9,19.5,20.1,20.1,19.7,0,0,17,0.37,21,0,0,0.012,85.9,0,18.6,0,0,13,12,0,0,0,"2021_9_19_18"
19.233,19.233,747,160,0,0,2021,9,37,262,19,7,19,1006.2,19.1,19.4,19.1,84,16.3,17.2,8,2.01,16.1,19.1,19.6,19.6,18.6,0,0,9,0.19,12,0.05,0,0.008,84,0,18.2,0,1,13,1,0,0,0,"2021_9_19_19"
18.311,18.204,747,200,520,270,2021,9,37,262,19,7,19,1006,17.9,19.1,17.9,89,16.1,16.7,16.1,4.02,45.1,16.7,18.4,17.1,16.2,1.6,37,4,0.09,7,0,0.004,0,95.6,0,17.3,0,2,8,7,0,0,0,"2021_9_19_19"
17.9,17.959,1326,169,600,180,2021,9,37,262,19,7,19,1006.2,17.9,18.1,17.8,89,16.1,16.7,9.7,2.41,20.9,17.9,18.4,18.4,17.3,0.4,10.2,2,0.04,7,0,0.004,0,98,0,17,0,3,10,12,0,0,0,"2021_9_19_19"
17.702,17.775,1326,191,794,221,2021,9,37,262,19,7,19,1006,17.7,17.9,17.7,90,16.1,16.6,4.8,1.21,14.5,17.7,18.2,18.2,17.1,0,0,0,0,0,0,0.006,0,98.7,0,16.8,0,4,4,0,0,0,0,"2021_9_19_19"
17.506,17.329,1660,9,2340,0,2021,9,37,262,19,7,20,1006.2,17.4,17.7,17.4,91,15.9,16.4,1.6,0.4,6.4,17.4,17.8,17.8,16.7,0,0,0,0,0,0.03,0.01,0,99.8,0,16.6,0,5,4,10,0,0,0,"2021_9_19_20"
17.253,17.287,1660,351,2397,347,2021,9,37,262,19,7,20,1006.6,17.2,17.4,17.2,92,15.9,16.3,3.2,0.8,6.4,17.2,17.7,17.7,16.5,0,0,0,0,0,0,0.012,0,100,0,16.3,0,6,15,15,0,0,0,"2021_9_19_20"
16.759,16.702,1072,14,1740,0,2021,9,37,262,19,7,20,1006.5,16.8,17.2,16.8,93,15.7,16.1,1.6,0.4,3.2,16.8,17.3,17.3,16.1,0,0,0,0,0,0,0.016,0,100,0,15.8,0,7,7,12,0,0,0,"2021_9_19_20"
16.305,16.336,1072,346,1816,343,2021,9,37,262,19,7,20,1006.2,16.4,16.8,16.4,93,15.3,15.7,0,0,1.6,16.4,16.8,16.8,15.6,0,0,0,0,0,0,0.02,0,100,0,15.4,0,0,9,6,0,0,0,"2021_9_19_20"
16.018,16.018,747,160,0,0,2021,9,37,262,19,7,21,1006.3,15.9,16.4,15.9,94,14.9,15.3,0,0,3.2,15.9,16.2,16.2,15,0,0,0,0,0,0,0.025,0,100,0,15.2,0,1,9,5,0,0,0,"2021_9_19_21"
15.783,15.806,747,200,520,270,2021,9,37,262,19,7,21,1006.4,15.8,15.9,15.7,95,15,15.3,0,0,0,15.8,16.1,16.1,14.9,0,0,0,0,0,0,0.027,0,100,0,15,0,2,9,8,0,0,0,"2021_9_19_21"
15.423,15.505,1326,169,600,180,2021,9,37,262,19,7,21,1006.4,15.6,15.8,15.6,95,14.8,15.1,0,0,3.2,15.6,15.9,15.9,14.8,0,0,0,0,0,0,0.028,0,100,0,14.8,0,3,9,3,0,0,0,"2021_9_19_21"
15.437,15.591,1326,191,794,221,2021,9,37,262,19,7,21,1006.6,15.6,15.7,15.6,95,14.8,15,1.6,0.4,4.8,15.6,15.9,15.9,14.7,0,0,0,0,0,0,0.029,0,100,0,14.7,0,4,14,9,0,0,0,"2021_9_19_21"
15.445,15.376,1660,9,2340,0,2021,9,37,262,19,7,22,1006.3,15.3,15.6,15.3,95,14.5,14.8,0,0,3.2,15.3,15.6,15.6,14.4,0,0,0,0,0,0,0.032,0,100,0,14.5,0,5,9,15,0,0,0,"2021_9_19_22"
15.048,15.212,1660,351,2397,347,2021,9,37,262,19,7,22,1006.7,15.1,15.3,15.1,95,14.3,14.6,0,0,1.6,15.1,15.4,15.4,14.2,0,0,0,0,0,0,0.034,0,100,0,14.2,0,6,9,14,0,0,0,"2021_9_19_22"
14.862,14.716,1072,14,1740,0,2021,9,37,262,19,7,22,1006.9,14.9,15.1,14.8,96,14.3,14.5,0,0,3.2,14.9,15.3,15.3,14.1,0,0,0,0,0,0,0.035,0,100,0,14,0,7,9,14,0,0,0,"2021_9_19_22"
14.723,14.747,1072,346,1816,343,2021,9,37,262,19,7,22,1006.7,14.5,14.9,14.4,95,13.7,14,1.6,0.4,4.8,14.5,14.7,14.7,13.5,0,0,0,0,0,0,0.04,0,100,0,13.9,0,0,14,1,0,0,0,"2021_9_19_22"
14.705,14.705,747,160,0,0,2021,9,37,262,19,7,23,1006.9,14.3,14.5,14.3,96,13.6,13.9,0,0,3.2,14.3,14.5,14.5,13.3,0,0,0,0,0,0,0.042,0,100,0,13.7,0,1,9,3,0,0,0,"2021_9_19_23"
14.337,14.55,747,200,520,270,2021,9,37,262,19,7,23,1007.1,14.4,14.4,14.2,96,13.8,14,0,0,3.2,14.4,14.7,14.7,13.4,0,0,0,0,0,0,0.041,0,100,0,13.6,0,2,9,3,0,0,0,"2021_9_19_23"
14.211,14.4,1326,169,600,180,2021,9,37,262,19,7,23,1007.1,14.3,14.4,14.2,95,13.5,13.8,1.6,0.4,3.2,14.3,14.5,14.5,13.2,0,0,0,0,0,0,0.042,0,100,0,13.4,0,3,15,15,0,0,0,"2021_9_19_23"
13.849,14.084,1326,191,794,221,2021,9,37,262,19,7,23,1007.2,14,14.2,14,94,13,13.4,0,0,3.2,14,14.2,14.2,12.9,0,0,0,0,0,0,0.045,0,100,0,13.2,0,4,9,15,0,0,0,"2021_9_19_23"
13.706,14.053,1660,9,2340,0,2021,9,38,263,20,1,0,1007.2,13.7,14,13.7,95,12.9,13.2,0,0,1.6,13.7,13.9,13.9,12.6,0,0,0,0,0,0,0.048,0,100,0,12.9,0,5,9,15,0,0,0,"2021_9_20_0"
13.682,13.93,1660,351,2397,347,2021,9,38,263,20,1,0,1007.7,13.6,13.8,13.6,96,13,13.2,0,0,3.2,13.6,13.8,13.8,12.6,0,0,0,0,0,0,0.049,0,100,0,12.9,0,6,9,15,0,0,0,"2021_9_20_0"
13.841,13.589,1072,14,1740,0,2021,9,38,263,20,1,0,1008.2,13.7,13.7,13.6,96,13.1,13.3,1.6,0.4,3.2,13.7,13.9,13.9,12.7,0,0,0,0,0,0,0.048,0,100,0,13.1,0,7,16,7,0,0,0,"2021_9_20_0"
13.993,14.108,1072,346,1816,343,2021,9,38,263,20,1,0,1008.3,13.8,13.8,13.7,96,13.2,13.4,0,0,1.6,13.8,14.1,14.1,12.8,0,0,0,0,0,0,0.047,0,100,0,13.2,0,0,9,16,0,0,0,"2021_9_20_0"
14.292,14.292,747,160,0,0,2021,9,38,263,20,1,1,1008.8,14.1,14.1,13.8,97,13.6,13.8,1.6,0.4,4.8,14.1,14.3,14.3,13.1,0,0,0,0,0,0,0.045,0,100,0,13.3,0,1,16,16,0,0,0,"2021_9_20_1"
14.206,14.357,747,200,520,270,2021,9,38,263,20,1,1,1008.4,13.9,14.1,13.9,96,13.3,13.6,0,0,0,13.9,14.2,14.2,12.9,0,0,0,0,0,0,0.046,0,100,0,13.2,0,2,9,8,0,0,0,"2021_9_20_1"
13.778,13.897,1326,169,600,180,2021,9,38,263,20,1,1,1008.3,13.8,13.9,13.8,96,13.2,13.4,0,0,3.2,13.8,14,14,12.7,0,0,0,0,0,0,0.047,0,100,0,13,0,3,9,9,0,0,0,"2021_9_20_1"
13.904,13.988,1326,191,794,221,2021,9,38,263,20,1,1,1008,13.5,13.8,13.5,96,12.9,13.1,0,0,3.2,13.5,13.7,13.7,12.4,0,0,0,0,0,0,0.05,0,100,0,12.9,0,4,9,12,0,0,0,"2021_9_20_1"
13.583,13.637,1660,9,2340,0,2021,9,38,263,20,1,2,1007.8,13.1,13.5,13.1,95,12.3,12.6,1.6,0.4,4.8,13.1,13.3,13.3,12,0,0,0,0,0,0,0.054,0,100,0,12.7,0,5,3,13,0,0,0,"2021_9_20_2"
13.536,13.565,1660,351,2397,347,2021,9,38,263,20,1,2,1007.8,12.9,13.2,12.8,96,12.3,12.6,0,0,1.6,12.9,13.2,13.2,11.9,0,0,0,0,0,0,0.056,0,100,0,12.6,0,6,9,13,0,0,0,"2021_9_20_2"
13.332,13.037,1072,14,1740,0,2021,9,38,263,20,1,2,1008.3,12.8,13,12.8,96,12.2,12.5,1.6,0.4,4.8,12.8,13,13,11.7,0,0,0,0,0,0,0.057,0,100,0,12.4,0,7,3,13,0,0,0,"2021_9_20_2"
13.454,13.364,1072,346,1816,343,2021,9,38,263,20,1,2,1008.2,12.9,12.9,12.7,97,12.4,12.6,0,0,1.6,12.9,13.1,13.1,11.9,0,0,0,0,0,0,0.057,0,100,0,12.4,0,0,9,13,0,0,0,"2021_9_20_2"
13.052,13.052,747,160,0,0,2021,9,38,263,20,1,3,1008.9,13.3,13.3,12.9,98,13,13.1,1.6,0.4,6.4,13.3,13.6,13.6,12.4,0,0,0,0,0,0,0.052,0,100,0,12.3,0,1,7,5,0,0,0,"2021_9_20_3"
13.055,13.139,747,200,520,270,2021,9,38,263,20,1,3,1008.6,13.4,13.4,13.3,97,12.9,13.1,0,0,1.6,13.4,13.6,13.6,12.4,0,0,0,0,0,0,0.052,0,100,0,12,0,2,9,6,0,0,0,"2021_9_20_3"
12.898,13.014,1326,169,600,180,2021,9,38,263,20,1,3,1008.5,13.1,13.4,13.1,97,12.6,12.8,1.6,0.4,3.2,13.1,13.3,13.3,12,0,0,0,0,0,0,0.055,0,100,0,11.9,0,3,10,9,0,0,0,"2021_9_20_3"
12.927,13.156,1326,191,794,221,2021,9,38,263,20,1,3,1008.5,12.7,13.1,12.7,97,12.3,12.4,1.6,0.4,4.8,12.7,13,13,11.7,0,0,0,0,0,0,0.058,0,100,0,12.1,0,4,13,11,0,0,0,"2021_9_20_3"
12.957,12.85,1660,9,2340,0,2021,9,38,263,20,1,4,1008.3,12.6,12.7,12.6,97,12.1,12.3,0,0,3.2,12.6,12.9,12.9,11.5,0,0,0,0,0,0,0.06,0,100,0,12.1,0,5,9,12,0,0,0,"2021_9_20_4"
13.008,13.002,1660,351,2397,347,2021,9,38,263,20,1,4,1008.3,12.3,12.7,12.3,96,11.7,11.9,1.6,0.4,4.8,12.3,12.5,12.5,11.1,0,0,0,0,0,0,0.063,0,100,0,12,0,6,0,13,0,0,0,"2021_9_20_4"
12.938,12.615,1072,14,1740,0,2021,9,38,263,20,1,4,1008.3,12.5,12.5,12.3,97,12,12.2,1.6,0.4,3.2,12.5,12.7,12.7,11.4,0,0,0,0,0,0,0.061,0,100,0,11.9,0,7,3,2,0,0,0,"2021_9_20_4"
12.739,12.567,1072,346,1816,343,2021,9,38,263,20,1,4,1008.3,12.6,12.6,12.4,97,12.1,12.3,1.6,0.4,3.2,12.6,12.8,12.8,11.5,0,0,0,0,0,0,0.06,0,100,0,11.7,0,0,7,6,0,0,0,"2021_9_20_4"
12.27,12.27,747,160,0,0,2021,9,38,263,20,1,5,1008.1,12.2,12.6,12.1,96,11.5,11.8,0,0,3.2,12.2,12.4,12.4,11,0,0,0,0,0,0,0.064,0,100,0,11.5,0,1,9,9,0,0,0,"2021_9_20_5"
11.927,12.148,747,200,520,270,2021,9,38,263,20,1,5,1008.2,11.8,12.1,11.8,96,11.2,11.4,1.6,0.4,3.2,11.8,12,12,10.6,0,0,0,0,0,0,0.068,0,100,0,11.2,0,2,13,12,0,0,0,"2021_9_20_5"
11.993,12.158,1326,169,600,180,2021,9,38,263,20,1,5,1008.5,11.7,11.8,11.6,97,11.3,11.4,1.6,0.4,3.2,11.7,12,12,10.6,0,0,0,0,0,0,0.069,0,100,0,11.2,0,3,10,12,0,0,0,"2021_9_20_5"
11.748,11.945,1326,191,794,221,2021,9,38,263,20,1,5,1008.5,11.7,11.8,11.6,97,11.2,11.4,0,0,3.2,11.7,11.9,11.9,10.6,0,0,0,0,0,0,0.069,0,100,0,11,0,4,9,11,0,0,0,"2021_9_20_5"
11.752,11.722,1660,9,2340,0,2021,9,38,263,20,1,6,1008.7,11.5,11.7,11.5,97,11,11.2,0,0,3.2,11.5,11.7,11.7,10.4,0,0,0,0,0,0,0.071,0,100,0,10.8,0,5,9,15,0,0,0,"2021_9_20_6"
11.649,11.921,1660,351,2397,347,2021,9,38,263,20,1,6,1009.2,11.4,11.5,11.3,97,11,11.2,1.6,0.4,4.8,11.4,11.7,11.7,10.3,0,0,0,0,0,0,0.072,0,100,0,10.8,0,6,6,1,0,0,0,"2021_9_20_6"
11.722,11.546,1072,14,1740,0,2021,9,38,263,20,1,6,1009.2,11.7,11.7,11.4,98,11.4,11.5,0,0,3.2,11.7,11.9,11.9,10.6,0,0,0,0,0,0,0.069,0,100,0,10.7,0,7,9,0,0,0,0,"2021_9_20_6"
12.066,12.237,1072,346,1816,343,2021,9,38,263,20,1,6,1009.7,12.1,12.1,11.7,98,11.7,11.9,0,0,3.2,12.1,12.3,12.3,11,0,0,0,0,0,0,0.065,0,100,0,11.1,0,0,9,0,0,0,0,"2021_9_20_6"
12.174,12.174,747,160,0,0,2021,9,38,263,20,1,7,1009.9,12.4,12.4,12,98,12.1,12.2,0,0,3.2,12.4,12.7,12.7,11.4,0,0,2,0.04,9,0,0.062,0,100,0,11.3,0,1,9,0,0,0,0,"2021_9_20_7"
12.313,12.511,747,200,520,270,2021,9,38,263,20,1,7,1009.8,12.2,12.4,12.2,97,11.8,11.9,0,0,3.2,12.2,12.5,12.5,11.3,0,0,15,0.32,18,0,0.064,0,100,0,11.4,0,2,9,14,0,0,0,"2021_9_20_7"
12.284,12.341,1326,169,600,180,2021,9,38,263,20,1,7,1010.1,12.1,12.3,12.1,97,11.6,11.8,0,0,4.8,12.1,12.3,12.3,11.2,0,0,21,0.45,25,0,0.065,0,100,1,11.5,0,3,9,3,0,0,0,"2021_9_20_7"
12.588,12.859,1326,191,794,221,2021,9,38,263,20,1,7,1010.2,12.1,12.2,12,97,11.6,11.8,1.6,0.4,3.2,12.1,12.3,12.3,11.9,0,0,23,0.49,26,0,0.065,0,100,1,11.9,0,4,10,12,0,0,0,"2021_9_20_7"
13.508,13.789,1660,9,2340,0,2021,9,38,263,20,1,8,1011.3,12.6,12.6,12.1,98,12.3,12.4,0,0,1.6,12.6,12.9,12.9,13.2,0,0,49,1.05,74,0.03,0.06,0,100,2,12.9,0,5,9,9,0,0,0,"2021_9_20_8"
14.939,15.142,1660,351,2397,347,2021,9,38,263,20,1,8,1012,13.6,13.6,12.6,98,13.3,13.4,0,0,3.2,13.6,13.9,13.9,15.3,0,0,99,2.13,121,0,0.049,0,100,3,14,0,6,9,9,0,0,0,"2021_9_20_8"
15.947,16.493,1072,14,1740,0,2021,9,38,263,20,1,8,1012,14.6,14.6,13.6,96,13.9,14.2,1.6,0.4,4.8,14.6,14.8,14.8,17.1,0,0,142,3.05,160,0,0.039,0,100,4,14.8,0,7,11,9,0,0,0,"2021_9_20_8"
16.549,16.874,1072,346,1816,343,2021,9,38,263,20,1,8,1012.5,15.4,15.4,14.5,93,14.3,14.7,1.6,0.4,4.8,15.4,15.6,15.6,18.6,0,0,186,4,207,0,0.031,0,100,4,15.6,0,0,13,12,0,0,0,"2021_9_20_8"
17.952,17.952,747,160,0,0,2021,9,38,263,20,1,9,1012.3,16.3,16.3,15.4,91,14.8,15.3,3.2,0.8,9.7,16.3,16.6,16.6,20.1,0,0,227,4.88,243,0.08,0.021,0,95.9,5,16.5,0,1,13,10,0,0,0,"2021_9_20_9"
18.701,18.956,747,200,520,270,2021,9,38,263,20,1,9,1012.1,17.1,17.1,16.3,91,15.6,16.1,4.8,1.21,9.7,17.1,17.5,17.5,21.4,0,0,263,5.66,279,0,0.013,0,92.6,6,17.6,0,2,13,10,0,0,0,"2021_9_20_9"
20.106,18.996,1326,169,600,180,2021,9,38,263,20,1,9,1012.2,17.7,17.7,17.1,89,15.8,16.4,4.8,1.21,11.3,17.7,18.1,18.1,22.4,0,0,298,6.41,313,0,0.007,0,90.8,8,18.4,0,3,11,12,0,0,0,"2021_9_20_9"
22.063,21.628,1326,191,794,221,2021,9,38,263,20,1,9,1012.3,18.3,18.3,17.7,88,16.3,16.9,4.8,1.21,9.7,18.3,18.8,18.8,23.4,0,0,334,7.18,353,0,0.001,0,85.9,10,19.5,0,4,13,12,0,0,0,"2021_9_20_9"
23.498,20.595,1660,9,2340,0,2021,9,38,263,20,1,10,1012.3,18.8,18.8,18.3,84,16.1,16.9,4.8,1.21,11.3,18.8,19.3,19.3,24.2,0,0,374,8.05,394,0.18,0,0.005,81.3,28,20,0,5,13,0,0,0,0,"2021_9_20_10"
24.739,21.954,1660,351,2397,347,2021,9,38,263,20,1,10,1012.2,19.3,19.4,18.8,84,16.6,17.4,4.8,1.21,12.9,19.3,19.9,19.9,25.2,0,0,418,8.99,439,0,0,0.01,78.9,28,20.9,0,6,4,11,0,0,0,"2021_9_20_10"
24.526,25.084,1072,14,1740,0,2021,9,38,263,20,1,10,1012.6,19.9,19.9,19.4,82,16.7,17.7,4.8,1.21,12.9,19.9,20.6,20.6,26.1,0,0,459,9.87,475,0,0,0.016,75.8,38,21.4,0,7,4,0,0,0,0,"2021_9_20_10"
25.183,24.632,1072,346,1816,343,2021,9,38,263,20,1,10,1012.5,20.3,20.3,19.9,80,16.7,17.8,6.4,1.61,12.9,20.3,21,21,26.5,0,0,471,10.13,517,0,0,0.02,74.1,40,22.3,0,0,4,0,0,0,0,"2021_9_20_10"
25.817,25.817,747,160,0,0,2021,9,38,263,20,1,11,1012.8,20.6,20.6,20.2,78,16.6,17.8,6.4,1.61,14.5,20.6,21.3,21.3,27.1,0,0,532,11.44,545,0.28,0,0.024,70.5,14,22.6,0,1,4,0,0,0,0,"2021_9_20_11"
26.14,28.752,747,200,520,270,2021,9,38,263,20,1,11,1012.5,20.9,21.1,20.6,78,17,18.1,6.4,1.61,16.1,20.9,21.6,21.6,27.6,0,0,575,12.37,603,0,0,0.027,67.1,14,23.2,0,2,4,11,0,0,0,"2021_9_20_11"
27.23,24.421,1326,169,600,180,2021,9,38,263,20,1,11,1012.1,21.1,21.1,20.9,75,16.5,17.8,8,2.01,14.5,21.1,21.5,21.5,27.5,0,0,577,12.41,626,0,0,0.028,69.7,15,23.7,0,3,4,11,0,0,0,"2021_9_20_11"
26.573,25.858,1326,191,794,221,2021,9,38,263,20,1,11,1013,21.8,21.8,21.1,72,16.6,18.1,6.4,1.61,12.9,21.8,22.2,22.2,28.3,0,0,617,13.27,629,0,0,0.036,61.6,16,24.1,0,4,4,0,0,0,0,"2021_9_20_11"
27.502,23.881,1660,9,2340,0,2021,9,38,263,20,1,12,1012.7,21.9,21.9,21.8,71,16.4,18,6.4,1.61,14.5,21.9,22.3,22.3,28.5,0,0,640,13.77,654,0.36,0,0.038,61.9,11,24.4,0,5,4,13,0,0,0,"2021_9_20_12"
28.094,26.17,1660,351,2397,347,2021,9,38,263,20,1,12,1013,22.3,22.3,21.9,67,15.9,17.6,6.4,1.61,14.5,22.3,22.5,22.5,28.7,0,0,674,14.5,689,0,0,0.041,57.9,18,25.2,0,6,4,11,0,0,0,"2021_9_20_12"
29.068,26.15,1072,14,1740,0,2021,9,38,263,20,1,12,1013.2,22.6,22.6,22.3,68,16.4,18.1,8,2.01,17.7,22.6,23,23,29.3,0,0,699,15.04,724,0,0,0.045,60.8,7,26,0,7,0,1,0,0,0,"2021_9_20_12"
29.53,26.582,1072,346,1816,343,2021,9,38,263,20,1,12,1012,22.6,22.8,22.4,66,15.9,17.8,8,2.01,16.1,22.6,22.9,22.9,29,0,0,629,13.53,795,0,0,0.045,54.1,11,25.9,0,0,0,13,0,0,0,"2021_9_20_12"
27.444,27.444,747,160,0,0,2021,9,38,263,20,1,13,1012,22.8,22.8,22.7,68,16.6,18.3,8,2.01,19.3,22.8,23.2,23.2,28.7,0,0,541,11.64,796,0.41,0,0.046,58.3,21,24.2,0,1,4,0,0,0,0,"2021_9_20_13"
27.59,27.889,747,200,520,270,2021,9,38,263,20,1,13,1013.2,23.1,23.1,22.5,62,15.4,17.5,6.4,1.61,17.7,23.1,23.3,23.3,27.7,0,0,424,9.12,821,0,0,0.049,51.8,20,25.9,0,2,0,13,0,0,0,"2021_9_20_13"
26.928,25.216,1326,169,600,180,2021,9,38,263,20,1,13,1011.4,22.7,23.3,22.7,60,14.6,16.8,8,2.01,19.3,22.7,22.8,22.8,27.1,0,0,406,8.73,761,0,0,0.046,47.1,5,27.4,0,3,4,13,0,0,0,"2021_9_20_13"
25.295,24.856,1326,191,794,221,2021,9,38,263,20,1,13,1012.8,23.1,23.1,22.7,61,15.1,17.3,8,2.01,16.1,23.1,23.3,23.3,29.1,0,0,602,12.95,775,0,0,0.049,50,20,27.3,0,4,4,11,0,0,0,"2021_9_20_13"
26.051,25.834,1660,9,2340,0,2021,9,38,263,20,1,14,1013.8,23.9,23.9,23.1,61,15.9,18,6.4,1.61,19.3,23.9,24.2,24.2,30.2,0,0,759,16.33,770,0.38,0,0.058,49.4,21,27,0,5,12,11,0,0,0,"2021_9_20_14"
26.555,26.481,1660,351,2397,347,2021,9,38,263,20,1,14,1012.9,24.1,24.2,23.9,58,15.3,17.6,8,2.01,16.1,24.1,24.3,24.3,30.5,0,0,735,15.81,773,0,0,0.06,45.6,18,29,0,6,4,0,0,0,0,"2021_9_20_14"
27.918,25.595,1072,14,1740,0,2021,9,38,263,20,1,14,1012.9,24.1,24.2,24,56,14.8,17.2,8,2.01,17.7,24.1,24.2,24.2,30.4,0,0,705,15.17,717,0,0,0.06,46.5,19,29.8,0,7,4,0,0,0,0,"2021_9_20_14"
28.683,26.559,1072,346,1816,343,2021,9,38,263,20,1,14,1013.3,24.3,24.3,24.1,57,15.3,17.6,6.4,1.61,14.5,24.3,24.5,24.5,30.7,0,0,691,14.86,705,0,0,0.063,44.8,45,29.1,0,0,0,1,0,0,0,"2021_9_20_14"
25.34,25.34,747,160,0,0,2021,9,38,263,20,1,15,1012.2,24.3,24.4,24.3,56,15,17.4,8,2.01,17.7,24.3,24.5,24.5,30.6,0,0,682,14.67,722,0.48,0,0.063,47.8,39,28,0,1,4,0,0,0,0,"2021_9_20_15"
26.521,26.269,747,200,520,270,2021,9,38,263,20,1,15,1012.8,24.6,24.6,24.4,53,14.4,17,6.4,1.61,16.1,24.6,24.7,24.7,30.8,0,0,641,13.79,656,0,0,0.065,43.5,41,28.6,0,2,13,11,0,0,0,"2021_9_20_15"
27.725,26.754,1326,169,600,180,2021,9,38,263,20,1,15,1012.5,24.7,24.8,24.6,54,14.8,17.3,8,2.01,33.8,24.7,24.8,24.8,30.8,0,0,642,13.81,666,0,0,0.067,46.6,35,28.5,0,3,4,3,0,0,0,"2021_9_20_15"
26.602,25.696,1326,191,794,221,2021,9,38,263,20,1,15,1012.1,24.6,24.8,24.5,53,14.3,17,8,2.01,19.3,24.6,24.6,24.6,30.6,0,0,575,12.37,596,0,0,0.065,43.4,35,27.1,0,4,12,11,0,0,0,"2021_9_20_15"
26.705,27.605,1660,9,2340,0,2021,9,38,263,20,1,16,1012.3,24.6,24.7,24.5,52,14,16.7,8,2.01,17.7,24.6,24.6,24.6,30.5,0,0,545,11.72,561,0.43,0,0.065,47.6,30,26.9,0,5,4,0,0,0,0,"2021_9_20_16"
26.565,25.822,1660,351,2397,347,2021,9,38,263,20,1,16,1012.3,24.8,24.8,24.5,53,14.5,17.1,6.4,1.61,14.5,24.8,24.8,24.8,30.7,0,0,509,10.95,526,0,0,0.067,50.2,28,25.9,0,6,4,0,0,0,0,"2021_9_20_16"
26.233,28.329,1072,14,1740,0,2021,9,38,263,20,1,16,1011.8,24.7,24.8,24.7,53,14.4,17.1,8,2.01,17.7,24.7,24.7,24.7,30.4,0,0,467,10.05,490,0,0,0.066,48.6,18,25.4,0,7,4,0,0,0,0,"2021_9_20_16"
25.94,25.559,1072,346,1816,343,2021,9,38,263,20,1,16,1011.8,24.7,24.7,24.6,52,14.2,16.8,8,2.01,19.3,24.7,24.7,24.7,29.9,0,0,400,8.6,439,0,0,0.066,49.1,11,24.9,0,0,4,0,0,0,0,"2021_9_20_16"
25.972,25.972,747,160,0,0,2021,9,38,263,20,1,17,1011.8,24.6,24.7,24.6,51,13.8,16.6,9.7,2.41,17.7,24.6,24.6,24.6,29.8,0,0,389,8.37,410,0.33,0,0.065,48.1,8,24.3,0,1,4,0,0,0,0,"2021_9_20_17"
25.759,25.137,747,200,520,270,2021,9,38,263,20,1,17,1011.5,24.4,24.7,24.4,52,13.9,16.6,8,2.01,16.1,24.4,24.5,24.5,29.2,0,0,321,6.91,366,0,0,0.064,49.8,6,23.8,0,2,4,0,0,0,0,"2021_9_20_17"
25.538,25.674,1326,169,600,180,2021,9,38,263,20,1,17,1012,24.5,24.6,24.4,53,14.3,16.9,6.4,1.61,14.5,24.5,24.5,24.5,29,0,0,287,6.17,313,0,0,0.064,50.1,5,23.4,0,3,12,0,0,0,0,"2021_9_20_17"
25.049,23.901,1326,191,794,221,2021,9,38,263,20,1,17,1011.8,24.2,24.5,24.2,55,14.6,17.1,8,2.01,17.7,24.2,24.3,24.3,28.2,0,0,242,5.21,276,0,0,0.061,55.3,6,23,0,4,12,0,0,0,0,"2021_9_20_17"
23.826,23.156,1660,9,2340,0,2021,9,38,263,20,1,18,1011.5,23.2,24.2,23.2,60,15,17.2,9.7,2.41,17.7,23.2,23.4,23.4,26.2,0,0,164,3.53,229,0.23,0,0.051,56.7,2,22.2,0,5,12,10,0,0,0,"2021_9_20_18"
22.413,22.112,1660,351,2397,347,2021,9,38,263,20,1,18,1012.1,22.3,23.2,22.3,62,14.6,16.8,9.7,2.41,19.3,22.3,22.3,22.3,22.8,0,0,58,1.25,90,0,0,0.041,59.3,2,21.5,0,6,4,13,0,0,0,"2021_9_20_18"
21.897,21.457,1072,14,1740,0,2021,9,38,263,20,1,18,1012.4,21.8,22.3,21.8,63,14.4,16.5,9.7,2.41,17.7,21.8,21.7,21.7,21.9,0,0,42,0.9,62,0,0,0.036,59.2,1,20.9,0,7,12,0,0,0,0,"2021_9_20_18"
21.237,20.619,1072,346,1816,343,2021,9,38,263,20,1,18,1012.6,21.2,21.8,21.2,64,14.1,16.1,6.4,1.61,14.5,21.2,21,21,20.6,0,0,21,0.45,33,0,0,0.03,63,0,20,0,0,12,11,0,0,0,"2021_9_20_18"
20.37,20.37,747,160,0,0,2021,9,38,263,20,1,19,1012.4,20.4,21.2,20.4,67,14.1,16,4.8,1.21,9.7,20.4,20.5,20.5,19.4,0,0,9,0.19,12,0.08,0,0.022,66.8,0,19.1,0,1,13,11,0,0,0,"2021_9_20_19"
19.857,19.859,747,200,520,270,2021,9,38,263,20,1,19,1012.7,19.7,20.4,19.7,68,13.6,15.5,3.2,0.8,6.4,19.7,19.8,19.8,18.5,0,0,1,0.02,5,0,0,0.014,66.4,0,18.5,0,2,13,10,0,0,0,"2021_9_20_19"
19.002,19.042,1326,169,600,180,2021,9,38,263,20,1,19,1012.9,19.1,19.7,19.1,69,13.2,15.1,1.6,0.4,4.8,19.1,19,19,17.7,0,0,0,0,0,0,0,0.008,71.7,0,17.8,0,3,13,10,0,0,0,"2021_9_20_19"
18.5,18.241,1326,191,794,221,2021,9,38,263,20,1,19,1013,18.4,19.1,18.4,72,13.2,14.9,1.6,0.4,6.4,18.4,18.3,18.3,17,0,0,0,0,0,0,0,0.001,70.8,0,17.4,0,4,13,11,0,0,0,"2021_9_20_19"
18.672,18.115,1660,9,2340,0,2021,9,38,263,20,1,20,1013.7,18.3,18.4,18.2,72,13.2,14.9,3.2,0.8,6.4,18.3,18.3,18.3,17,0,0,0,0,0,0.03,0,0,71.7,0,17.5,0,5,13,10,0,0,0,"2021_9_20_20"
18.607,17.98,1660,351,2397,347,2021,9,38,263,20,1,20,1014,18.4,18.5,18.3,71,13.1,14.8,3.2,0.8,9.7,18.4,18.3,18.3,17.1,0,0,0,0,0,0,0,0.001,71.8,0,17.5,0,6,13,10,0,0,0,"2021_9_20_20"
18.603,18.038,1072,14,1740,0,2021,9,38,263,20,1,20,1014.3,18.5,18.6,18.4,74,13.8,15.3,3.2,0.8,6.4,18.5,18.5,18.5,17.3,0,0,0,0,0,0,0,0.002,73,0,17.6,0,7,12,11,0,0,0,"2021_9_20_20"
18.392,18.224,1072,346,1816,343,2021,9,38,263,20,1,20,1014.5,18.3,18.5,18.3,76,14,15.4,3.2,0.8,6.4,18.3,18.4,18.4,17.1,0,0,0,0,0,0,0.001,0,74.7,0,17.5,0,0,4,0,0,0,0,"2021_9_20_20"
18.451,18.451,747,160,0,0,2021,9,38,263,20,1,21,1014.8,18.4,18.4,18.3,75,13.9,15.3,4.8,1.21,14.5,18.4,18.5,18.5,17.2,0,0,0,0,0,0.03,0,0.001,76.1,0,17.6,0,1,12,10,0,0,0,"2021_9_20_21"
18.723,18.684,747,200,520,270,2021,9,38,263,20,1,21,1015,18.6,18.7,18.4,76,14.2,15.6,4.8,1.21,14.5,18.6,18.7,18.7,17.5,0,0,0,0,0,0,0,0.002,78.1,0,17.6,0,2,13,10,0,0,0,"2021_9_20_21"
18.365,18.282,1326,169,600,180,2021,9,38,263,20,1,21,1015.3,18.2,18.6,18.2,79,14.5,15.7,4.8,1.21,11.3,18.2,18.4,18.4,17.2,0,0,0,0,0,0,0.002,0,81.6,0,17.3,0,3,13,11,0,0,0,"2021_9_20_21"
18.047,17.898,1326,191,794,221,2021,9,38,263,20,1,21,1015.6,17.9,18.2,17.9,81,14.6,15.7,6.4,1.61,14.5,17.9,18.2,18.2,17,0,0,0,0,0,0,0.004,0,84.3,0,17.1,0,4,13,10,0,0,0,"2021_9_20_21"
17.964,17.824,1660,9,2340,0,2021,9,38,263,20,1,22,1015.7,17.8,17.9,17.8,82,14.7,15.7,4.8,1.21,11.3,17.8,18.1,18.1,16.9,0,0,0,0,0,0.03,0.005,0,84.8,0,17.1,0,5,13,11,0,0,0,"2021_9_20_22"
17.746,17.691,1660,351,2397,347,2021,9,38,263,20,1,22,1016.1,17.6,17.8,17.6,83,14.7,15.7,4.8,1.21,11.3,17.6,17.8,17.8,16.6,0.2,0,0,0,0,0,0.008,0,87.8,0,16.8,0,6,13,10,0,0,0,"2021_9_20_22"
17.409,17.43,1072,14,1740,0,2021,9,38,263,20,1,22,1016.4,17.3,17.6,17.3,86,14.9,15.7,3.2,0.8,9.7,17.3,17.5,17.5,16.3,0.4,1.6,0,0,0,0,0.011,0,92.4,0,16.5,0,7,12,10,0,0,0,"2021_9_20_22"
17.033,17.283,1072,346,1816,343,2021,9,38,263,20,1,22,1016.4,16.9,17.3,16.9,88,14.9,15.6,3.2,0.8,4.8,16.9,17.2,17.2,16,0.8,4.2,0,0,0,0,0.014,0,94.9,0,16.3,0,0,12,10,0,0,0,"2021_9_20_22"
16.88,16.88,747,160,0,0,2021,9,38,263,20,1,23,1016.5,16.8,16.9,16.8,89,15,15.6,4.8,1.21,9.7,16.8,17.1,17.1,15.9,0.2,1.8,0,0,0,0.03,0.016,0,95.1,0,16.1,0,1,13,10,0,0,0,"2021_9_20_23"
16.778,16.987,747,200,520,270,2021,9,38,263,20,1,23,1016.5,16.7,16.8,16.7,88,14.7,15.4,6.4,1.61,16.1,16.7,17,17,15.8,0.2,1.4,0,0,0,0,0.017,0,94.8,0,15.9,0,2,11,12,0,0,0,"2021_9_20_23"
16.697,16.652,1326,169,600,180,2021,9,38,263,20,1,23,1016.5,16.6,16.7,16.6,87,14.4,15.2,6.4,1.61,12.9,16.6,16.8,16.8,15.6,0.2,1,0,0,0,0,0.018,0,95.2,0,15.7,0,3,11,12,0,0,0,"2021_9_20_23"
16.552,16.442,1326,191,794,221,2021,9,38,263,20,1,23,1016.6,16.4,16.6,16.4,88,14.4,15.1,3.2,0.8,9.7,16.4,16.6,16.6,15.4,0.2,0.8,0,0,0,0,0.02,0,95.9,0,15.6,0,4,13,12,0,0,0,"2021_9_20_23"
16.503,16.521,1660,9,2340,0,2021,9,38,264,21,2,0,1016.6,16.4,16.4,16.4,88,14.4,15.1,4.8,1.21,12.9,16.4,16.6,16.6,15.4,0,0,0,0,0,0.03,0.02,0,96.2,0,15.5,0,5,11,12,0,0,0,"2021_9_21_0"
16.414,16.281,1660,351,2397,347,2021,9,38,264,21,2,0,1016.6,16.2,16.4,16.2,88,14.2,14.9,6.4,1.61,11.3,16.2,16.3,16.3,15.1,0,0,0,0,0,0,0.023,0,96.2,0,15.4,0,6,11,12,0,0,0,"2021_9_21_0"
16.278,16.168,1072,14,1740,0,2021,9,38,264,21,2,0,1017,16.1,16.2,16.1,88,14.1,14.8,6.4,1.61,14.5,16.1,16.3,16.3,15,0,0,0,0,0,0,0.023,0,96.1,0,15.4,0,7,13,11,0,0,0,"2021_9_21_0"
16.466,16.22,1072,346,1816,343,2021,9,38,264,21,2,0,1016.9,16.3,16.3,16.1,86,13.9,14.7,9.7,2.41,19.3,16.2,16.4,16.3,15.1,0,0,0,0,0,0,0.021,0,92.7,0,15.3,0,0,13,10,0,0,0,"2021_9_21_0"
16.432,16.432,747,160,0,0,2021,9,38,264,21,2,1,1016.9,16.2,16.3,16.2,86,13.8,14.6,8,2.01,17.7,16.2,16.3,16.3,15,0,0,0,0,0,0.03,0.023,0,92.7,0,15.3,0,1,13,12,0,0,0,"2021_9_21_1"
16.394,16.39,747,200,520,270,2021,9,38,264,21,2,1,1017.2,16.2,16.3,16.2,85,13.7,14.6,9.7,2.41,17.7,16.1,16.3,16.2,14.9,0,0,0,0,0,0,0.022,0,90.6,0,15.2,0,2,13,10,0,0,0,"2021_9_21_1"
16.257,16.183,1326,169,600,180,2021,9,38,264,21,2,1,1017.3,16.2,16.3,16.1,85,13.6,14.5,6.4,1.61,19.3,16.2,16.2,16.2,15,0,0,0,0,0,0,0.023,0,91.8,0,15.1,0,3,13,0,0,0,0,"2021_9_21_1"
15.958,15.786,1326,191,794,221,2021,9,38,264,21,2,1,1017.5,15.9,16.2,15.9,86,13.6,14.4,3.2,0.8,11.3,15.9,16,16,14.8,0,0,0,0,0,0,0.025,0,93.5,0,14.8,0,4,13,12,0,0,0,"2021_9_21_1"
16.047,15.776,1660,9,2340,0,2021,9,38,264,21,2,2,1017.5,15.9,15.9,15.8,87,13.7,14.5,4.8,1.21,12.9,15.9,16,16,14.7,0,0,0,0,0,0.03,0.025,0,93.5,0,14.8,0,5,13,10,0,0,0,"2021_9_21_2"
16.11,15.807,1660,351,2397,347,2021,9,38,264,21,2,2,1017.9,16.1,16.1,15.8,85,13.5,14.4,8,2.01,16.1,16.1,16.1,16.1,14.9,0,0,0,0,0,0,0.024,0,91.2,0,15,0,6,11,10,0,0,0,"2021_9_21_2"
16.256,15.734,1072,14,1740,0,2021,9,38,264,21,2,2,1017.6,16.1,16.2,16.1,82,13,14.1,9.7,2.41,22.5,15.9,16,15.9,14.6,0,0,0,0,0,0,0.024,0,88.7,0,14.9,0,7,11,9,0,0,0,"2021_9_21_2"
15.915,15.352,1072,346,1816,343,2021,9,38,264,21,2,2,1017.6,15.8,16.1,15.8,81,12.6,13.7,8,2.01,14.5,15.8,15.8,15.8,14.5,0,0,0,0,0,0,0.026,0,87.8,0,14.7,0,0,11,10,0,0,0,"2021_9_21_2"
15.611,15.611,747,160,0,0,2021,9,38,264,21,2,3,1017.5,15.7,15.8,15.6,80,12.2,13.5,6.4,1.61,16.1,15.7,15.6,15.6,14.3,0,0,0,0,0,0.03,0.028,0,86,0,14.3,0,1,11,12,0,0,0,"2021_9_21_3"
15.405,15.391,747,200,520,270,2021,9,38,264,21,2,3,1017.5,15.4,15.6,15.3,80,12,13.2,4.8,1.21,17.7,15.4,15.3,15.3,14,0,0,0,0,0,0,0.031,0,86.7,0,14.1,0,2,13,12,0,0,0,"2021_9_21_3"
15.369,15.266,1326,169,600,180,2021,9,38,264,21,2,3,1017.8,15.3,15.4,15.3,79,11.7,13,4.8,1.21,14.5,15.3,15.2,15.2,13.9,0,0,0,0,0,0,0.031,0,85.1,0,14.2,0,3,13,10,0,0,0,"2021_9_21_3"
15.572,15.2,1326,191,794,221,2021,9,38,264,21,2,3,1018.1,15.4,15.4,15.3,78,11.6,13,4.8,1.21,12.9,15.4,15.3,15.3,13.9,0,0,0,0,0,0,0.03,0,82.5,0,14.3,0,4,13,10,0,0,0,"2021_9_21_3"
15.637,15.084,1660,9,2340,0,2021,9,38,264,21,2,4,1018.3,15.6,15.6,15.4,76,11.3,12.8,4.8,1.21,11.3,15.6,15.3,15.3,14,0,0,0,0,0,0.03,0.029,0,80.7,0,14.4,0,5,13,10,0,0,0,"2021_9_21_4"
15.609,14.972,1660,351,2397,347,2021,9,38,264,21,2,4,1018.5,15.8,15.8,15.6,75,11.4,12.9,6.4,1.61,12.9,15.8,15.5,15.5,14.2,0,0,0,0,0,0,0.027,0,78.2,0,14.4,0,6,11,10,0,0,0,"2021_9_21_4"
15.795,15.119,1072,14,1740,0,2021,9,38,264,21,2,4,1018.4,15.8,15.9,15.8,73,11,12.7,4.8,1.21,11.3,15.8,15.5,15.5,14.1,0,0,0,0,0,0,0.026,0,79.7,0,14.5,0,7,11,10,0,0,0,"2021_9_21_4"
15.67,15.111,1072,346,1816,343,2021,9,38,264,21,2,4,1018.3,15.8,15.9,15.8,74,11.2,12.8,4.8,1.21,9.7,15.8,15.6,15.6,14.2,0,0,0,0,0,0,0.026,0,79.2,0,14.5,0,0,13,10,0,0,0,"2021_9_21_4"
15.597,15.597,747,160,0,0,2021,9,38,264,21,2,5,1018.4,15.6,15.8,15.6,74,10.9,12.6,3.2,0.8,8,15.6,15.2,15.2,13.9,0,0,0,0,0,0.03,0.029,0,78.6,0,14.4,0,1,13,12,0,0,0,"2021_9_21_5"
15.721,15.709,747,200,520,270,2021,9,38,264,21,2,5,1018.6,15.6,15.6,15.6,76,11.4,12.9,4.8,1.21,12.9,15.6,15.4,15.4,14,0,0,0,0,0,0,0.028,0,80.8,0,14.5,0,2,13,10,0,0,0,"2021_9_21_5"
15.727,15.64,1326,169,600,180,2021,9,38,264,21,2,5,1018.7,15.7,15.7,15.6,75,11.3,12.9,4.8,1.21,12.9,15.7,15.5,15.5,14.1,0,0,0,0,0,0,0.027,0,80.6,0,14.6,0,3,13,10,0,0,0,"2021_9_21_5"
15.855,15.518,1326,191,794,221,2021,9,38,264,21,2,5,1018.7,15.8,15.8,15.7,75,11.4,12.9,6.4,1.61,12.9,15.8,15.5,15.5,14.2,0,0,0,0,0,0,0.027,0,77.2,0,14.6,0,4,13,0,0,0,0,"2021_9_21_5"
15.684,15.326,1660,9,2340,0,2021,9,38,264,21,2,6,1018.5,15.5,15.8,15.5,77,11.5,12.9,4.8,1.21,11.3,15.5,15.3,15.3,13.9,0,0,0,0,0,0.03,0.03,0,79.5,0,14.4,0,5,12,10,0,0,0,"2021_9_21_6"
15.1,14.906,1660,351,2397,347,2021,9,38,264,21,2,6,1018.6,15.1,15.5,15,78,11.2,12.6,3.2,0.8,8,15.1,14.9,14.9,13.5,0,0,0,0,0,0,0.034,0,79.8,0,14.1,0,6,12,11,0,0,0,"2021_9_21_6"
14.991,14.734,1072,14,1740,0,2021,9,38,264,21,2,6,1018.9,15.1,15.1,15,77,11.1,12.5,3.2,0.8,9.7,15.1,14.8,14.8,13.4,0,0,0,0,0,0,0.034,0,81.5,0,13.9,0,7,12,11,0,0,0,"2021_9_21_6"
14.683,14.388,1072,346,1816,343,2021,9,38,264,21,2,6,1018.8,14.9,15.1,14.8,78,11.1,12.5,1.6,0.4,11.3,14.9,14.7,14.7,13.3,0,0,0,0,0,0,0.036,0,85.7,0,13.5,0,0,12,0,0,0,0,"2021_9_21_6"
14.009,14.009,747,160,0,0,2021,9,38,264,21,2,7,1019.2,14.5,14.8,14.4,81,11.3,12.5,0,0,0,14.5,14.4,14.4,13,0,0,0,0,0,0,0.04,0,90.2,0,13,0,1,9,8,0,0,0,"2021_9_21_7"
13.496,13.464,747,200,520,270,2021,9,38,264,21,2,7,1019.2,14,14.4,14,82,11,12.1,0,0,3.2,14,13.9,13.9,12.5,0,0,1,0.02,5,0,0.045,0,92.2,0,12.6,0,2,9,0,0,0,0,"2021_9_21_7"
13.56,13.538,1326,169,600,180,2021,9,38,264,21,2,7,1019.8,14,14,13.9,82,11,12.1,3.2,0.8,6.4,14,13.9,13.9,12.6,0,0,12,0.26,16,0,0.045,0,92.7,0,12.6,0,3,11,12,0,0,0,"2021_9_21_7"
14.214,13.876,1326,191,794,221,2021,9,38,264,21,2,7,1020.2,14.4,14.4,14,82,11.4,12.5,3.2,0.8,8,14.4,14.3,14.3,13.8,0,0,23,0.49,30,0,0.041,0,91.8,1,13.1,0,4,11,12,0,0,0,"2021_9_21_7"
14.655,14.43,1660,9,2340,0,2021,9,38,264,21,2,8,1020.9,14.9,14.9,14.4,80,11.5,12.8,3.2,0.8,6.4,14.9,14.8,14.8,14.8,0,0,41,0.88,63,0.03,0.035,0,92.2,3,13.8,0,5,11,12,0,0,0,"2021_9_21_8"
16.242,15.977,1660,351,2397,347,2021,9,38,264,21,2,8,1021.8,16.1,16.1,14.9,76,11.8,13.3,3.2,0.8,9.7,16.1,15.9,15.9,17.1,0,0,94,2.02,128,0,0.024,0,84,5,15,0,6,11,10,0,0,0,"2021_9_21_8"
17.639,17.593,1072,14,1740,0,2021,9,38,264,21,2,8,1021.8,17.1,17.1,16.1,72,12,13.7,4.8,1.21,11.3,17.1,16.9,16.9,19.1,0,0,142,3.05,155,0,0.013,0,79.5,6,16.1,0,7,13,10,0,0,0,"2021_9_21_8"
18.25,18.014,1072,346,1816,343,2021,9,38,264,21,2,8,1021.3,17.6,17.6,17.1,69,11.9,13.8,4.8,1.21,12.9,17.6,17.3,17.3,20,0,0,175,3.76,193,0,0.008,0,75.8,5,16.6,0,0,13,10,0,0,0,"2021_9_21_8"
18.834,18.834,747,160,0,0,2021,9,38,264,21,2,9,1021.1,18.1,18.1,17.6,67,11.9,13.9,4.8,1.21,11.3,18.1,17.8,17.8,21.1,0,0,218,4.69,241,0.1,0.002,0,75.9,6,17.3,0,1,11,10,0,0,0,"2021_9_21_9"
19.701,19.595,747,200,520,270,2021,9,38,264,21,2,9,1021.2,18.4,18.4,18.1,66,12,14.1,6.4,1.61,12.9,18.4,18.2,18.2,22.1,0,0,268,5.76,295,0,0,0.001,69.2,9,18.1,0,2,11,12,0,0,0,"2021_9_21_9"
21.649,20.155,1326,169,600,180,2021,9,38,264,21,2,9,1021.7,19.2,19.2,18.4,64,12.2,14.4,6.4,1.61,14.5,19.2,19,19,24.1,0,0,369,7.94,408,0,0,0.009,63.3,11,19.6,0,3,11,9,0,0,0,"2021_9_21_9"
22.277,21.594,1326,191,794,221,2021,9,38,264,21,2,9,1021.6,19.4,19.4,19.3,60,11.4,13.9,8,2.01,14.5,19.4,19,19,23.9,0,0,379,8.15,406,0,0,0.011,58.8,10,19.9,0,4,13,12,0,0,0,"2021_9_21_9"
23.423,21.079,1660,9,2340,0,2021,9,38,264,21,2,10,1021.8,19.8,19.8,19.4,61,12,14.4,8,2.01,16.1,19.8,19.5,19.5,24.5,0,0,391,8.41,408,0.23,0,0.015,58,33,20.7,0,5,13,10,0,0,0,"2021_9_21_10"
24.149,22.25,1660,351,2397,347,2021,9,38,264,21,2,10,1021.6,20.1,20.1,19.8,57,11.3,13.9,8,2.01,14.5,20.1,19.6,19.6,24.8,0,0,427,9.19,443,0,0,0.018,59.5,33,21.2,0,6,13,12,0,0,0,"2021_9_21_10"
23.999,24.975,1072,14,1740,0,2021,9,38,264,21,2,10,1021.9,20.3,20.3,20,59,12.1,14.6,8,2.01,14.5,20.3,20,20,25.4,0,0,461,9.92,476,0,0,0.021,54.9,39,21.6,0,7,13,10,0,0,0,"2021_9_21_10"
24.727,24.309,1072,346,1816,343,2021,9,38,264,21,2,10,1021.7,20.6,20.7,20.3,55,11.2,14,8,2.01,16.1,20.6,20,20,25.5,0,0,497,10.69,513,0,0,0.023,53.2,31,22.1,0,0,13,10,0,0,0,"2021_9_21_10"
25.145,25.145,747,160,0,0,2021,9,38,264,21,2,11,1022,20.7,20.7,20.6,54,11,13.9,9.7,2.41,16.1,20.7,20,20,25.6,0,0,532,11.44,545,0.33,0,0.024,52.5,15,22.2,0,1,13,9,0,0,0,"2021_9_21_11"
25.287,27.608,747,200,520,270,2021,9,38,264,21,2,11,1022.5,21.1,21.1,20.6,58,12.5,15,8,2.01,19.3,21.1,20.6,20.6,26.4,0,0,572,12.3,610,0,0,0.028,53.1,19,23.6,0,2,13,0,0,0,0,"2021_9_21_11"
27.318,24.848,1326,169,600,180,2021,9,38,264,21,2,11,1022.9,21.8,21.8,21.1,55,12.3,15,6.4,1.61,12.9,21.8,21.3,21.3,27,0,0,699,15.04,824,0,0,0.036,52.9,29,25.6,0,3,13,10,0,0,0,"2021_9_21_11"
27.364,25.151,1326,191,794,221,2021,9,38,264,21,2,11,1021.6,22.3,22.4,21.8,57,13.3,15.9,4.8,1.21,12.9,22.3,22.1,22.1,28.2,0,0,645,13.87,895,0,0,0.041,55.2,16,24.7,0,4,11,11,0,0,0,"2021_9_21_11"
24.662,23.504,1660,9,2340,0,2021,9,38,264,21,2,12,1021.1,21.6,22.3,21.6,57,12.7,15.3,4.8,1.21,11.3,21.6,21.2,21.2,24.7,0,0,330,7.1,397,0.38,0,0.034,57.9,15,23.2,0,5,11,10,0,0,0,"2021_9_21_12"
24.232,24.205,1660,351,2397,347,2021,9,38,264,21,2,12,1021.9,21.6,21.6,21.5,58,13,15.5,4.8,1.21,12.9,21.6,21.3,21.3,25.4,0,0,393,8.45,455,0,0,0.034,55.5,12,22.8,0,6,13,11,0,0,0,"2021_9_21_12"
23.139,22.368,1072,14,1740,0,2021,9,38,264,21,2,12,1021.5,21.1,21.6,21,59,12.7,15.2,6.4,1.61,19.3,21.1,20.7,20.7,23.8,0,0,312,6.71,373,0,0,0.028,61.3,10,21.6,0,7,13,0,0,0,0,"2021_9_21_12"
25.359,25.031,1072,346,1816,343,2021,9,38,264,21,2,12,1023.2,21.8,21.8,20.9,58,13.1,15.6,4.8,1.21,12.9,21.8,21.5,21.5,27.1,0,0,582,12.52,719,0,0,0.036,57,16,24.4,0,0,13,0,0,0,0,"2021_9_21_12"
25.989,25.989,747,160,0,0,2021,9,38,264,21,2,13,1022.4,22.2,22.3,21.8,57,13.3,15.8,6.4,1.61,14.5,22.2,22,22,28.2,0,0,692,14.89,698,0.33,0,0.041,48.4,16,25.4,0,1,11,12,0,0,0,"2021_9_21_13"
26.157,25.775,747,200,520,270,2021,9,38,264,21,2,13,1022.4,22.3,22.3,22.2,56,13.1,15.7,6.4,1.61,12.9,22.3,22.1,22.1,28.2,0,0,698,15.01,701,0,0,0.041,47.2,16,27.2,0,2,11,11,0,0,0,"2021_9_21_13"
25.691,24.356,1326,169,600,180,2021,9,38,264,21,2,13,1022.5,22.5,22.5,22.3,53,12.4,15.2,6.4,1.61,14.5,22.5,22.2,22.2,28.4,0,0,698,15.01,701,0,0,0.043,43.8,16,27.6,0,3,13,12,0,0,0,"2021_9_21_13"
25.293,24.561,1326,191,794,221,2021,9,38,264,21,2,13,1022.3,22.8,22.8,22.5,55,13.3,15.9,6.4,1.61,12.9,22.8,22.7,22.7,28.9,0,0,695,14.95,700,0,0,0.046,43.5,16,26.3,0,4,13,10,0,0,0,"2021_9_21_13"
25.043,24.922,1660,9,2340,0,2021,9,38,264,21,2,14,1022.2,22.6,22.8,22.6,51,11.9,14.9,6.4,1.61,14.5,22.6,22.2,22.2,28.3,0,0,690,14.84,700,0.46,0,0.044,44.2,17,27.8,0,5,4,0,0,0,0,"2021_9_21_14"
25.242,24.641,1660,351,2397,347,2021,9,38,264,21,2,14,1022.2,22.8,22.8,22.6,52,12.4,15.3,8,2.01,14.5,22.8,22.6,22.6,28.7,0,0,681,14.65,689,0,0,0.046,39.7,17,28.2,0,6,4,13,0,0,0,"2021_9_21_14"
25.921,24.338,1072,14,1740,0,2021,9,38,264,21,2,14,1022.1,23,23.2,22.7,51,12.3,15.2,4.8,1.21,14.5,23,22.8,22.8,28.9,0,0,668,14.37,677,0,0,0.049,40.2,17,27.8,0,7,5,0,0,0,0,"2021_9_21_14"
26.474,25.042,1072,346,1816,343,2021,9,38,264,21,2,14,1022.1,23.2,23.2,22.8,50,12.2,15.2,4.8,1.21,11.3,23.2,23.1,23.1,29.1,0,0,654,14.07,659,0,0,0.051,41,38,27.4,0,0,4,1,0,0,0,"2021_9_21_14"
25.343,25.343,747,160,0,0,2021,9,38,264,21,2,15,1022.2,23.4,23.4,23.1,49,12.1,15.1,4.8,1.21,14.5,23.4,23.2,23.2,29.2,0,0,646,13.9,652,0.43,0,0.053,37.1,8,27.1,0,1,4,13,0,0,0,"2021_9_21_15"
23.623,22.982,747,200,520,270,2021,9,38,264,21,2,15,1021.9,22.6,23.4,22.6,50,11.7,14.7,3.2,0.8,11.3,22.6,22.3,22.3,25.7,0,0,315,6.78,647,0,0,0.045,51.2,38,26.6,0,2,7,1,0,0,0,"2021_9_21_15"
26.907,25.715,1326,169,600,180,2021,9,38,264,21,2,15,1022,23,23.1,22.6,50,12,15,4.8,1.21,16.1,23,22.8,22.8,28.6,0,0,574,12.35,635,0,0,0.049,45.8,4,25.5,0,3,1,0,0,0,0,"2021_9_21_15"
24.113,23.075,1326,191,794,221,2021,9,38,264,21,2,15,1022.1,22.7,23,22.3,53,12.6,15.4,3.2,0.8,12.9,22.7,22.6,22.6,26.2,0,0,316,6.8,594,0,0,0.046,45.9,35,25.1,0,4,0,0,0,0,0,"2021_9_21_15"
25.878,25.495,1660,9,2340,0,2021,9,38,264,21,2,16,1021.7,23.4,23.4,22.8,51,12.7,15.6,4.8,1.21,16.1,23.4,23.4,23.4,29.2,0,0,573,12.33,591,0.3,0,0.053,45.5,30,25.6,0,5,0,1,0,0,0,"2021_9_21_16"
25.834,25.11,1660,351,2397,347,2021,9,38,264,21,2,16,1021.7,23.3,23.6,23.3,51,12.6,15.5,4.8,1.21,12.9,23.3,23.3,23.3,29.1,0,0,529,11.38,543,0,0,0.052,47.7,29,25.2,0,6,4,11,0,0,0,"2021_9_21_16"
27.422,26.982,1072,14,1740,0,2021,9,38,264,21,2,16,1021.7,23.7,23.7,23.3,55,14.1,16.7,3.2,0.8,9.7,23.7,23.8,23.8,29.6,0,0,496,10.67,515,0,0,0.056,54.1,16,25.1,0,7,4,1,0,0,0,"2021_9_21_16"
27.008,25.074,1072,346,1816,343,2021,9,38,264,21,2,16,1021.6,23.9,23.9,23.7,49,12.6,15.6,1.6,0.4,8,23.9,23.8,23.8,29.4,0,0,472,10.15,480,0,0,0.058,51.1,13,24.8,0,0,4,0,0,0,0,"2021_9_21_16"
25.942,25.942,747,160,0,0,2021,9,38,264,21,2,17,1020.9,23.7,24.2,23.7,49,12.3,15.3,3.2,0.8,9.7,23.7,23.5,23.5,28.6,0,0,374,8.05,461,0.3,0,0.056,50.1,6,23.6,0,1,4,1,0,0,0,"2021_9_21_17"
23.255,22.844,747,200,520,270,2021,9,38,264,21,2,17,1020.8,23,23.7,22.9,55,13.5,16.1,3.2,0.8,8,23,23,23,25.7,0,0,189,4.07,325,0,0,0.049,56.2,12,22.7,0,2,13,13,0,0,0,"2021_9_21_17"
25.557,25.286,1326,169,600,180,2021,9,38,264,21,2,17,1021.4,23.4,23.5,23,51,12.7,15.6,3.2,0.8,8,23.4,23.4,23.4,28.2,0,0,351,7.55,383,0,0,0.053,50.3,9,23.3,0,3,4,12,0,0,0,"2021_9_21_17"
24.4,23.132,1326,191,794,221,2021,9,38,264,21,2,17,1021.3,23,23.4,23,55,13.5,16.1,4.8,1.21,14.5,23,23,23,27.4,0,0,280,6.02,325,0,0,0.049,56.3,6,22.8,0,4,12,11,0,0,0,"2021_9_21_17"
23.205,22.513,1660,9,2340,0,2021,9,38,264,21,2,18,1021.2,22.5,23,22.5,57,13.6,16,4.8,1.21,12.9,22.5,22.4,22.4,25.5,0,0,189,4.07,229,0.18,0,0.043,54.3,5,21.9,0,5,13,10,0,0,0,"2021_9_21_18"
22.182,21.715,1660,351,2397,347,2021,9,38,264,21,2,18,1021.2,22.2,22.5,22.2,57,13.2,15.8,4.8,1.21,9.7,22.2,22,22,24.6,0,0,161,3.46,190,0,0,0.04,57.5,4,21,0,6,12,10,0,0,0,"2021_9_21_18"
21.519,20.567,1072,14,1740,0,2021,9,38,264,21,2,18,1021.1,21.6,22.2,21.6,59,13.3,15.7,4.8,1.21,12.9,21.6,21.3,21.3,22.9,0,0,104,2.24,128,0,0,0.034,60.1,2,20.3,0,7,4,0,0,0,0,"2021_9_21_18"
20.656,20.064,1072,346,1816,343,2021,9,38,264,21,2,18,1021.1,20.9,21.6,20.9,62,13.4,15.6,3.2,0.8,6.4,20.9,20.7,20.7,21.2,0,0,56,1.2,76,0,0,0.027,60.3,1,19.5,0,0,4,0,0,0,0,"2021_9_21_18"
19.71,19.71,747,160,0,0,2021,9,38,264,21,2,19,1021.1,20.2,20.9,20.2,64,13.1,15.3,1.6,0.4,4.8,20.2,20.1,20.1,19.1,0,0,26,0.56,37,0.08,0,0.019,69,0,18.6,0,1,4,0,0,0,0,"2021_9_21_19"
18.817,18.579,747,200,520,270,2021,9,38,264,21,2,19,1021.1,19.3,20.2,19.3,67,13,15,1.6,0.4,3.2,19.3,19.2,19.2,17.9,0,0,8,0.17,14,0,0,0.01,72.8,0,17.6,0,2,12,11,0,0,0,"2021_9_21_19"
17.727,17.828,1326,169,600,180,2021,9,38,264,21,2,19,1021.2,18.4,19.3,18.4,72,13.2,14.9,0,0,1.6,18.4,18.3,18.3,17,0,0,0,0,0,0,0,0.001,76.2,0,16.6,0,3,9,11,0,0,0,"2021_9_21_19"
16.598,16.589,1326,191,794,221,2021,9,38,264,21,2,19,1021.4,17.6,18.4,17.6,74,12.9,14.5,0,0,0,17.6,17.5,17.5,16.1,0,0,0,0,0,0,0.008,0,81,0,15.8,0,4,9,8,0,0,0,"2021_9_21_19"
15.891,16.113,1660,9,2340,0,2021,9,38,264,21,2,20,1021.4,16.9,17.6,16.9,79,13.3,14.5,0,0,0,16.9,17,17,15.6,0,0,0,0,0,0,0.014,0,84.6,0,15.3,0,5,9,8,0,0,0,"2021_9_21_20"
15.463,15.745,1660,351,2397,347,2021,9,38,264,21,2,20,1021.5,16.4,16.9,16.4,81,13.1,14.3,0,0,0,16.4,16.4,16.4,15,0,0,0,0,0,0,0.02,0,86.1,0,14.9,0,6,9,8,0,0,0,"2021_9_21_20"
15.457,15.042,1072,14,1740,0,2021,9,38,264,21,2,20,1021.8,15.7,16.4,15.7,83,12.8,13.8,0,0,3.2,15.7,15.6,15.6,14.3,0,0,0,0,0,0,0.028,0,88.2,0,14.8,0,7,9,13,0,0,0,"2021_9_21_20"
14.773,15.063,1072,346,1816,343,2021,9,38,264,21,2,20,1022.1,15.5,15.7,15.4,83,12.6,13.7,0,0,3.2,15.5,15.5,15.5,14.1,0,0,0,0,0,0,0.03,0,89.6,0,14.4,0,0,9,13,0,0,0,"2021_9_21_20"
14.867,14.867,747,160,0,0,2021,9,38,264,21,2,21,1022.2,15.4,15.6,15.4,82,12.4,13.5,0,0,3.2,15.4,15.4,15.4,14,0,0,0,0,0,0.03,0.03,0,89.4,0,14.2,0,1,9,11,0,0,0,"2021_9_21_21"
14.652,14.664,747,200,520,270,2021,9,38,264,21,2,21,1022.2,15.4,15.6,15.4,82,12.3,13.4,0,0,3.2,15.4,15.3,15.3,13.9,0,0,0,0,0,0,0.031,0,89.8,0,14,0,2,9,11,0,0,0,"2021_9_21_21"
14.475,14.541,1326,169,600,180,2021,9,38,264,21,2,21,1022.2,15.2,15.4,15.2,82,12.2,13.3,1.6,0.4,3.2,15.2,15.1,15.1,13.7,0,0,0,0,0,0,0.032,0,89.8,0,13.8,0,3,13,10,0,0,0,"2021_9_21_21"
14.325,14.285,1326,191,794,221,2021,9,38,264,21,2,21,1022.4,15.1,15.3,15.1,82,12.1,13.2,1.6,0.4,3.2,15.1,15,15,13.6,0,0,0,0,0,0,0.034,0,90.7,0,13.6,0,4,13,10,0,0,0,"2021_9_21_21"
14.208,13.933,1660,9,2340,0,2021,9,38,264,21,2,22,1022.4,14.6,15.1,14.6,84,11.9,12.9,1.6,0.4,3.2,14.6,14.5,14.5,13.1,0,0,0,0,0,0.03,0.039,0,90.8,0,13.4,0,5,11,10,0,0,0,"2021_9_21_22"
14.108,14.104,1660,351,2397,347,2021,9,38,264,21,2,22,1022.9,14.4,14.6,14.4,84,11.8,12.8,1.6,0.4,3.2,14.4,14.4,14.4,13,0,0,0,0,0,0,0.041,0,91.5,0,13.3,0,6,11,12,0,0,0,"2021_9_21_22"
14.077,13.904,1072,14,1740,0,2021,9,38,264,21,2,22,1022.8,14.3,14.4,14.3,85,11.8,12.8,1.6,0.4,3.2,14.3,14.3,14.3,12.9,0,0,0,0,0,0,0.042,0,92,0,13.2,0,7,10,12,0,0,0,"2021_9_21_22"
14.077,13.877,1072,346,1816,343,2021,9,38,264,21,2,22,1022.8,14.2,14.3,14.2,85,11.7,12.6,1.6,0.4,3.2,14.2,14.1,14.1,12.7,0,0,0,0,0,0,0.043,0,92.1,0,13.2,0,0,10,9,0,0,0,"2021_9_21_22"
14.171,14.171,747,160,0,0,2021,9,38,264,21,2,23,1023.1,14.6,14.6,14.2,84,11.9,12.9,1.6,0.4,4.8,14.6,14.5,14.5,13.1,0,0,0,0,0,0.03,0.039,0,92.2,0,13.3,0,1,11,12,0,0,0,"2021_9_21_23"
14.211,14.3,747,200,520,270,2021,9,38,264,21,2,23,1023,14.6,14.7,14.6,84,11.9,12.9,1.6,0.4,4.8,14.6,14.5,14.5,13.1,0,0,0,0,0,0,0.039,0,92.5,0,13.3,0,2,10,9,0,0,0,"2021_9_21_23"
13.963,13.937,1326,169,600,180,2021,9,38,264,21,2,23,1022.9,14.4,14.6,14.4,85,12,12.9,1.6,0.4,4.8,14.4,14.4,14.4,13,0,0,0,0,0,0,0.041,0,92.6,0,13.2,0,3,10,9,0,0,0,"2021_9_21_23"
13.822,13.802,1326,191,794,221,2021,9,38,264,21,2,23,1022.7,14.2,14.4,14.2,86,11.9,12.8,1.6,0.4,3.2,14.2,14.2,14.2,12.8,0,0,0,0,0,0,0.043,0,92.5,0,13,0,4,14,14,0,0,0,"2021_9_21_23"
13.563,13.787,1660,9,2340,0,2021,9,38,265,22,3,0,1022.5,13.8,14.3,13.8,86,11.5,12.4,0,0,1.6,13.8,13.8,13.8,12.3,0,0,0,0,0,0.03,0.047,0,92.7,0,12.8,0,5,9,14,0,0,0,"2021_9_22_0"
13.323,13.538,1660,351,2397,347,2021,9,38,265,22,3,0,1022.5,13.4,13.8,13.3,88,11.4,12.2,0,0,0,13.4,13.4,13.4,11.9,0,0,0,0,0,0,0.052,0,93.2,0,12.6,0,6,9,8,0,0,0,"2021_9_22_0"
13.028,12.873,1072,14,1740,0,2021,9,38,265,22,3,0,1022.7,13.2,13.4,13.1,89,11.4,12.1,0,0,0,13.2,13.2,13.2,11.7,0,0,0,0,0,0,0.054,0,93.3,0,12.4,0,7,9,8,0,0,0,"2021_9_22_0"
12.809,12.841,1072,346,1816,343,2021,9,38,265,22,3,0,1022.8,12.8,13.2,12.8,90,11.2,11.9,0,0,1.6,12.8,12.9,12.9,11.4,0,0,0,0,0,0,0.057,0,94.8,0,12.1,0,0,9,14,0,0,0,"2021_9_22_0"
12.803,12.803,747,160,0,0,2021,9,38,265,22,3,1,1022.7,12.6,12.8,12.6,91,11.1,11.7,0,0,3.2,12.6,12.6,12.6,11.2,0,0,0,0,0,0,0.06,0,96.1,0,12.1,0,1,9,11,0,0,0,"2021_9_22_1"
12.829,12.844,747,200,520,270,2021,9,38,265,22,3,1,1022.6,12.4,12.6,12.4,92,11.1,11.6,0,0,1.6,12.4,12.5,12.5,11,0,0,0,0,0,0,0.062,0,94.6,0,11.9,0,2,9,11,0,0,0,"2021_9_22_1"
12.526,12.595,1326,169,600,180,2021,9,38,265,22,3,1,1022.8,12.3,12.4,12.3,92,11,11.5,0,0,0,12.3,12.4,12.4,10.9,0,0,0,0,0,0,0.063,0,95.2,0,11.9,0,3,9,8,0,0,0,"2021_9_22_1"
12.231,12.574,1326,191,794,221,2021,9,38,265,22,3,1,1022.6,12.3,12.3,12.2,92,11,11.5,0,0,0,12.3,12.4,12.4,10.9,0,0,0,0,0,0,0.063,0,94.7,0,11.7,0,4,9,8,0,0,0,"2021_9_22_1"
12.151,12.263,1660,9,2340,0,2021,9,38,265,22,3,2,1022.9,12.3,12.3,12.2,92,11.1,11.6,0,0,3.2,12.3,12.4,12.4,11,0,0,0,0,0,0,0.062,0,95.4,0,11.6,0,5,9,10,0,0,0,"2021_9_22_2"
12.227,12.567,1660,351,2397,347,2021,9,38,265,22,3,2,1022.9,12.2,12.3,12.2,92,10.9,11.4,0,0,1.6,12.2,12.3,12.3,10.8,0,0,0,0,0,0,0.064,0,96.3,0,11.8,0,6,9,10,0,0,0,"2021_9_22_2"
12.669,12.932,1072,14,1740,0,2021,9,38,265,22,3,2,1022.8,12.3,12.3,12.2,94,11.4,11.8,0,0,0,12.3,12.5,12.5,11,0,0,0,0,0,0,0.062,0,98.6,0,12.4,0,7,9,8,0,0,0,"2021_9_22_2"
13.511,13.532,1072,346,1816,343,2021,9,38,265,22,3,2,1022.9,12.6,12.6,12.3,95,11.8,12.1,0,0,3.2,12.6,12.7,12.7,11.3,0,0,0,0,0,0,0.06,0,99.2,0,13,0,0,9,0,0,0,0,"2021_9_22_2"
13.85,13.85,747,160,0,0,2021,9,38,265,22,3,3,1022.6,12.9,12.9,12.6,94,12,12.4,0,0,1.6,12.9,13.1,13.1,11.7,0,0,0,0,0,0,0.056,0,98.8,0,13.3,0,1,9,13,0,0,0,"2021_9_22_3"
14.141,14.436,747,200,520,270,2021,9,38,265,22,3,3,1022.5,13.3,13.3,12.9,94,12.3,12.7,0,0,4.8,13.3,13.4,13.4,12,0,0,0,0,0,0,0.053,0,99.4,0,13.6,0,2,9,13,0,0,0,"2021_9_22_3"
14.475,14.339,1326,169,600,180,2021,9,38,265,22,3,3,1022.4,13.6,13.6,13.3,94,12.6,13,0,0,3.2,13.6,13.7,13.7,12.3,0,0,0,0,0,0,0.05,0,99.5,0,13.8,0,3,9,4,0,0,0,"2021_9_22_3"
14.474,14.56,1326,191,794,221,2021,9,38,265,22,3,3,1022.4,14,14,13.6,93,12.9,13.3,1.6,0.4,4.8,14,14.1,14.1,12.8,0,0,0,0,0,0,0.045,0,99.2,0,13.9,0,4,10,2,0,0,0,"2021_9_22_3"
14.72,14.689,1660,9,2340,0,2021,9,38,265,22,3,4,1022.5,14,14,13.9,92,12.7,13.2,0,0,4.8,14,14.1,14.1,12.7,0,0,0,0,0,0,0.045,0,98.6,0,14,0,5,9,2,0,0,0,"2021_9_22_4"
14.622,14.676,1660,351,2397,347,2021,9,38,265,22,3,4,1022.4,14.1,14.2,14,91,12.7,13.2,1.6,0.4,4.8,14.1,14.2,14.2,12.8,0,0,0,0,0,0,0.044,0,95.8,0,13.6,0,6,12,0,0,0,0,"2021_9_22_4"
14.462,14.514,1072,14,1740,0,2021,9,38,265,22,3,4,1022.2,14.1,14.2,14.1,90,12.5,13.1,1.6,0.4,4.8,14.1,14.2,14.2,12.8,0,0,0,0,0,0,0.044,0,97.4,0,13.7,0,7,12,11,0,0,0,"2021_9_22_4"
14.502,14.59,1072,346,1816,343,2021,9,38,265,22,3,4,1021.8,14.2,14.2,14.1,90,12.5,13.2,1.6,0.4,3.2,14.2,14.3,14.3,12.9,0,0,0,0,0,0,0.043,0,96.5,0,13.7,0,0,12,11,0,0,0,"2021_9_22_4"
14.529,14.529,747,160,0,0,2021,9,38,265,22,3,5,1021.8,14.3,14.4,14.2,88,12.4,13.1,3.2,0.8,6.4,14.3,14.4,14.4,13,0,0,0,0,0,0,0.042,0,93.2,0,13.6,0,1,12,10,0,0,0,"2021_9_22_5"
14.589,14.501,747,200,520,270,2021,9,38,265,22,3,5,1021.6,14.3,14.4,14.3,88,12.4,13.1,1.6,0.4,9.7,14.3,14.4,14.4,13,0,0,0,0,0,0,0.042,0,95.5,0,13.7,0,2,12,11,0,0,0,"2021_9_22_5"
14.61,14.653,1326,169,600,180,2021,9,38,265,22,3,5,1021.7,14.4,14.4,14.3,88,12.4,13.2,0,0,3.2,14.4,14.4,14.4,13,0,0,0,0,0,0,0.041,0,96.9,0,13.9,0,3,9,12,0,0,0,"2021_9_22_5"
14.608,14.538,1326,191,794,221,2021,9,38,265,22,3,5,1021.5,14.4,14.4,14.3,88,12.5,13.2,0,0,3.2,14.4,14.5,14.5,13.1,0,0,0,0,0,0,0.041,0,98,0,14,0,4,9,12,0,0,0,"2021_9_22_5"
14.634,14.695,1660,9,2340,0,2021,9,38,265,22,3,6,1021.6,14.4,14.6,14.4,88,12.5,13.2,1.6,0.4,3.2,14.4,14.5,14.5,13.1,0,0,0,0,0,0,0.041,0,95.5,0,13.9,0,5,10,9,0,0,0,"2021_9_22_6"
14.777,14.827,1660,351,2397,347,2021,9,38,265,22,3,6,1021.5,14.4,14.6,14.4,90,12.8,13.4,0,0,3.2,14.4,14.6,14.6,13.2,0,0,0,0,0,0,0.041,0,97.3,0,13.9,0,6,9,12,0,0,0,"2021_9_22_6"
14.768,14.638,1072,14,1740,0,2021,9,38,265,22,3,6,1021.3,14.4,14.4,14.3,91,13,13.5,0,0,3.2,14.4,14.6,14.6,13.2,0,0,0,0,0,0,0.041,0,96.7,0,14,0,7,9,0,0,0,0,"2021_9_22_6"
14.819,15.007,1072,346,1816,343,2021,9,38,265,22,3,6,1021.4,14.4,14.4,14.4,90,12.8,13.4,0,0,1.6,14.4,14.5,14.5,13.1,0,0,0,0,0,0,0.041,0,96.8,0,14,0,0,9,0,0,0,0,"2021_9_22_6"
14.741,14.741,747,160,0,0,2021,9,38,265,22,3,7,1021.1,14.4,14.4,14.4,89,12.7,13.3,1.6,0.4,3.2,14.4,14.5,14.5,13.1,0,0,0,0,0,0,0.041,0,96.6,0,13.8,0,1,4,0,0,0,0,"2021_9_22_7"
14.571,14.604,747,200,520,270,2021,9,38,265,22,3,7,1021,14.3,14.4,14.3,89,12.5,13.2,0,0,0,14.3,14.4,14.4,13,0,0,0,0,0,0,0.042,0,97.9,0,13.7,0,2,9,8,0,0,0,"2021_9_22_7"
14.641,14.608,1326,169,600,180,2021,9,38,265,22,3,7,1021.3,14.3,14.3,14.2,90,12.7,13.3,0,0,3.2,14.3,14.4,14.4,13.2,0,0,10,0.22,14,0,0.042,0,99.3,0,13.8,0,3,9,11,0,0,0,"2021_9_22_7"
14.865,14.951,1326,191,794,221,2021,9,38,265,22,3,7,1021.4,14.4,14.4,14.3,90,12.8,13.4,0,0,0,14.4,14.5,14.5,14.1,0,0,22,0.47,26,0,0.041,0,99.8,1,14.2,0,4,9,8,0,0,0,"2021_9_22_7"
15.166,15.291,1660,9,2340,0,2021,9,38,265,22,3,8,1021.6,14.6,14.6,14.4,91,13.2,13.7,0,0,0,14.6,14.7,14.7,14.5,0,0,28,0.6,32,0,0.039,0,94.8,1,14.3,0,5,9,8,0,0,0,"2021_9_22_8"
15.517,15.797,1660,351,2397,347,2021,9,38,265,22,3,8,1021.8,15,15,14.6,88,13,13.7,0,0,3.2,15,15,15,14.9,0,0,35,0.75,37,0,0.035,0,94.4,1,14.7,0,6,9,11,0,0,0,"2021_9_22_8"
15.983,16.29,1072,14,1740,0,2021,9,38,265,22,3,8,1021.7,15.3,15.3,15,89,13.5,14.2,0,0,1.6,15.3,15.4,15.4,15.6,0,0,49,1.05,60,0,0.031,0,90.3,2,15.1,0,7,9,11,0,0,0,"2021_9_22_8"
16.214,16.186,1072,346,1816,343,2021,9,38,265,22,3,8,1021.7,15.7,15.7,15.3,86,13.3,14.2,1.6,0.4,4.8,15.7,15.7,15.7,16,0,0,56,1.2,72,0,0.028,0,93,3,15.5,0,0,4,0,0,0,0,"2021_9_22_8"
16.984,16.984,747,160,0,0,2021,9,38,265,22,3,9,1021.8,16.1,16.1,15.7,86,13.8,14.6,0,0,3.2,16.1,16.2,16.2,17,0,0,84,1.81,93,0.03,0.023,0,88.6,4,16,0,1,9,0,0,0,0,"2021_9_22_9"
17.909,17.864,747,200,520,270,2021,9,38,265,22,3,9,1021.8,16.6,16.6,16.1,82,13.5,14.6,1.6,0.4,4.8,16.6,16.7,16.7,18,0,0,111,2.39,127,0,0.018,0,84.5,5,16.7,0,2,4,0,0,0,0,"2021_9_22_9"
17.909,17.864,747,200,520,270,2021,9,38,265,22,3,9,1021.8,16.6,16.6,16.1,82,13.5,14.6,1.6,0.4,4.8,16.6,16.7,16.7,18,0,0,111,2.39,127,0,0.018,0,84.5,5,16.7,0,2,4,0,0,0,0,"2021_9_22_9"
17.909,17.864,747,200,520,270,2021,9,38,265,22,3,9,1021.8,16.6,16.6,16.1,82,13.5,14.6,1.6,0.4,4.8,16.6,16.7,16.7,18,0,0,111,2.39,127,0,0.018,0,84.5,5,16.7,0,2,4,0,0,0,0,"2021_9_22_9"
17.909,17.864,747,200,520,270,2021,9,38,265,22,3,9,1021.8,16.6,16.6,16.1,82,13.5,14.6,1.6,0.4,4.8,16.6,16.7,16.7,18,0,0,111,2.39,127,0,0.018,0,84.5,5,16.7,0,2,4,0,0,0,0,"2021_9_22_9"
18.137,17.419,1326,169,600,180,2021,9,38,265,22,3,9,1021.7,17.3,17.3,16.6,78,13.4,14.7,3.2,0.8,8,17.3,17.3,17.3,18.9,0,0,135,2.9,149,0,0.011,0,78.1,7,17,0,3,4,13,0,0,0,"2021_9_22_9"
18.863,18.094,1326,191,794,221,2021,9,38,265,22,3,9,1021.9,17.8,17.8,17.3,73,12.9,14.5,4.8,1.21,11.3,17.8,17.7,17.7,19.9,0,0,177,3.81,188,0,0.006,0,74.5,8,17.6,0,4,4,0,0,0,0,"2021_9_22_9"
18.882,18.466,1660,9,2340,0,2021,9,38,265,22,3,10,1021.8,17.9,17.9,17.8,71,12.6,14.3,4.8,1.21,12.9,17.9,17.7,17.7,19.9,0,0,185,3.98,197,0.1,0.005,0,70.9,10,17.8,0,5,4,11,0,0,0,"2021_9_22_10"
20.323,19.836,1660,351,2397,347,2021,9,38,265,22,3,10,1022.2,18.4,18.4,17.9,69,12.6,14.5,6.4,1.61,12.9,18.4,18.2,18.2,21.3,0,0,251,5.4,378,0,0,0.001,71.2,10,18.5,0,6,12,11,0,0,0,"2021_9_22_10"
20.621,20.359,1072,14,1740,0,2021,9,38,265,22,3,10,1022.4,18.8,18.8,18.4,67,12.6,14.6,6.4,1.61,14.5,18.8,18.7,18.7,22.5,0,0,322,6.93,482,0,0,0.005,67.4,10,19,0,7,12,11,0,0,0,"2021_9_22_10"
20.391,19.783,1072,346,1816,343,2021,9,38,265,22,3,10,1021.4,18.8,18.9,18.7,69,13,14.8,6.4,1.61,16.1,18.8,18.7,18.7,21.2,0,0,224,4.82,253,0,0,0.005,70.3,10,19.1,0,0,12,0,0,0,0,"2021_9_22_10"
22.015,22.015,747,160,0,0,2021,9,38,265,22,3,11,1021.8,18.9,18.9,18.7,67,12.7,14.7,4.8,1.21,11.3,18.9,18.8,18.8,21.2,0,0,227,4.88,292,0.18,0,0.006,62.5,18,19.4,0,1,12,10,0,0,0,"2021_9_22_11"
22.067,22.962,747,200,520,270,2021,9,38,265,22,3,11,1022.3,19.8,19.8,18.9,63,12.5,14.8,8,2.01,16.1,19.8,19.6,19.6,24.4,0,0,433,9.31,527,0,0,0.015,59.2,10,20.7,0,2,4,0,0,0,0,"2021_9_22_11"
23.608,21.964,1326,169,600,180,2021,9,38,265,22,3,11,1021.9,19.9,19.9,19.8,64,12.9,15.1,4.8,1.21,16.1,19.9,19.8,19.8,23.9,0,0,370,7.96,459,0,0,0.017,66.1,11,21.2,0,3,4,0,0,0,0,"2021_9_22_11"
23.677,22.529,1326,191,794,221,2021,9,38,265,22,3,11,1022,20.5,20.5,19.9,63,13.2,15.4,3.2,0.8,11.3,20.5,20.4,20.4,24.9,0,0,424,9.12,538,0,0,0.023,63.2,15,21.9,0,4,13,11,0,0,0,"2021_9_22_11"
24.628,23.037,1660,9,2340,0,2021,9,38,265,22,3,12,1021.7,20.7,20.7,20.5,60,12.6,15,3.2,0.8,9.7,20.7,20.4,20.4,24.4,0,0,377,8.11,425,0.25,0,0.024,56.3,14,22.8,0,5,3,13,0,0,0,"2021_9_22_12"
26.16,23.874,1660,351,2397,347,2021,9,38,265,22,3,12,1022.2,21.2,21.2,20.7,61,13.3,15.6,3.2,0.8,11.3,21.2,20.9,20.9,25.8,0,0,473,10.17,809,0,0,0.03,55.2,23,24.6,0,6,5,0,0,0,0,"2021_9_22_12"
25.369,23.985,1072,14,1740,0,2021,9,38,265,22,3,12,1020.8,21.3,21.4,21.2,60,13.2,15.5,4.8,1.21,11.3,21.3,21,21,25.6,0,0,450,9.68,536,0,0,0.031,53.2,18,23.6,0,7,4,4,0,0,0,"2021_9_22_12"
26.705,23.781,1072,346,1816,343,2021,9,38,265,22,3,12,1021.1,21.5,21.5,21.2,57,12.6,15.2,3.2,0.8,9.7,21.5,21.1,21.1,26.3,0,0,516,11.1,884,0,0,0.033,58.9,18,23.5,0,0,4,13,0,0,0,"2021_9_22_12"
28.075,28.075,747,160,0,0,2021,9,38,265,22,3,13,1020.9,21.6,21.6,21.4,59,13.3,15.7,4.8,1.21,12.9,21.6,21.3,21.3,27.5,0,0,707,15.21,960,0.36,0,0.034,54.9,23,24.5,0,1,7,5,0,0,0,"2021_9_22_13"
29.493,29.706,747,200,520,270,2021,9,38,265,22,3,13,1021.1,22.1,22.2,21.6,56,12.9,15.5,6.4,1.61,12.9,22.1,21.8,21.8,28.4,0,0,883,18.99,953,0,0,0.039,53.5,25,28.2,0,2,7,3,0,0,0,"2021_9_22_13"
24.693,22.988,1326,169,600,180,2021,9,38,265,22,3,13,1020.6,21.8,22.2,21.7,56,12.6,15.2,4.8,1.21,11.3,21.8,21.4,21.4,26.9,0,0,566,12.18,819,0,0,0.036,41.8,12,26.9,0,3,5,3,0,0,0,"2021_9_22_13"
27.536,25.986,1326,191,794,221,2021,9,38,265,22,3,13,1020.5,21.4,21.8,21.4,57,12.5,15.1,3.2,0.8,9.7,21.4,20.9,20.9,24.5,0,0,351,7.55,438,0,0,0.032,50,21,24.4,0,4,8,5,0,0,0,"2021_9_22_13"
28.004,26.085,1660,9,2340,0,2021,9,38,265,22,3,14,1020.7,22.1,22.1,21.4,55,12.6,15.3,4.8,1.21,12.9,22.1,21.7,21.7,27.8,0,0,702,15.1,800,0.41,0,0.039,44.5,22,28,0,5,5,7,0,0,0,"2021_9_22_14"
29.891,26.829,1660,351,2397,347,2021,9,38,265,22,3,14,1020.8,22.4,22.4,22.1,58,13.8,16.2,6.4,1.61,16.1,22.4,22.4,22.4,28.7,0,0,815,17.53,856,0,0,0.043,43,26,29.6,0,6,2,4,0,0,0,"2021_9_22_14"
27.018,26.61,1072,14,1740,0,2021,9,38,265,22,3,14,1021,23.4,23.4,22.4,60,15.2,17.4,3.2,0.8,9.7,23.4,23.6,23.6,29.6,0,0,761,16.37,821,0,0,0.053,44.9,18,28.2,0,7,5,3,0,0,0,"2021_9_22_14"
25.557,23.596,1072,346,1816,343,2021,9,38,265,22,3,14,1020.1,22.9,23.6,22.9,53,12.8,15.6,3.2,0.8,12.9,22.9,22.8,22.8,28.8,0,0,631,13.57,793,0,0,0.047,52.5,14,25.5,0,0,2,3,0,0,0,"2021_9_22_14"
23.276,23.276,747,160,0,0,2021,9,38,265,22,3,15,1019.9,22.3,22.9,22.3,54,12.5,15.3,3.2,0.8,9.7,22.3,22,22,25.2,0,0,302,6.5,387,0.41,0,0.041,52.1,10,23,0,1,1,3,0,0,0,"2021_9_22_15"
25.065,24.184,747,200,520,270,2021,9,38,265,22,3,15,1019.9,22.3,22.3,22.1,56,13.1,15.7,3.2,0.8,8,22.3,22.1,22.1,24.9,0,0,262,5.64,341,0,0,0.041,56.7,15,23.7,0,2,4,13,0,0,0,"2021_9_22_15"
24.773,23.958,1326,169,600,180,2021,9,38,265,22,3,15,1020.2,22.7,22.7,22.3,56,13.5,16,1.6,0.4,6.4,22.7,22.7,22.7,27.1,0,0,386,8.3,455,0,0,0.046,50,22,24.9,0,3,8,14,0,0,0,"2021_9_22_15"
24.962,23.611,1326,191,794,221,2021,9,38,265,22,3,15,1020,22.9,22.9,22.7,53,12.9,15.6,1.6,0.4,4.8,22.9,22.8,22.8,26.8,0,0,337,7.25,434,0,0,0.048,52.6,18,23.9,0,4,10,9,0,0,0,"2021_9_22_15"
24.885,23.232,1660,9,2340,0,2021,9,38,265,22,3,16,1019.8,22.7,22.9,22.7,55,13.2,15.8,3.2,0.8,6.4,22.7,22.6,22.6,26,0,0,283,6.09,302,0.2,0,0.046,56.4,13,23.4,0,5,0,11,0,0,0,"2021_9_22_16"
23.525,22.907,1660,351,2397,347,2021,9,38,265,22,3,16,1019.9,22.3,22.7,22.3,57,13.4,15.9,3.2,0.8,8,22.3,22.2,22.2,25.3,0,0,250,5.38,285,0,0,0.042,57.2,10,22.9,0,6,1,1,0,0,0,"2021_9_22_16"
25.134,24.957,1072,14,1740,0,2021,9,38,265,22,3,16,1020.3,22.8,22.8,22.3,54,13,15.7,1.6,0.4,8,22.8,22.7,22.7,26.8,0,0,314,6.75,445,0,0,0.047,52.7,14,23.6,0,7,4,0,0,0,0,"2021_9_22_16"
24.545,23.151,1072,346,1816,343,2021,9,38,265,22,3,16,1019.7,23,23.2,22.9,54,13.2,15.9,3.2,0.8,11.3,23,22.9,22.9,28,0,0,379,8.15,436,0,0,0.049,53.4,10,23.1,0,0,0,0,0,0,0,"2021_9_22_16"
22.815,22.815,747,160,0,0,2021,9,38,265,22,3,17,1019.5,22.7,23,22.7,53,12.6,15.4,4.8,1.21,12.9,22.7,22.5,22.5,26.2,0,0,269,5.79,325,0.2,0,0.045,57.7,5,22.3,0,1,4,0,0,0,0,"2021_9_22_17"
23.153,22.493,747,200,520,270,2021,9,38,265,22,3,17,1019.4,22.2,22.7,22.2,54,12.5,15.2,4.8,1.21,12.9,22.2,21.9,21.9,24.1,0,0,166,3.57,218,0,0,0.041,56.4,6,21.4,0,2,4,0,0,0,0,"2021_9_22_17"
23.334,22.751,1326,169,600,180,2021,9,38,265,22,3,17,1019.5,22.3,22.4,22.2,56,13.1,15.7,4.8,1.21,9.7,22.3,22.1,22.1,25.8,0,0,235,5.06,262,0,0,0.042,57.9,6,21.6,0,3,12,11,0,0,0,"2021_9_22_17"
22.479,21.595,1326,191,794,221,2021,9,38,265,22,3,17,1019.4,22.3,22.4,22.3,57,13.3,15.8,4.8,1.21,9.7,22.3,22.1,22.1,25.6,0,0,218,4.69,246,0,0,0.041,61.5,6,21.4,0,4,13,11,0,0,0,"2021_9_22_17"
21.724,20.951,1660,9,2340,0,2021,9,38,265,22,3,18,1019.1,22,22.3,21.9,56,12.8,15.4,3.2,0.8,9.7,22,21.7,21.7,24.3,0,0,161,3.46,181,0.15,0,0.038,56.9,4,20.8,0,5,13,0,0,0,0,"2021_9_22_18"
20.546,19.743,1660,351,2397,347,2021,9,38,265,22,3,18,1019.2,21.6,22,21.6,58,13,15.5,3.2,0.8,8,21.6,21.3,21.3,22.5,0,0,92,1.98,139,0,0,0.034,66.8,1,19.9,0,6,4,11,0,0,0,"2021_9_22_18"
19.667,18.907,1072,14,1740,0,2021,9,38,265,22,3,18,1019.1,20.8,21.6,20.8,63,13.5,15.6,1.6,0.4,3.2,20.8,20.6,20.6,20.7,0,0,40,0.86,58,0,0,0.025,69.8,1,18.9,0,7,13,11,0,0,0,"2021_9_22_18"
18.946,18.252,1072,346,1816,343,2021,9,38,265,22,3,18,1019.2,19.9,20.8,19.9,66,13.4,15.4,0,0,3.2,19.9,19.9,19.9,19.7,0,0,29,0.62,35,0,0,0.017,74.6,1,18.2,0,0,9,10,0,0,0,"2021_9_22_18"
17.972,17.972,747,160,0,0,2021,9,38,265,22,3,19,1019,19.3,19.9,19.3,69,13.5,15.3,1.6,0.4,3.2,19.3,19.3,19.3,18.3,0,0,21,0.45,25,0.05,0,0.01,79.2,0,17.5,0,1,13,10,0,0,0,"2021_9_22_19"
17.119,16.936,747,200,520,270,2021,9,38,265,22,3,19,1019.3,18.6,19.3,18.6,73,13.6,15.2,0,0,0,18.6,18.6,18.6,17.4,0,0,7,0.15,14,0,0,0.002,82.8,0,16.6,0,2,9,8,0,0,0,"2021_9_22_19"
16.421,16.677,1326,169,600,180,2021,9,38,265,22,3,19,1019.4,17.9,18.6,17.9,75,13.4,14.9,0,0,0,17.9,17.9,17.9,16.6,0,0,0,0,0,0,0.004,0,85.6,0,16,0,3,9,8,0,0,0,"2021_9_22_19"
15.986,15.991,1326,191,794,221,2021,9,38,265,22,3,19,1019.4,17.3,17.9,17.3,78,13.4,14.7,0,0,0,17.3,17.3,17.3,16,0,0,0,0,0,0,0.011,0,87.8,0,15.6,0,4,9,8,0,0,0,"2021_9_22_19"
15.508,15.712,1660,9,2340,0,2021,9,38,265,22,3,20,1019.6,16.8,17.3,16.8,80,13.3,14.5,0,0,0,16.8,16.8,16.8,15.5,0,0,0,0,0,0,0.016,0,90.2,0,15.2,0,5,9,8,0,0,0,"2021_9_22_20"
15.406,15.496,1660,351,2397,347,2021,9,38,265,22,3,20,1019.6,16.2,16.7,16.2,82,13.1,14.2,0,0,3.2,16.2,16.2,16.2,14.9,0,0,0,0,0,0,0.023,0,90.2,0,14.8,0,6,9,10,0,0,0,"2021_9_22_20"
15.499,15.084,1072,14,1740,0,2021,9,38,265,22,3,20,1019.6,16.2,16.2,16.1,82,13.1,14.2,0,0,1.6,16.2,16.2,16.2,14.9,0,0,0,0,0,0,0.023,0,91.2,0,14.6,0,7,9,9,0,0,0,"2021_9_22_20"
15.616,15.221,1072,346,1816,343,2021,9,38,265,22,3,20,1019.7,15.8,16.2,15.8,83,12.9,13.9,0,0,3.2,15.8,15.8,15.8,14.5,0,0,0,0,0,0,0.027,0,91,0,14.6,0,0,9,9,0,0,0,"2021_9_22_20"
15.877,15.877,747,160,0,0,2021,9,38,265,22,3,21,1019.9,15.9,15.9,15.7,82,12.9,14,1.6,0.4,3.2,15.9,15.9,15.9,14.6,0,0,0,0,0,0.03,0.025,0,91.6,0,14.7,0,1,11,12,0,0,0,"2021_9_22_21"
15.569,15.606,747,200,520,270,2021,9,38,265,22,3,21,1020.2,15.5,16,15.4,84,12.8,13.8,1.6,0.4,6.4,15.5,15.5,15.5,14.2,0,0,0,0,0,0,0.03,0,89.5,0,14.6,0,2,0,1,0,0,0,"2021_9_22_21"
15.569,15.631,1326,169,600,180,2021,9,38,265,22,3,21,1020.5,15.9,15.9,15.4,83,13,14,1.6,0.4,6.4,15.9,15.9,15.9,14.6,0,0,0,0,0,0,0.025,0,89.9,0,14.6,0,3,12,11,0,0,0,"2021_9_22_21"
15.218,15.087,1326,191,794,221,2021,9,38,265,22,3,21,1020.6,16.3,16.3,15.8,81,13,14.2,1.6,0.4,4.8,16.3,16.3,16.3,15,0,0,0,0,0,0,0.021,0,91.4,0,14.4,0,4,4,0,0,0,0,"2021_9_22_21"
15.052,14.981,1660,9,2340,0,2021,9,38,265,22,3,22,1020.6,15.9,16.3,15.9,82,12.9,14,0,0,1.6,15.9,15.9,15.9,14.6,0,0,0,0,0,0.03,0.025,0,92.6,0,14.2,0,5,9,11,0,0,0,"2021_9_22_22"
14.819,14.625,1660,351,2397,347,2021,9,38,265,22,3,22,1020.7,15.3,15.9,15.3,84,12.6,13.6,0,0,1.6,15.3,15.3,15.3,14,0,0,0,0,0,0,0.031,0,93.5,0,14,0,6,9,11,0,0,0,"2021_9_22_22"
14.565,14.396,1072,14,1740,0,2021,9,38,265,22,3,22,1020.6,14.9,15.4,14.9,86,12.6,13.4,0,0,3.2,14.9,14.9,14.9,13.5,0,0,0,0,0,0,0.036,0,93.4,0,13.7,0,7,9,11,0,0,0,"2021_9_22_22"
14.524,14.454,1072,346,1816,343,2021,9,38,265,22,3,22,1020.8,14.4,14.9,14.4,87,12.3,13,0,0,3.2,14.4,14.4,14.4,13.1,0,0,0,0,0,0,0.041,0,94.8,0,13.7,0,0,9,11,0,0,0,"2021_9_22_22"
14.102,14.102,747,160,0,0,2021,9,38,265,22,3,23,1020.8,14,14.4,14,88,12,12.8,0,0,3.2,14,14,14,12.7,0,0,0,0,0,0,0.045,0,93,0,13.4,0,1,9,11,0,0,0,"2021_9_22_23"
13.694,13.628,747,200,520,270,2021,9,38,265,22,3,23,1020.8,13.8,14,13.8,90,12.2,12.8,0,0,0,13.8,13.8,13.8,12.5,0,0,0,0,0,0,0.047,0,93.8,0,13,0,2,9,8,0,0,0,"2021_9_22_23"
13.864,13.979,1326,169,600,180,2021,9,38,265,22,3,23,1020.9,13.6,13.8,13.6,90,12,12.6,0,0,0,13.6,13.7,13.7,12.3,0,0,0,0,0,0,0.049,0,94.5,0,13,0,3,9,8,0,0,0,"2021_9_22_23"
13.532,13.512,1326,191,794,221,2021,9,38,265,22,3,23,1021,13.3,13.6,13.3,91,11.9,12.5,0,0,0,13.3,13.4,13.4,12.1,0,0,0,0,0,0,0.052,0,94.5,0,12.8,0,4,9,8,0,0,0,"2021_9_22_23"
13.183,13.526,1660,9,2340,0,2021,9,38,266,23,4,0,1021.1,13.2,13.3,13.2,91,11.8,12.3,0,0,0,13.2,13.3,13.3,12,0,0,0,0,0,0,0.053,0,94.8,0,12.5,0,5,9,8,0,0,0,"2021_9_23_0"
12.986,13.177,1660,351,2397,347,2021,9,38,266,23,4,0,1021.4,13.1,13.3,13.1,92,11.8,12.3,0,0,0,13.1,13.2,13.2,11.8,0,0,0,0,0,0,0.055,0,94.4,0,12.4,0,6,9,8,0,0,0,"2021_9_23_0"
13.041,13.063,1072,14,1740,0,2021,9,38,266,23,4,0,1021.6,12.9,13.1,12.9,92,11.6,12.1,0,0,0,12.9,13,13,11.6,0,0,0,0,0,0,0.057,0,95,0,12.4,0,7,9,8,0,0,0,"2021_9_23_0"
13.043,13.243,1072,346,1816,343,2021,9,38,266,23,4,0,1021.6,12.8,12.9,12.8,93,11.7,12.2,0,0,1.6,12.8,13,13,11.6,0,0,0,0,0,0,0.057,0,95.5,0,12.3,0,0,9,0,0,0,0,"2021_9_23_0"
12.725,12.725,747,160,0,0,2021,9,38,266,23,4,1,1021.6,12.6,12.8,12.6,92,11.3,11.8,0,0,0,12.6,12.7,12.7,11.3,0,0,0,0,0,0,0.06,0,95.9,0,12.1,0,1,9,8,0,0,0,"2021_9_23_1"
12.829,12.749,747,200,520,270,2021,9,38,266,23,4,1,1021.5,12.5,12.6,12.4,94,11.6,11.9,0,0,0,12.5,12.6,12.6,11.3,0,0,0,0,0,0,0.061,0,96.3,0,12,0,2,9,8,0,0,0,"2021_9_23_1"
12.56,12.551,1326,169,600,180,2021,9,38,266,23,4,1,1021.5,12.3,12.6,12.3,94,11.3,11.7,0,0,1.6,12.3,12.4,12.4,11.1,0,0,0,0,0,0,0.063,0,96.6,0,11.9,0,3,9,0,0,0,0,"2021_9_23_1"
12.488,12.6,1326,191,794,221,2021,9,38,266,23,4,1,1021.7,12.2,12.3,12.1,95,11.4,11.7,0,0,1.6,12.2,12.3,12.3,11,0,0,0,0,0,0,0.064,0,96.4,0,11.9,0,4,9,0,0,0,0,"2021_9_23_1"
12.248,12.686,1660,9,2340,0,2021,9,38,266,23,4,2,1021.7,12.5,12.5,12.2,95,11.7,12,0,0,1.6,12.5,12.7,12.7,11.3,0,0,0,0,0,0,0.061,0,96.5,0,11.7,0,5,9,0,0,0,0,"2021_9_23_2"
11.972,12.308,1660,351,2397,347,2021,9,38,266,23,4,2,1021.6,12.4,12.6,12.4,94,11.5,11.9,0,0,0,12.4,12.6,12.6,11.2,0,0,0,0,0,0,0.061,0,96.6,0,11.5,0,6,9,8,0,0,0,"2021_9_23_2"
12.009,12.009,1072,14,1740,0,2021,9,38,266,23,4,2,1021.8,12.1,12.4,12,93,11,11.4,0,0,1.6,12.1,12.2,12.2,10.8,0,0,0,0,0,0,0.065,0,97,0,11.3,0,7,9,0,0,0,0,"2021_9_23_2"
11.856,12.249,1072,346,1816,343,2021,9,38,266,23,4,2,1021.8,11.9,12.1,11.9,94,11,11.4,0,0,0,11.9,12.1,12.1,10.7,0,0,0,0,0,0,0.067,0,97.2,0,11.3,0,0,9,8,0,0,0,"2021_9_23_2"
11.698,11.698,747,160,0,0,2021,9,38,266,23,4,3,1021.8,11.7,11.9,11.7,94,10.8,11.2,0,0,0,11.7,11.9,11.9,10.5,0,0,0,0,0,0,0.069,0,96.1,0,11.2,0,1,9,8,0,0,0,"2021_9_23_3"
11.595,11.853,747,200,520,270,2021,9,38,266,23,4,3,1021.8,11.9,11.9,11.7,96,11.3,11.5,0,0,0,11.9,12.1,12.1,10.7,0,0,0,0,0,0,0.067,0,96.8,0,11.1,0,2,9,8,0,0,0,"2021_9_23_3"
11.452,11.543,1326,169,600,180,2021,9,38,266,23,4,3,1021.5,11.7,11.9,11.7,94,10.7,11.1,0,0,0,11.7,11.8,11.8,10.4,0,0,0,0,0,0,0.069,0,97,0,10.8,0,3,9,8,0,0,0,"2021_9_23_3"
11.225,11.57,1326,191,794,221,2021,9,38,266,23,4,3,1021.4,11.2,11.7,11.2,94,10.2,10.6,0,0,1.6,11.2,11.4,11.4,9.9,0,0,0,0,0,0,0.075,0,96.5,0,10.8,0,4,9,0,0,0,0,"2021_9_23_3"
11.03,11.601,1660,9,2340,0,2021,9,38,266,23,4,4,1021.2,11.2,11.2,11.1,94,10.2,10.6,0,0,0,11.2,11.4,11.4,9.9,0,0,0,0,0,0,0.075,0,96.8,0,10.7,0,5,9,8,0,0,0,"2021_9_23_4"
10.902,11.502,1660,351,2397,347,2021,9,38,266,23,4,4,1021.4,10.9,11.2,10.9,95,10.2,10.5,0,0,0,10.9,11.2,11.2,9.7,0,0,0,0,0,0,0.077,0,96.5,0,10.6,0,6,9,8,0,0,0,"2021_9_23_4"
10.847,10.934,1072,14,1740,0,2021,9,38,266,23,4,4,1021.3,10.8,11,10.8,95,10.1,10.4,0,0,0,10.8,11.1,11.1,9.6,0,0,0,0,0,0,0.078,0,97,0,10.4,0,7,9,8,0,0,0,"2021_9_23_4"
11.206,11.291,1072,346,1816,343,2021,9,38,266,23,4,4,1021.2,10.7,10.8,10.7,95,10,10.3,0,0,0,10.7,10.9,10.9,9.5,0,0,0,0,0,0,0.079,0,97.8,0,10.4,0,0,9,8,0,0,0,"2021_9_23_4"
10.94,10.94,747,160,0,0,2021,9,38,266,23,4,5,1021.3,10.6,10.7,10.5,96,9.9,10.2,0,0,0,10.6,10.8,10.8,9.4,0,0,0,0,0,0,0.081,0,96.9,0,10.3,0,1,9,8,0,0,0,"2021_9_23_5"
10.738,10.876,747,200,520,270,2021,9,38,266,23,4,5,1021.2,10.4,10.6,10.4,96,9.8,10.1,0,0,0,10.4,10.7,10.7,9.3,0,0,0,0,0,0,0.082,0,96.8,0,10.1,0,2,9,8,0,0,0,"2021_9_23_5"
10.699,10.785,1326,169,600,180,2021,9,38,266,23,4,5,1021,10.4,10.6,10.4,96,9.8,10.1,0,0,0,10.4,10.7,10.7,9.3,0,0,0,0,0,0,0.082,0,97.6,0,10,0,3,9,8,0,0,0,"2021_9_23_5"
10.553,10.814,1326,191,794,221,2021,9,38,266,23,4,5,1021.3,10.3,10.4,10.2,96,9.7,9.9,0,0,0,10.3,10.6,10.6,9.1,0,0,0,0,0,0,0.084,0,97.5,0,10.1,0,4,9,8,0,0,0,"2021_9_23_5"
10.348,10.777,1660,9,2340,0,2021,9,38,266,23,4,6,1021.3,10.3,10.3,10.2,96,9.7,9.9,0,0,0,10.3,10.6,10.6,9.1,0,0,0,0,0,0,0.084,0,97.8,0,9.9,0,5,9,8,0,0,0,"2021_9_23_6"
10.343,10.704,1660,351,2397,347,2021,9,38,266,23,4,6,1021.4,10.2,10.3,10.2,96,9.6,9.8,0,0,0,10.2,10.4,10.4,9,0,0,0,0,0,0,0.085,0,98.3,0,9.8,0,6,9,8,0,0,0,"2021_9_23_6"
10.129,10.331,1072,14,1740,0,2021,9,38,266,23,4,6,1021.4,10.2,10.2,10.1,97,9.7,9.9,0,0,0,10.2,10.5,10.5,9,0,0,0,0,0,0,0.085,0,98,0,9.8,0,7,9,8,0,0,0,"2021_9_23_6"
10.139,10.348,1072,346,1816,343,2021,9,38,266,23,4,6,1021.5,10.1,10.2,10.1,96,9.5,9.8,0,0,0,10.1,10.4,10.4,9,0,0,0,0,0,0,0.086,0,98.7,0,9.6,0,0,9,8,0,0,0,"2021_9_23_6"
10.033,10.033,747,160,0,0,2021,9,38,266,23,4,7,1021.4,10.3,10.3,10.1,97,9.8,10,0,0,1.6,10.3,10.6,10.6,9.1,0,0,0,0,0,0,0.084,0,98.8,0,9.6,0,1,9,0,0,0,0,"2021_9_23_7"
10.502,10.669,747,200,520,270,2021,9,38,266,23,4,7,1021.4,10.2,10.3,10.2,96,9.6,9.9,0,0,1.6,10.2,10.5,10.5,9.1,0,0,2,0.04,7,0,0.084,0,99.1,0,9.7,0,2,9,0,0,0,0,"2021_9_23_7"
10.997,10.826,1326,169,600,180,2021,9,38,266,23,4,7,1021.9,10.2,10.2,10,97,9.8,10,0,0,0,10.2,10.5,10.5,9.2,0,0,12,0.26,18,0,0.084,0,99.6,0,10,0,3,9,8,0,0,0,"2021_9_23_7"
11.957,11.981,1326,191,794,221,2021,9,38,266,23,4,7,1021.8,10.7,10.7,10.2,97,10.2,10.4,0,0,1.6,10.7,10.9,10.9,9.8,0,0,22,0.47,28,0,0.08,0,100,1,10.8,0,4,9,10,0,0,0,"2021_9_23_7"
13.348,13.216,1660,9,2340,0,2021,9,38,266,23,4,8,1022.2,11.4,11.4,10.7,98,11.1,11.3,0,0,0,11.4,11.7,11.7,11.8,0,0,42,0.9,56,0,0.072,0,100,2,11.7,0,5,9,8,0,0,0,"2021_9_23_8"
14.995,15.018,1660,351,2397,347,2021,9,38,266,23,4,8,1022.4,12.6,12.6,11.4,98,12.3,12.4,0,0,0,12.6,12.9,12.9,13.7,0,0,73,1.57,88,0,0.06,0,100,3,12.9,0,6,9,8,0,0,0,"2021_9_23_8"
16.347,16.627,1072,14,1740,0,2021,9,38,266,23,4,8,1022.5,14,14,12.6,98,13.7,13.8,0,0,0,14,14.3,14.3,15.9,0,0,109,2.34,127,0,0.045,0,100,3,14.2,0,7,9,8,0,0,0,"2021_9_23_8"
17.947,17.73,1072,346,1816,343,2021,9,38,266,23,4,8,1022.6,15.6,15.6,14,94,14.6,14.9,0,0,1.6,15.6,15.9,15.9,18.2,0,0,148,3.18,174,0,0.029,0,98.1,4,15.6,0,0,9,12,0,0,0,"2021_9_23_8"
19.16,19.16,747,160,0,0,2021,9,38,266,23,4,9,1022.5,16.4,16.4,15.6,87,14.2,15,1.6,0.4,3.2,16.4,16.6,16.6,19.6,0,0,196,4.22,214,0.08,0.02,0,94.3,5,16.8,0,1,4,11,0,0,0,"2021_9_23_9"
20.939,21.266,747,200,520,270,2021,9,38,266,23,4,9,1022.3,17.4,17.4,16.4,84,14.7,15.6,1.6,0.4,3.2,17.4,17.7,17.7,21.4,0,0,242,5.21,264,0,0.009,0,89.5,6,17.8,0,2,4,0,0,0,0,"2021_9_23_9"
22.126,20.153,1326,169,600,180,2021,9,38,266,23,4,9,1022.1,18.2,18.2,17.4,83,15.2,16.2,1.6,0.4,6.4,18.2,18.5,18.5,22.7,0,0,287,6.17,306,0,0.002,0,85,8,18.8,0,3,3,13,0,0,0,"2021_9_23_9"
23.579,23.003,1326,191,794,221,2021,9,38,266,23,4,9,1022.4,18.6,18.6,18.2,80,15.1,16.2,3.2,0.8,8,18.6,19,19,23.5,0,0,327,7.03,346,0,0,0.003,79.3,9,19.6,0,4,0,1,0,0,0,"2021_9_23_9"
25.001,21.215,1660,9,2340,0,2021,9,38,266,23,4,10,1022.6,19.1,19.1,18.6,76,14.8,16.1,3.2,0.8,6.4,19.1,19.4,19.4,24.2,0,0,364,7.83,390,0.18,0,0.008,74.5,28,20.6,0,5,0,1,0,0,0,"2021_9_23_10"
24.824,23.333,1660,351,2397,347,2021,9,38,266,23,4,10,1022.7,20,20,19.1,72,14.8,16.4,1.6,0.4,6.4,20,20.3,20.3,25.4,0,0,407,8.75,418,0,0,0.017,69.7,24,21.2,0,6,0,1,0,0,0,"2021_9_23_10"
25.667,24.934,1072,14,1740,0,2021,9,38,266,23,4,10,1022.4,20.6,20.6,20,70,14.9,16.6,1.6,0.4,4.8,20.6,20.9,20.9,26.2,0,0,439,9.44,464,0,0,0.024,70.5,33,21.8,0,7,3,0,0,0,0,"2021_9_23_10"
27.353,24.391,1072,346,1816,343,2021,9,38,266,23,4,10,1022.5,20.7,20.9,20.6,69,14.8,16.5,3.2,0.8,6.4,20.7,20.9,20.9,26.4,0,0,483,10.39,503,0,0,0.024,67.8,36,22.4,0,0,3,0,0,0,0,"2021_9_23_10"
27.003,27.003,747,160,0,0,2021,9,38,266,23,4,11,1022.4,20.9,20.9,20.7,67,14.6,16.5,3.2,0.8,8,20.9,21,21,26.8,0,0,530,11.4,557,0.28,0,0.027,63.6,20,23.3,0,1,0,1,0,0,0,"2021_9_23_11"
24.978,25.386,747,200,520,270,2021,9,38,266,23,4,11,1021.9,20.9,21.1,20.9,66,14.4,16.3,3.2,0.8,9.7,20.9,20.9,20.9,26.8,0,0,570,12.26,608,0,0,0.027,60.6,7,23.5,0,2,2,1,0,0,0,"2021_9_23_11"
27.602,25.065,1326,169,600,180,2021,9,38,266,23,4,11,1021.6,20.6,20.9,20.6,67,14.3,16.2,4.8,1.21,11.3,20.6,20.7,20.7,23.9,0,0,291,6.26,596,0,0,0.024,65.3,18,22.7,0,3,1,1,0,0,0,"2021_9_23_11"
27.724,26.62,1326,191,794,221,2021,9,38,266,23,4,11,1021.5,20.9,21.2,20.6,63,13.6,15.8,3.2,0.8,11.3,20.9,20.8,20.8,26.1,0,0,501,10.78,673,0,0,0.027,59.3,20,23.1,0,4,7,5,0,0,0,"2021_9_23_11"
30.145,25.778,1660,9,2340,0,2021,9,38,266,23,4,12,1022.1,21.4,21.4,20.8,64,14.3,16.4,3.2,0.8,9.7,21.4,21.4,21.4,27.5,0,0,673,14.48,749,0.3,0,0.032,56.7,23,25.4,0,5,5,5,0,0,0,"2021_9_23_12"
29.916,25.797,1660,351,2397,347,2021,9,38,266,23,4,12,1021.8,22,22.1,21.5,60,13.9,16.2,4.8,1.21,12.9,22,21.9,21.9,27.6,0,0,744,16,773,0,0,0.038,49.3,26,26.5,0,6,1,13,0,0,0,"2021_9_23_12"
26.079,23.493,1072,14,1740,0,2021,9,38,266,23,4,12,1021.1,21.7,22,21.7,62,14.1,16.2,3.2,0.8,9.7,21.7,21.5,21.5,25.5,0,0,372,8,795,0,0,0.035,56,13,24.6,0,7,6,2,0,0,0,"2021_9_23_12"
24.163,22.315,1072,346,1816,343,2021,9,38,266,23,4,12,1021.1,21.5,21.7,21.5,61,13.7,15.9,3.2,0.8,9.7,21.5,21.3,21.3,24.2,0,0,285,6.13,345,0,0,0.033,70,9,23,0,0,2,5,0,0,0,"2021_9_23_12"
26.074,26.074,747,160,0,0,2021,9,38,266,23,4,13,1021.4,21.3,21.4,21.2,61,13.5,15.7,3.2,0.8,11.3,21.3,21,21,23.1,0,0,218,4.69,262,0.28,0,0.031,56.7,22,23.8,0,1,7,4,0,0,0,"2021_9_23_13"
24.101,23.913,747,200,520,270,2021,9,38,266,23,4,13,1021.3,21.8,21.9,21.3,61,14,16.2,3.2,0.8,9.7,21.8,21.7,21.7,26.2,0,0,427,9.19,796,0,0,0.036,59.8,11,23.2,0,2,5,4,0,0,0,"2021_9_23_13"
27.634,25.946,1326,169,600,180,2021,9,38,266,23,4,13,1021.3,21.6,21.8,21.6,61,13.8,16,4.8,1.21,11.3,21.6,21.4,21.4,24.5,0,0,299,6.43,348,0,0,0.034,58.5,25,23.9,0,3,6,5,0,0,0,"2021_9_23_13"
27.899,26.899,1326,191,794,221,2021,9,38,266,23,4,13,1021.7,22.6,22.6,21.6,56,13.3,15.9,3.2,0.8,11.3,22.6,22.4,22.4,28.6,0,0,699,15.04,800,0,0,0.044,57.5,18,26.8,0,4,1,2,0,0,0,"2021_9_23_13"
25.974,23.391,1660,9,2340,0,2021,9,38,266,23,4,14,1021.7,22.8,22.8,22.4,57,13.9,16.3,3.2,0.8,11.3,22.8,22.9,22.9,29,0,0,702,15.1,717,0.33,0,0.047,50.8,10,26.8,0,5,6,5,0,0,0,"2021_9_23_14"
25.089,25.21,1660,351,2397,347,2021,9,38,266,23,4,14,1021.1,22.4,22.8,22.2,59,14,16.3,3.2,0.8,8,22.4,22.3,22.3,25.1,0,0,268,5.76,666,0,0,0.042,62.3,11,23.7,0,6,5,2,0,0,0,"2021_9_23_14"
29.435,26.439,1072,14,1740,0,2021,9,38,266,23,4,14,1021,22.9,23,22.4,57,14,16.4,4.8,1.21,12.9,22.9,23,23,29,0,0,714,15.36,737,0,0,0.048,54.5,22,28.3,0,7,2,4,0,0,0,"2021_9_23_14"
27.411,25.363,1072,346,1816,343,2021,9,38,266,23,4,14,1020.8,23.3,23.3,22.9,55,13.7,16.3,4.8,1.21,9.7,23.3,23.3,23.3,29.1,0,0,711,15.29,729,0,0,0.052,45.6,28,29.1,0,0,2,2,0,0,0,"2021_9_23_14"
26.919,26.919,747,160,0,0,2021,9,38,266,23,4,15,1020,23.5,23.7,23.2,54,13.7,16.3,3.2,0.8,14.5,23.5,23.5,23.5,29.6,0,0,652,14.03,721,0.38,0,0.054,43.1,24,28.5,0,1,8,7,0,0,0,"2021_9_23_15"
28.981,28.478,747,200,520,270,2021,9,38,266,23,4,15,1020.3,23.6,23.6,23.3,55,14,16.6,4.8,1.21,12.9,23.6,23.7,23.7,29.8,0,0,706,15.19,735,0,0,0.055,41.6,27,28.9,0,2,6,16,0,0,0,"2021_9_23_15"
27.45,26.552,1326,169,600,180,2021,9,38,266,23,4,15,1019.7,23.4,23.6,23.4,54,13.6,16.2,6.4,1.61,17.7,23.4,23.5,23.5,29.4,0,0,632,13.59,733,0,0,0.053,49.5,25,27.8,0,3,2,4,0,0,0,"2021_9_23_15"
28.942,27.522,1326,191,794,221,2021,9,38,266,23,4,15,1019.8,23.3,23.4,23.1,53,13.2,15.9,6.4,1.61,14.5,23.3,23.3,23.3,29,0,0,522,11.23,629,0,0,0.052,53.8,23,27.4,0,4,5,4,0,0,0,"2021_9_23_15"
28.089,26.491,1660,9,2340,0,2021,9,38,266,23,4,16,1019.8,23.4,23.4,23.2,55,13.8,16.4,6.4,1.61,12.9,23.4,23.4,23.4,29.4,0,0,542,11.66,582,0.41,0,0.053,51.9,27,27.2,0,5,2,1,0,0,0,"2021_9_23_16"
26.902,24.702,1660,351,2397,347,2021,9,38,266,23,4,16,1019.3,23.3,23.4,23.3,53,13.2,15.9,4.8,1.21,12.9,23.3,23.3,23.3,28.7,0,0,450,9.68,522,0,0,0.052,50.1,8,25.8,0,6,2,4,0,0,0,"2021_9_23_16"
25.594,25.585,1072,14,1740,0,2021,9,38,266,23,4,16,1018.5,23,23.4,23,56,13.7,16.3,3.2,0.8,11.3,23,23,23,25.3,0,0,190,4.09,418,0,0,0.049,61.8,14,23.8,0,7,6,1,0,0,0,"2021_9_23_16"
25.803,24.62,1072,346,1816,343,2021,9,38,266,23,4,16,1018.9,22.8,23,22.7,56,13.6,16.1,6.4,1.61,17.7,22.8,22.8,22.8,26.9,0,0,302,6.5,417,0,0,0.047,53.7,14,23.9,0,0,0,1,0,0,0,"2021_9_23_16"
26.79,26.79,747,160,0,0,2021,9,38,266,23,4,17,1019,23.4,23.4,22.8,55,13.8,16.4,6.4,1.61,11.3,23.4,23.4,23.4,28.9,0,0,415,8.93,425,0.25,0,0.053,52.7,12,24.4,0,1,4,0,0,0,0,"2021_9_23_17"
26.202,25.063,747,200,520,270,2021,9,38,266,23,4,17,1018.5,23.7,23.7,23.4,52,13.2,16,4.8,1.21,9.7,23.7,23.7,23.7,28.6,0,0,349,7.51,387,0,0,0.056,57.2,10,24.1,0,2,1,1,0,0,0,"2021_9_23_17"
25.148,24.009,1326,169,600,180,2021,9,38,266,23,4,17,1018.4,23.4,23.7,23.3,53,13.3,16,4.8,1.21,11.3,23.4,23.4,23.4,27.7,0,0,279,6,309,0,0,0.053,53.4,8,23.5,0,3,5,5,0,0,0,"2021_9_23_17"
23.471,22.549,1326,191,794,221,2021,9,38,266,23,4,17,1017.9,22.9,23.4,22.9,54,13.1,15.8,4.8,1.21,12.9,22.9,22.9,22.9,26.5,0,0,224,4.82,246,0,0,0.048,54.7,6,22.4,0,4,6,5,0,0,0,"2021_9_23_17"
22.669,21.809,1660,9,2340,0,2021,9,38,266,23,4,18,1018.1,22.5,22.9,22.5,55,13,15.6,4.8,1.21,12.9,22.5,22.3,22.3,25.2,0,0,174,3.74,206,0.2,0,0.043,63.5,4,21.7,0,5,5,5,0,0,0,"2021_9_23_18"
21.742,20.478,1660,351,2397,347,2021,9,38,266,23,4,18,1017.9,22.1,22.5,22.1,58,13.5,15.9,3.2,0.8,6.4,22.1,21.9,21.9,23.7,0,0,114,2.45,142,0,0,0.039,68.8,2,20.9,0,6,5,4,0,0,0,"2021_9_23_18"
20.503,19.521,1072,14,1740,0,2021,9,38,266,23,4,18,1017.6,21.6,22.1,21.6,61,13.8,16,1.6,0.4,4.8,21.6,21.4,21.4,22.1,0,0,63,1.36,77,0,0,0.034,70.7,1,19.7,0,7,6,4,0,0,0,"2021_9_23_18"
19.355,18.414,1072,346,1816,343,2021,9,38,266,23,4,18,1017.8,21.1,21.6,21,60,13,15.4,1.6,0.4,4.8,21.1,20.7,20.7,20.7,0,0,36,0.77,49,0,0,0.028,77.7,1,18.8,0,0,5,4,0,0,0,"2021_9_23_18"
18.146,18.146,747,160,0,0,2021,9,38,266,23,4,19,1017.4,20.9,21.2,20.9,65,14.1,16.1,1.6,0.4,3.2,20.9,20.8,20.8,19.8,0,0,18,0.39,28,0.05,0,0.027,80.7,0,17.8,0,1,5,4,0,0,0,"2021_9_23_19"
17.241,17.289,747,200,520,270,2021,9,38,266,23,4,19,1017.4,19.9,20.9,19.9,72,14.7,16.3,0,0,0,19.9,20.2,20.2,19,0,0,5,0.11,11,0,0,0.017,84.7,0,16.9,0,2,9,8,0,0,0,"2021_9_23_19"
16.601,16.688,1326,169,600,180,2021,9,38,266,23,4,19,1017.5,18.7,19.9,18.7,73,13.8,15.4,0,0,0,18.7,18.8,18.8,17.5,0,0,0,0,0,0,0,0.004,87,0,16.2,0,3,9,8,0,0,0,"2021_9_23_19"
15.903,16.101,1326,191,794,221,2021,9,38,266,23,4,19,1017.7,17.8,18.7,17.8,78,13.9,15.2,0,0,0,17.8,18,18,16.7,0,0,0,0,0,0,0.005,0,87.2,0,15.6,0,4,9,8,0,0,0,"2021_9_23_19"
15.42,15.524,1660,9,2340,0,2021,9,38,266,23,4,20,1017.6,17.1,17.8,17.1,81,13.8,14.9,0,0,0,17.1,17.2,17.2,15.9,0,0,0,0,0,0,0.013,0,88.9,0,15.1,0,5,9,8,0,0,0,"2021_9_23_20"
14.88,15.263,1660,351,2397,347,2021,9,38,266,23,4,20,1017.8,16.3,17.1,16.3,84,13.6,14.6,0,0,0,16.3,16.4,16.4,15.1,0,0,0,0,0,0,0.021,0,89.3,0,14.7,0,6,9,8,0,0,0,"2021_9_23_20"
14.668,14.56,1072,14,1740,0,2021,9,38,266,23,4,20,1017.8,15.7,16.3,15.7,84,13,14,0,0,1.6,15.7,15.7,15.7,14.4,0,0,0,0,0,0,0.027,0,90.3,0,14.4,0,7,9,4,0,0,0,"2021_9_23_20"
14.391,14.31,1072,346,1816,343,2021,9,38,266,23,4,20,1017.8,15.4,15.7,15.4,84,12.8,13.7,1.6,0.4,3.2,15.4,15.4,15.4,14.1,0,0,0,0,0,0,0.03,0,91.1,0,14.1,0,0,5,4,0,0,0,"2021_9_23_20"
14.418,14.418,747,160,0,0,2021,9,38,266,23,4,21,1017.9,14.9,15.4,14.9,87,12.7,13.5,1.6,0.4,6.4,14.9,14.9,14.9,13.6,0,0,0,0,0,0.03,0.036,0,92.2,0,13.8,0,1,15,9,0,0,0,"2021_9_23_21"
14.225,14.333,747,200,520,270,2021,9,38,266,23,4,21,1017.8,14.6,14.9,14.6,86,12.3,13.2,1.6,0.4,4.8,14.6,14.6,14.6,13.2,0,0,0,0,0,0,0.039,0,92.1,0,13.6,0,2,14,1,0,0,0,"2021_9_23_21"
14.048,14.093,1326,169,600,180,2021,9,38,266,23,4,21,1018.1,14.4,14.6,14.4,88,12.4,13.2,0,0,1.6,14.4,14.4,14.4,13.1,0,0,0,0,0,0,0.041,0,92.7,0,13.4,0,3,9,1,0,0,0,"2021_9_23_21"
14.189,14.114,1326,191,794,221,2021,9,38,266,23,4,21,1018.1,14.6,14.7,14.4,87,12.4,13.2,1.6,0.4,4.8,14.6,14.6,14.6,13.2,0,0,0,0,0,0,0.039,0,94.4,0,13.2,0,4,15,15,0,0,0,"2021_9_23_21"
13.786,13.732,1660,9,2340,0,2021,9,38,266,23,4,22,1018,14.1,14.6,14.1,89,12.3,12.9,0,0,1.6,14.1,14.1,14.1,12.7,0,0,0,0,0,0,0.045,0,94.3,0,13,0,5,9,15,0,0,0,"2021_9_23_22"
13.547,13.541,1660,351,2397,347,2021,9,38,266,23,4,22,1018,13.8,14.1,13.8,89,12.1,12.7,0,0,3.2,13.8,13.9,13.9,12.5,0,0,0,0,0,0,0.047,0,93.6,0,12.7,0,6,9,15,0,0,0,"2021_9_23_22"
13.667,13.246,1072,14,1740,0,2021,9,38,266,23,4,22,1018.2,14.1,14.1,13.6,89,12.3,13,1.6,0.4,8,14.1,14.2,14.2,12.8,0,0,0,0,0,0,0.044,0,96.2,0,12.8,0,7,0,1,0,0,0,"2021_9_23_22"
13.458,13.18,1072,346,1816,343,2021,9,38,266,23,4,22,1018.1,13.8,14.1,13.8,89,12.1,12.7,0,0,4.8,13.8,13.9,13.9,12.5,0,0,0,0,0,0,0.047,0,95,0,12.6,0,0,9,7,0,0,0,"2021_9_23_22"
13.433,13.433,747,160,0,0,2021,9,38,266,23,4,23,1018,13.8,13.9,13.7,90,12.2,12.8,1.6,0.4,4.8,13.8,13.9,13.9,12.5,0,0,0,0,0,0,0.047,0,96.5,0,12.6,0,1,6,4,0,0,0,"2021_9_23_23"
13.354,13.446,747,200,520,270,2021,9,38,266,23,4,23,1017.9,13.6,13.8,13.6,89,11.8,12.5,0,0,3.2,13.6,13.6,13.6,12.2,0,0,0,0,0,0,0.05,0,96,0,12.5,0,2,9,7,0,0,0,"2021_9_23_23"
13.037,13.162,1326,169,600,180,2021,9,38,266,23,4,23,1018.1,13.2,13.6,13.2,91,11.8,12.3,0,0,1.6,13.2,13.3,13.3,11.9,0,0,0,0,0,0,0.053,0,95.8,0,12.3,0,3,9,5,0,0,0,"2021_9_23_23"
12.942,12.948,1326,191,794,221,2021,9,38,266,23,4,23,1018,12.8,13.2,12.8,91,11.4,12,0,0,1.6,12.8,12.9,12.9,11.5,0,0,0,0,0,0,0.057,0,95.2,0,12.1,0,4,9,5,0,0,0,"2021_9_23_23"
12.689,12.589,1660,9,2340,0,2021,9,38,267,24,5,0,1017.8,12.6,12.9,12.6,92,11.3,11.8,0,0,1.6,12.6,12.7,12.7,11.3,0,0,0,0,0,0,0.06,0,95.8,0,11.9,0,5,9,5,0,0,0,"2021_9_24_0"
12.527,12.423,1660,351,2397,347,2021,9,38,267,24,5,0,1017.7,12.4,12.7,12.4,92,11.1,11.6,0,0,1.6,12.4,12.5,12.5,11.1,0,0,0,0,0,0,0.062,0,95.4,0,11.7,0,6,9,5,0,0,0,"2021_9_24_0"
12.287,11.96,1072,14,1740,0,2021,9,38,267,24,5,0,1017.7,12.2,12.4,12.2,93,11.1,11.6,0,0,0,12.2,12.3,12.3,11,0,0,0,0,0,0,0.064,0,95.8,0,11.4,0,7,9,8,0,0,0,"2021_9_24_0"
12.142,12.01,1072,346,1816,343,2021,9,38,267,24,5,0,1017.7,12.2,12.3,12.2,93,11.1,11.5,0,0,3.2,12.2,12.3,12.3,10.9,0,0,0,0,0,0,0.064,0,96,0,11.2,0,0,9,6,0,0,0,"2021_9_24_0"
11.951,11.951,747,160,0,0,2021,9,38,267,24,5,1,1017.5,11.9,12.2,11.9,92,10.6,11.1,0,0,3.2,11.9,12,12,10.6,0,0,0,0,0,0,0.067,0,96.8,0,11.2,0,1,9,15,0,0,0,"2021_9_24_1"
11.727,12.022,747,200,520,270,2021,9,38,267,24,5,1,1017.3,11.7,11.9,11.6,94,10.8,11.2,0,0,3.2,11.7,11.9,11.9,10.4,0,0,0,0,0,0,0.069,0,96.2,0,11,0,2,9,7,0,0,0,"2021_9_24_1"
11.657,11.78,1326,169,600,180,2021,9,38,267,24,5,1,1017.1,11.4,11.7,11.4,93,10.4,10.8,0,0,1.6,11.4,11.6,11.6,10.1,0,0,0,0,0,0,0.072,0,96.6,0,10.8,0,3,9,7,0,0,0,"2021_9_24_1"
11.567,11.633,1326,191,794,221,2021,9,38,267,24,5,1,1017.2,11.4,11.5,11.3,95,10.7,11,0,0,3.2,11.4,11.6,11.6,10.2,0,0,0,0,0,0,0.072,0,96.5,0,10.8,0,4,9,4,0,0,0,"2021_9_24_1"
11.432,11.266,1660,9,2340,0,2021,9,38,267,24,5,2,1016.9,11.3,11.6,11.3,93,10.2,10.7,0,0,4.8,11.3,11.5,11.5,10,0,0,0,0,0,0,0.073,0,96.3,0,10.7,0,5,9,14,0,0,0,"2021_9_24_2"
11.274,11.361,1660,351,2397,347,2021,9,38,267,24,5,2,1016.8,11.2,11.3,11.1,93,10.1,10.5,0,0,1.6,11.2,11.3,11.3,9.9,0,0,0,0,0,0,0.075,0,96.7,0,10.6,0,6,9,12,0,0,0,"2021_9_24_2"
11.064,11.001,1072,14,1740,0,2021,9,38,267,24,5,2,1016.9,10.9,11.2,10.9,94,10,10.4,0,0,1.6,10.9,11.1,11.1,9.7,0,0,0,0,0,0,0.077,0,96.5,0,10.4,0,7,9,12,0,0,0,"2021_9_24_2"
10.85,11.073,1072,346,1816,343,2021,9,38,267,24,5,2,1016.6,10.7,10.9,10.7,94,9.8,10.2,0,0,0,10.7,10.9,10.9,9.5,0,0,0,0,0,0,0.079,0,96.3,0,10.3,0,0,9,8,0,0,0,"2021_9_24_2"
10.77,10.77,747,160,0,0,2021,9,38,267,24,5,3,1016.7,10.6,10.7,10.6,95,9.8,10.1,0,0,0,10.6,10.8,10.8,9.3,0,0,0,0,0,0,0.081,0,96.8,0,10.2,0,1,9,8,0,0,0,"2021_9_24_3"
10.713,10.983,747,200,520,270,2021,9,38,267,24,5,3,1016.6,10.6,10.7,10.6,95,9.8,10.1,0,0,0,10.6,10.8,10.8,9.3,0,0,0,0,0,0,0.081,0,96.5,0,10.1,0,2,9,8,0,0,0,"2021_9_24_3"
10.728,10.618,1326,169,600,180,2021,9,38,267,24,5,3,1016.4,10.6,10.6,10.4,96,9.9,10.2,0,0,3.2,10.6,10.8,10.8,9.3,0,0,0,0,0,0,0.081,0,97,0,10,0,3,9,12,0,0,0,"2021_9_24_3"
10.444,10.805,1326,191,794,221,2021,9,38,267,24,5,3,1016.3,10.6,10.6,10.5,96,9.9,10.2,0,0,1.6,10.6,10.8,10.8,9.3,0,0,0,0,0,0,0.081,0,96.8,0,9.8,0,4,9,12,0,0,0,"2021_9_24_3"
10.589,10.401,1660,9,2340,0,2021,9,38,267,24,5,4,1016,10.2,10.6,10.2,95,9.4,9.7,0,0,0,10.2,10.4,10.4,8.9,0,0,0,0,0,0,0.085,0,98,0,9.8,0,5,9,8,0,0,0,"2021_9_24_4"
10.421,10.409,1660,351,2397,347,2021,9,38,267,24,5,4,1016.1,10,10.2,10,96,9.4,9.7,0,0,1.6,10,10.3,10.3,8.8,0,0,0,0,0,0,0.087,0,97.3,0,9.8,0,6,9,12,0,0,0,"2021_9_24_4"
10.21,10.109,1072,14,1740,0,2021,9,38,267,24,5,4,1016.2,9.9,10,9.9,96,9.3,9.6,0,0,3.2,9.9,10.2,10.2,8.8,0,0,0,0,0,0,0.087,0,97.5,0,9.6,0,7,9,9,0,0,0,"2021_9_24_4"
10.233,10.522,1072,346,1816,343,2021,9,38,267,24,5,4,1016.1,10.1,10.1,9.9,96,9.5,9.8,0,0,3.2,10.1,10.4,10.4,8.9,0,0,0,0,0,0,0.086,0,98.1,0,9.5,0,0,9,14,0,0,0,"2021_9_24_4"
10.13,10.13,747,160,0,0,2021,9,38,267,24,5,5,1016,9.7,10.1,9.7,96,9.1,9.4,0,0,3.2,9.7,10,10,8.5,0,0,0,0,0,0,0.09,0,97.8,0,9.6,0,1,9,14,0,0,0,"2021_9_24_5"
10,10.597,747,200,520,270,2021,9,38,267,24,5,5,1016.2,10.1,10.1,9.7,97,9.6,9.8,0,0,3.2,10.1,10.4,10.4,8.9,0,0,0,0,0,0,0.086,0,97.9,0,9.4,0,2,9,14,0,0,0,"2021_9_24_5"
9.894,10.055,1326,169,600,180,2021,9,38,267,24,5,5,1016.2,9.8,10.1,9.8,96,9.2,9.4,0,0,1.6,9.8,10.1,10.1,8.6,0,0,0,0,0,0,0.089,0,98.2,0,9.3,0,3,9,14,0,0,0,"2021_9_24_5"
9.866,10.21,1326,191,794,221,2021,9,38,267,24,5,5,1016,9.8,9.8,9.7,96,9.2,9.4,0,0,1.6,9.8,10.1,10.1,8.6,0,0,0,0,0,0,0.089,0,98.8,0,9.2,0,4,9,14,0,0,0,"2021_9_24_5"
9.946,10.063,1660,9,2340,0,2021,9,38,267,24,5,6,1016.1,9.4,9.8,9.4,95,8.6,9,0,0,0,9.4,9.7,9.7,8.2,0,0,0,0,0,0,0.093,0,98.8,0,9.3,0,5,9,8,0,0,0,"2021_9_24_6"
9.872,10.089,1660,351,2397,347,2021,9,38,267,24,5,6,1016.3,9.3,9.4,9.2,96,8.7,8.9,0,0,0,9.3,9.6,9.6,8,0,0,0,0,0,0,0.094,0,98.3,0,9.2,0,6,9,8,0,0,0,"2021_9_24_6"
9.569,9.608,1072,14,1740,0,2021,9,38,267,24,5,6,1016.3,9.2,9.3,9.2,96,8.6,8.9,0,0,0,9.2,9.5,9.5,8,0,0,0,0,0,0,0.095,0,98.2,0,9.1,0,7,9,8,0,0,0,"2021_9_24_6"
9.675,9.855,1072,346,1816,343,2021,9,38,267,24,5,6,1016.3,9.3,9.4,9.2,97,8.9,9.1,0,0,0,9.3,9.6,9.6,8.1,0,0,0,0,0,0,0.094,0,98.7,0,9,0,0,9,8,0,0,0,"2021_9_24_6"
9.688,9.688,747,160,0,0,2021,9,38,267,24,5,7,1016.3,9.1,9.3,9.1,96,8.5,8.8,0,0,0,9.1,9.4,9.4,7.9,0,0,0,0,0,0,0.096,0,98,0,8.9,0,1,9,8,0,0,0,"2021_9_24_7"
9.649,9.941,747,200,520,270,2021,9,38,267,24,5,7,1016.4,9.1,9.1,8.9,97,8.6,8.8,0,0,0,9.1,9.3,9.3,7.8,0,0,1,0.02,5,0,0.097,0,98.6,0,8.9,0,2,9,8,0,0,0,"2021_9_24_7"
9.912,9.841,1326,169,600,180,2021,9,38,267,24,5,7,1016.6,9.2,9.2,9.1,97,8.8,9,0,0,1.6,9.2,9.5,9.5,8.2,0,0,12,0.26,18,0,0.095,0,99,0,9.1,0,3,9,14,0,0,0,"2021_9_24_7"
10.704,10.884,1326,191,794,221,2021,9,38,267,24,5,7,1016.7,9.8,9.8,9.2,97,9.4,9.6,1.6,0.4,3.2,9.8,10.1,10.1,9,0,0,24,0.52,30,0,0.089,0,99.8,1,9.6,0,4,14,14,0,0,0,"2021_9_24_7"
11.866,12.102,1660,9,2340,0,2021,9,38,267,24,5,8,1017,10.4,10.4,9.8,98,10.1,10.3,0,0,1.6,10.4,10.7,10.7,10.8,0,0,42,0.9,53,0,0.082,0,100,2,10.5,0,5,9,14,0,0,0,"2021_9_24_8"
13.587,13.676,1660,351,2397,347,2021,9,38,267,24,5,8,1016.8,11,11,10.4,97,10.5,10.7,0,0,0,11,11.3,11.3,11.9,0,0,69,1.48,84,0,0.076,0,100,3,11.6,0,6,9,8,0,0,0,"2021_9_24_8"
14.985,14.91,1072,14,1740,0,2021,9,38,267,24,5,8,1017.2,11.9,11.9,11.1,98,11.6,11.7,0,0,0,11.9,12.2,12.2,13.5,0,0,103,2.22,120,0,0.067,0,100,3,12.9,0,7,9,8,0,0,0,"2021_9_24_8"
16.378,16.39,1072,346,1816,343,2021,9,38,267,24,5,8,1017.2,12.8,12.8,11.9,98,12.5,12.6,0,0,0,12.8,13.1,13.1,15.3,0,0,144,3.1,163,0,0.057,0,97.3,4,14.1,0,0,9,8,0,0,0,"2021_9_24_8"
17.201,17.201,747,160,0,0,2021,9,38,267,24,5,9,1017.4,14.4,14.4,12.9,93,13.3,13.7,0,0,1.6,14.4,14.6,14.6,17.4,0,0,184,3.96,202,0.05,0.041,0,91.8,5,15.2,0,1,9,12,0,0,0,"2021_9_24_9"
18.677,19.031,747,200,520,270,2021,9,38,267,24,5,9,1017.3,15.9,15.9,14.5,88,14,14.7,0,0,1.6,15.9,16.1,16.1,19.4,0,0,222,4.78,243,0,0.025,0,85.6,6,16.1,0,2,9,12,0,0,0,"2021_9_24_9"
21.005,18.643,1326,169,600,180,2021,9,38,267,24,5,9,1017.2,16.6,16.6,15.9,83,13.7,14.7,0,0,3.2,16.6,16.7,16.7,20.6,0,0,269,5.79,290,0,0.018,0,86.2,8,17,0,3,9,0,0,0,0,"2021_9_24_9"
22.066,21.276,1326,191,794,221,2021,9,38,267,24,5,9,1017.5,17.2,17.2,16.6,80,13.7,14.9,0,0,3.2,17.2,17.3,17.3,21.6,0,0,308,6.63,325,0,0.012,0,81.2,9,18.2,0,4,9,13,0,0,0,"2021_9_24_9"
23.919,19.374,1660,9,2340,0,2021,9,38,267,24,5,10,1017.2,17.6,17.6,17.2,76,13.3,14.8,1.6,0.4,3.2,17.6,17.6,17.6,22.1,0,0,345,7.42,364,0.15,0.008,0,78.6,25,19.2,0,5,3,13,0,0,0,"2021_9_24_10"
24.149,21.969,1660,351,2397,347,2021,9,38,267,24,5,10,1017.6,18.3,18.3,17.6,74,13.6,15.1,1.6,0.4,3.2,18.3,18.3,18.3,23.1,0,0,384,8.26,404,0,0.001,0,74.8,26,20.1,0,6,0,1,0,0,0,"2021_9_24_10"
25.539,22.889,1072,14,1740,0,2021,9,38,267,24,5,10,1017.6,18.8,18.8,18.3,73,13.9,15.5,1.6,0.4,4.8,18.8,18.9,18.9,24,0,0,421,9.06,436,0,0,0.005,71.3,31,20.9,0,7,0,1,0,0,0,"2021_9_24_10"
25.298,23.123,1072,346,1816,343,2021,9,38,267,24,5,10,1017.6,19.7,19.7,18.8,72,14.5,16.1,0,0,3.2,19.7,19.9,19.9,25.2,0,0,456,9.81,473,0,0,0.014,65.4,32,21.2,0,0,9,0,0,0,0,"2021_9_24_10"
26.027,26.027,747,160,0,0,2021,9,38,267,24,5,11,1017.6,20.3,20.4,19.7,70,14.7,16.4,1.6,0.4,4.8,20.3,20.6,20.6,26.1,0,0,489,10.52,506,0.25,0,0.021,68.5,14,22.1,0,1,10,2,0,0,0,"2021_9_24_11"
26.977,29.828,747,200,520,270,2021,9,38,267,24,5,11,1017.7,20.7,20.7,20.3,66,14.1,16,1.6,0.4,6.4,20.7,20.7,20.7,26.3,0,0,523,11.25,538,0,0,0.024,62.2,16,23.1,0,2,4,13,0,0,0,"2021_9_24_11"
26.44,23.922,1326,169,600,180,2021,9,38,267,24,5,11,1017.5,21.3,21.3,20.7,65,14.5,16.5,1.6,0.4,3.2,21.3,21.3,21.3,27.1,0,0,555,11.94,570,0,0,0.031,60.6,15,23.9,0,3,1,3,0,0,0,"2021_9_24_11"
27.507,27.198,1326,191,794,221,2021,9,38,267,24,5,11,1017.5,21.6,21.6,21.3,63,14.3,16.4,1.6,0.4,8,21.6,21.5,21.5,27.4,0,0,576,12.39,584,0,0,0.034,59.6,14,24.6,0,4,1,3,0,0,0,"2021_9_24_11"
28.032,24.801,1660,9,2340,0,2021,9,38,267,24,5,12,1017.1,21.8,21.8,21.6,62,14.2,16.3,3.2,0.8,12.9,21.8,21.7,21.7,27.6,0,0,594,12.78,606,0.33,0,0.036,54.9,15,24.9,0,5,5,4,0,0,0,"2021_9_24_12"
27.554,26.015,1660,351,2397,347,2021,9,38,267,24,5,12,1017,22.2,22.3,21.8,60,14.1,16.4,3.2,0.8,8,22.2,22.2,22.2,28.2,0,0,620,13.34,628,0,0,0.041,60.7,15,24.9,0,6,8,7,0,0,0,"2021_9_24_12"
27.504,25.357,1072,14,1740,0,2021,9,38,267,24,5,12,1017,22.3,22.4,22.2,61,14.4,16.6,4.8,1.21,12.9,22.3,22.3,22.3,28.4,0,0,628,13.51,649,0,0,0.042,51.7,15,25.8,0,7,6,5,0,0,0,"2021_9_24_12"
28.481,25.671,1072,346,1816,343,2021,9,38,267,24,5,12,1016.9,22.4,22.5,22.3,61,14.5,16.7,6.4,1.61,14.5,22.4,22.5,22.5,28.5,0,0,635,13.66,647,0,0,0.043,53.1,15,25.5,0,0,7,5,0,0,0,"2021_9_24_12"
27.319,27.319,747,160,0,0,2021,9,38,267,24,5,13,1017,22.8,22.8,22.4,61,14.9,17.1,6.4,1.61,16.1,22.8,23,23,29.1,0,0,642,13.81,656,0.41,0,0.047,51.7,14,26.1,0,1,8,7,0,0,0,"2021_9_24_13"
26.695,27.27,747,200,520,270,2021,9,38,267,24,5,13,1017,23.2,23.2,22.8,58,14.4,16.8,8,2.01,17.7,23.2,23.3,23.3,29.3,0,0,632,13.59,661,0,0,0.05,50.6,15,27.2,0,2,8,5,0,0,0,"2021_9_24_13"
27.682,26.312,1326,169,600,180,2021,9,38,267,24,5,13,1016.9,23.3,23.3,23.2,59,14.9,17.1,6.4,1.61,17.7,23.3,23.5,23.5,29.6,0,0,636,13.68,654,0,0,0.052,48,16,27.4,0,3,8,5,0,0,0,"2021_9_24_13"
27.935,26.877,1326,191,794,221,2021,9,38,267,24,5,13,1016.7,23.7,23.7,23.3,58,15,17.3,4.8,1.21,12.9,23.7,23.9,23.9,30,0,0,655,14.09,675,0,0,0.056,47.3,16,27.6,0,4,7,7,0,0,0,"2021_9_24_13"
28.871,26.776,1660,9,2340,0,2021,9,38,267,24,5,14,1016.3,23.9,24.1,23.8,57,14.9,17.3,4.8,1.21,11.3,23.9,24.1,24.1,30.2,0,0,648,13.94,663,0.43,0,0.058,50.7,16,28.9,0,5,8,7,0,0,0,"2021_9_24_14"
28.168,26.587,1660,351,2397,347,2021,9,38,267,24,5,14,1016.2,24.2,24.2,23.9,56,14.8,17.3,6.4,1.61,17.7,24.2,24.3,24.3,30.4,0,0,643,13.83,657,0,0,0.061,45.3,16,29.3,0,6,2,4,0,0,0,"2021_9_24_14"
28.889,26.709,1072,14,1740,0,2021,9,38,267,24,5,14,1016,24.5,24.5,24.2,57,15.4,17.8,6.4,1.61,16.1,24.5,24.7,24.7,30.8,0,0,622,13.38,636,0,0,0.064,47.2,16,28.9,0,7,8,6,0,0,0,"2021_9_24_14"
27.541,26.231,1072,346,1816,343,2021,9,38,267,24,5,14,1016,24.8,24.8,24.4,53,14.6,17.2,6.4,1.61,14.5,24.8,24.9,24.9,30.9,0,0,613,13.19,631,0,0,0.068,45.4,26,29.1,0,0,5,6,0,0,0,"2021_9_24_14"
27.633,27.633,747,160,0,0,2021,9,38,267,24,5,15,1015.8,24.9,25,24.7,52,14.4,17.1,6.4,1.61,14.5,24.9,25,25,30.9,0,0,597,12.84,603,0.43,0,0.069,45,19,29.5,0,1,7,7,0,0,0,"2021_9_24_15"
27.921,27.53,747,200,520,270,2021,9,38,267,24,5,15,1015.9,25.2,25.2,24.9,52,14.7,17.3,6.4,1.61,19.3,25.2,25.3,25.3,31.2,0,0,575,12.37,587,0,0,0.072,42,16,28.9,0,2,6,5,0,0,0,"2021_9_24_15"
27.835,27.259,1326,169,600,180,2021,9,38,267,24,5,15,1015.7,25.4,25.5,25.2,51,14.5,17.2,4.8,1.21,14.5,25.4,25.4,25.4,31.3,0,0,553,11.9,563,0,0,0.073,44.5,18,27.9,0,3,8,4,0,0,0,"2021_9_24_15"
27.892,26.747,1326,191,794,221,2021,9,38,267,24,5,15,1015.6,25.4,25.5,25.4,51,14.5,17.2,6.4,1.61,14.5,25.4,25.4,25.4,31.3,0,0,527,11.34,550,0,0,0.073,47.6,23,27.1,0,4,8,16,0,0,0,"2021_9_24_15"
28.092,29.018,1660,9,2340,0,2021,9,38,267,24,5,16,1015.4,25.5,25.6,25.4,51,14.6,17.3,4.8,1.21,14.5,25.5,25.5,25.5,31.3,0,0,493,10.6,519,0.38,0,0.075,44.8,20,27.4,0,5,8,5,0,0,0,"2021_9_24_16"
28.136,26.665,1660,351,2397,347,2021,9,38,267,24,5,16,1015.4,25.5,25.6,25.4,50,14.3,17.1,6.4,1.61,12.9,25.5,25.5,25.5,31,0,0,452,9.72,478,0,0,0.075,54.8,17,26.6,0,6,8,7,0,0,0,"2021_9_24_16"
27.681,27.567,1072,14,1740,0,2021,9,38,267,24,5,16,1015.6,26,26,25.5,50,14.8,17.5,3.2,0.8,9.7,26,26,26,31.3,0,0,415,8.93,445,0,0,0.08,54.6,12,26.3,0,7,5,5,0,0,0,"2021_9_24_16"
27.126,25.96,1072,346,1816,343,2021,9,38,267,24,5,16,1014.8,25.7,26.1,25.7,49,14.2,17,4.8,1.21,11.3,25.7,25.6,25.6,30.7,0,0,381,8.2,401,0,0,0.076,49.5,10,25.5,0,0,6,6,0,0,0,"2021_9_24_16"
26.662,26.662,747,160,0,0,2021,9,38,267,24,5,17,1015.1,25.6,25.7,25.5,51,14.7,17.4,4.8,1.21,12.9,25.6,25.6,25.6,30.4,0,0,334,7.18,355,0.28,0,0.075,48.7,8,25.2,0,1,6,4,0,0,0,"2021_9_24_17"
26.916,25.813,747,200,520,270,2021,9,38,267,24,5,17,1015.1,25.7,25.7,25.6,48,13.8,16.7,3.2,0.8,8,25.7,25.5,25.5,29.9,0,0,298,6.41,311,0,0,0.076,54.9,7,24.7,0,2,8,7,0,0,0,"2021_9_24_17"
25.63,24.807,1326,169,600,180,2021,9,38,267,24,5,17,1015.1,25.6,25.7,25.6,48,13.8,16.7,3.2,0.8,6.4,25.6,25.5,25.5,29.5,0,0,256,5.51,276,0,0,0.076,49.8,6,24.3,0,3,8,7,0,0,0,"2021_9_24_17"
25.069,23.918,1326,191,794,221,2021,9,38,267,24,5,17,1014.8,25.4,25.7,25.4,50,14.3,17,3.2,0.8,4.8,25.4,25.4,25.4,28.8,0,0,208,4.47,232,0,0,0.074,58.7,5,23.7,0,4,7,7,0,0,0,"2021_9_24_17"
23.958,23.27,1660,9,2340,0,2021,9,38,267,24,5,18,1014.8,25.2,25.5,25.2,51,14.4,17.1,1.6,0.4,4.8,25.2,25.2,25.2,27.9,0,0,164,3.53,185,0.18,0,0.072,58,4,23.2,0,5,7,5,0,0,0,"2021_9_24_18"
23.186,21.972,1660,351,2397,347,2021,9,38,267,24,5,18,1014.9,24.9,25.3,24.9,52,14.4,17,1.6,0.4,4.8,24.9,24.9,24.9,26.8,0,0,118,2.54,139,0,0,0.068,69.6,3,22.3,0,6,2,5,0,0,0,"2021_9_24_18"
21.839,21.041,1072,14,1740,0,2021,9,38,267,24,5,18,1014.9,24.5,24.9,24.5,57,15.4,17.8,0,0,4.8,24.5,24.7,24.7,25.6,0,0,73,1.57,95,0,0,0.064,74.3,2,21.3,0,7,9,4,0,0,0,"2021_9_24_18"
20.393,20.216,1072,346,1816,343,2021,9,38,267,24,5,18,1015,24.1,24.5,24.1,65,17.1,18.9,0,0,0,24.1,24.5,24.5,24.7,0,0,39,0.84,53,0,0,0.06,79.2,1,20.1,0,0,9,8,0,0,0,"2021_9_24_18"
19.346,19.346,747,160,0,0,2021,9,38,267,24,5,19,1015,23.1,24.1,23.1,65,16.1,18,0,0,0,23.1,23.4,23.4,22.5,0,0,17,0.37,26,0.05,0,0.049,84.1,0,19.1,0,1,9,8,0,0,0,"2021_9_24_19"
19.117,19.132,747,200,520,270,2021,9,38,267,24,5,19,1015.2,21.2,23.1,21.2,73,16.1,17.6,0,0,4.8,21.2,21.5,21.5,20.3,0,0,3,0.06,9,0,0,0.03,86.5,0,18.3,0,2,9,13,0,0,0,"2021_9_24_19"
20.147,19.979,1326,169,600,180,2021,9,38,267,24,5,19,1015.6,20.4,21.2,20.4,69,14.6,16.3,3.2,0.8,6.4,20.4,20.6,20.6,19.4,0,0,0,0,0,0,0,0.022,76.6,0,18.3,0,3,13,11,0,0,0,"2021_9_24_19"
19.796,19.17,1326,191,794,221,2021,9,38,267,24,5,19,1015.7,20.1,20.4,20.1,71,14.6,16.3,3.2,0.8,9.7,20.1,20.3,20.3,19,0,0,0,0,0,0,0,0.018,75.2,0,18.4,0,4,13,10,0,0,0,"2021_9_24_19"
19.292,18.341,1660,9,2340,0,2021,9,38,267,24,5,20,1016,19.7,20.1,19.7,72,14.5,16.1,1.6,0.4,9.7,19.7,19.9,19.9,18.7,0,0,0,0,0,0.03,0,0.014,75.7,0,18.2,0,5,13,10,0,0,0,"2021_9_24_20"
18.176,17.428,1660,351,2397,347,2021,9,38,267,24,5,20,1016,19.1,19.7,19.1,74,14.3,15.8,1.6,0.4,3.2,19.1,19.2,19.2,17.9,0,0,0,0,0,0,0,0.008,82.3,0,17.4,0,6,13,10,0,0,0,"2021_9_24_20"
17.632,17.033,1072,14,1740,0,2021,9,38,267,24,5,20,1016.3,18.5,19.1,18.5,75,14,15.4,1.6,0.4,4.8,18.5,18.6,18.6,17.3,0,0,0,0,0,0,0,0.002,84.4,0,16.7,0,7,13,12,0,0,0,"2021_9_24_20"
17.318,16.653,1072,346,1816,343,2021,9,38,267,24,5,20,1016.4,17.8,18.6,17.8,78,13.9,15.2,0,0,1.6,17.8,18,18,16.7,0,0,0,0,0,0,0.005,0,85.5,0,16.4,0,0,9,10,0,0,0,"2021_9_24_20"
16.664,16.664,747,160,0,0,2021,9,38,267,24,5,21,1016.6,17.1,17.8,17.1,81,13.8,14.9,0,0,3.2,17.1,17.2,17.2,15.9,0,0,0,0,0,0.03,0.013,0,87.8,0,15.8,0,1,9,10,0,0,0,"2021_9_24_21"
16.289,16.345,747,200,520,270,2021,9,38,267,24,5,21,1016.9,16.4,17.1,16.4,83,13.5,14.6,1.6,0.4,3.2,16.4,16.5,16.5,15.2,0,0,0,0,0,0,0.02,0,89,0,15.5,0,2,12,11,0,0,0,"2021_9_24_21"
17.17,17.4,1326,169,600,180,2021,9,38,267,24,5,21,1017.3,16.4,16.4,16.3,83,13.5,14.5,1.6,0.4,6.4,16.4,16.4,16.4,15.1,0,0,0,0,0,0,0.02,0,86.7,0,15.7,0,3,12,11,0,0,0,"2021_9_24_21"
16.769,16.546,1326,191,794,221,2021,9,38,267,24,5,21,1017.4,17.3,17.3,16.4,80,13.8,15,3.2,0.8,11.3,17.3,17.4,17.4,16.1,0,0,0,0,0,0,0.011,0,86.4,0,15.8,0,4,12,10,0,0,0,"2021_9_24_21"
16.88,16.25,1660,9,2340,0,2021,9,38,267,24,5,22,1017.2,17.1,17.3,17.1,80,13.6,14.8,1.6,0.4,6.4,17.1,17.2,17.2,15.8,0,0,0,0,0,0.03,0.013,0,86.5,0,15.7,0,5,12,12,0,0,0,"2021_9_24_22"
16.908,15.97,1660,351,2397,347,2021,9,38,267,24,5,22,1017.2,16.8,17.1,16.8,81,13.6,14.7,1.6,0.4,4.8,16.8,16.9,16.9,15.6,0,0,0,0,0,0,0.016,0,87.3,0,15.6,0,6,12,11,0,0,0,"2021_9_24_22"
16.375,15.766,1072,14,1740,0,2021,9,38,267,24,5,22,1017.3,16.5,16.8,16.5,83,13.6,14.6,1.6,0.4,3.2,16.5,16.6,16.6,15.3,0,0,0,0,0,0,0.019,0,89.1,0,15.3,0,7,13,10,0,0,0,"2021_9_24_22"
16.162,15.728,1072,346,1816,343,2021,9,38,267,24,5,22,1017.4,16.2,16.5,16.2,84,13.5,14.4,1.6,0.4,3.2,16.2,16.2,16.2,14.9,0,0,0,0,0,0,0.023,0,91,0,15.1,0,0,13,10,0,0,0,"2021_9_24_22"
16.079,16.079,747,160,0,0,2021,9,38,267,24,5,23,1017.2,15.9,16.2,15.9,85,13.4,14.3,1.6,0.4,3.2,15.9,15.9,15.9,14.6,0,0,0,0,0,0.03,0.025,0,92.9,0,14.8,0,1,13,10,0,0,0,"2021_9_24_23"
15.879,15.782,747,200,520,270,2021,9,38,267,24,5,23,1017.4,15.7,15.9,15.7,86,13.3,14.2,1.6,0.4,3.2,15.7,15.7,15.7,14.4,0,0,0,0,0,0,0.028,0,92.8,0,14.8,0,2,13,10,0,0,0,"2021_9_24_23"
15.554,15.473,1326,169,600,180,2021,9,38,267,24,5,23,1017.5,15.5,15.7,15.5,87,13.3,14.1,1.6,0.4,4.8,15.5,15.6,15.6,14.3,0,0,0,0,0,0,0.03,0,94,0,14.6,0,3,12,10,0,0,0,"2021_9_24_23"
14.972,14.998,1326,191,794,221,2021,9,38,267,24,5,23,1017.4,15.3,15.5,15.3,86,12.9,13.8,0,0,1.6,15.3,15.3,15.3,13.9,0,0,0,0,0,0,0.032,0,94.2,0,14.2,0,4,9,11,0,0,0,"2021_9_24_23"
15.134,15.064,1660,9,2340,0,2021,9,38,268,25,6,0,1017.7,14.8,15.3,14.8,89,13,13.7,0,0,1.6,14.8,14.9,14.9,13.6,0,0,0,0,0,0,0.036,0,95.8,0,14.1,0,5,9,11,0,0,0,"2021_9_25_0"
15.251,14.966,1660,351,2397,347,2021,9,38,268,25,6,0,1017.7,14.6,14.8,14.6,90,13,13.6,0,0,3.2,14.6,14.7,14.7,13.4,0,0,0,0,0,0,0.039,0,96.4,0,14.3,0,6,9,11,0,0,0,"2021_9_25_0"
14.897,14.714,1072,14,1740,0,2021,9,38,268,25,6,0,1017.8,14.4,14.7,14.4,90,12.8,13.4,0,0,3.2,14.4,14.6,14.6,13.2,0,0,0,0,0,0,0.041,0,96.4,0,14,0,7,9,11,0,0,0,"2021_9_25_0"
14.916,14.849,1072,346,1816,343,2021,9,38,268,25,6,0,1018,14.3,14.4,14.3,91,12.9,13.4,0,0,3.2,14.3,14.5,14.5,13.1,0,0,0,0,0,0,0.042,0,97.4,0,14,0,0,9,11,0,0,0,"2021_9_25_0"
14.943,14.943,747,160,0,0,2021,9,38,268,25,6,1,1018,14.6,14.6,14.3,91,13.1,13.6,0,0,3.2,14.6,14.7,14.7,13.4,0,0,0,0,0,0,0.039,0,98,0,14,0,1,9,11,0,0,0,"2021_9_25_1"
14.492,14.611,747,200,520,270,2021,9,38,268,25,6,1,1017.9,14.4,14.6,14.4,91,12.9,13.5,0,0,3.2,14.4,14.5,14.5,13.2,0,0,0,0,0,0,0.041,0,97.9,0,13.8,0,2,9,11,0,0,0,"2021_9_25_1"
14.279,14.4,1326,169,600,180,2021,9,38,268,25,6,1,1018.2,14.2,14.4,14.2,92,12.9,13.4,1.6,0.4,3.2,14.2,14.3,14.3,13,0,0,0,0,0,0,0.043,0,97,0,13.5,0,3,3,13,0,0,0,"2021_9_25_1"
13.952,14.032,1326,191,794,221,2021,9,38,268,25,6,1,1018.1,14.1,14.2,14.1,92,12.8,13.3,0,0,3.2,14.1,14.2,14.2,12.8,0,0,0,0,0,0,0.045,0,97.3,0,13.3,0,4,9,0,0,0,0,"2021_9_25_1"
13.66,13.709,1660,9,2340,0,2021,9,38,268,25,6,2,1018,13.7,14.1,13.7,92,12.4,12.9,0,0,0,13.7,13.8,13.8,12.4,0,0,0,0,0,0,0.049,0,96.5,0,13.1,0,5,9,8,0,0,0,"2021_9_25_2"
13.431,13.503,1660,351,2397,347,2021,9,38,268,25,6,2,1017.8,13.7,13.7,13.6,93,12.6,13,0,0,1.6,13.7,13.8,13.8,12.4,0,0,0,0,0,0,0.049,0,97,0,12.9,0,6,9,10,0,0,0,"2021_9_25_2"
13.315,13.034,1072,14,1740,0,2021,9,38,268,25,6,2,1017.7,13.3,13.6,13.3,92,12.1,12.6,0,0,0,13.3,13.4,13.4,12.1,0,0,0,0,0,0,0.052,0,96.8,0,12.8,0,7,9,8,0,0,0,"2021_9_25_2"
13.24,13.099,1072,346,1816,343,2021,9,38,268,25,6,2,1018.1,13.1,13.3,13.1,93,11.9,12.4,0,0,0,13.1,13.2,13.2,11.8,0,0,0,0,0,0,0.055,0,97.1,0,12.5,0,0,9,8,0,0,0,"2021_9_25_2"
13.177,13.177,747,160,0,0,2021,9,38,268,25,6,3,1018.2,13.1,13.1,12.9,94,12.2,12.5,0,0,1.6,13.1,13.3,13.3,11.9,0,0,0,0,0,0,0.054,0,97.7,0,12.5,0,1,9,10,0,0,0,"2021_9_25_3"
13.142,13.154,747,200,520,270,2021,9,38,268,25,6,3,1018,13,13.1,13,94,12.1,12.4,0,0,1.6,13,13.1,13.1,11.8,0,0,0,0,0,0,0.056,0,98.6,0,12.4,0,2,9,10,0,0,0,"2021_9_25_3"
13.184,13.24,1326,169,600,180,2021,9,38,268,25,6,3,1017.9,12.8,13,12.8,94,11.8,12.2,0,0,0,12.8,12.9,12.9,11.5,0,0,0,0,0,0,0.058,0,99.2,0,12.4,0,3,9,8,0,0,0,"2021_9_25_3"
13.389,13.536,1326,191,794,221,2021,9,38,268,25,6,3,1018.1,12.8,12.8,12.7,95,12,12.3,0,0,0,12.8,12.9,12.9,11.6,0,0,0,0,0,0,0.058,0,99.6,0,12.5,0,4,9,8,0,0,0,"2021_9_25_3"
13.388,13.357,1660,9,2340,0,2021,9,38,268,25,6,4,1018,13.1,13.1,12.7,95,12.3,12.6,1.6,0.4,3.2,13.1,13.2,13.2,11.9,0,0,0,0,0,0,0.055,0,99.9,0,12.5,0,5,4,10,0,0,0,"2021_9_25_4"
13.626,13.482,1660,351,2397,347,2021,9,38,268,25,6,4,1017.7,13.1,13.1,13.1,94,12.2,12.5,0,0,3.2,13.1,13.3,13.3,11.9,0,0,0,0,0,0,0.054,0,100,0,12.7,0,6,9,0,0,0,0,"2021_9_25_4"
13.157,12.838,1072,14,1740,0,2021,9,38,268,25,6,4,1017.8,12.6,13.1,12.6,93,11.5,11.9,0,0,1.6,12.6,12.7,12.7,11.3,0,0,0,0,0,0,0.06,0,98.9,0,12.4,0,7,9,0,0,0,0,"2021_9_25_4"
13.014,12.929,1072,346,1816,343,2021,9,38,268,25,6,4,1017.8,12.4,12.6,12.4,95,11.7,12,0,0,0,12.4,12.6,12.6,11.2,0,0,0,0,0,0,0.061,0,99.5,0,12.2,0,0,9,8,0,0,0,"2021_9_25_4"
12.948,12.948,747,160,0,0,2021,9,38,268,25,6,5,1017.6,12.6,12.6,12.4,95,11.8,12.1,0,0,0,12.6,12.7,12.7,11.3,0,0,0,0,0,0,0.06,0,99.4,0,12,0,1,9,8,0,0,0,"2021_9_25_5"
12.711,12.669,747,200,520,270,2021,9,38,268,25,6,5,1017.5,12.3,12.6,12.3,95,11.6,11.9,0,0,0,12.3,12.5,12.5,11.1,0,0,0,0,0,0,0.062,0,99.6,0,11.8,0,2,9,8,0,0,0,"2021_9_25_5"
12.535,12.657,1326,169,600,180,2021,9,38,268,25,6,5,1017.6,12.2,12.3,12.2,95,11.4,11.8,0,0,0,12.2,12.4,12.4,11,0,0,0,0,0,0,0.064,0,99.5,0,11.7,0,3,9,8,0,0,0,"2021_9_25_5"
12.279,12.296,1326,191,794,221,2021,9,38,268,25,6,5,1017.6,12.3,12.3,12.2,96,11.7,11.9,0,0,0,12.3,12.5,12.5,11.1,0,0,0,0,0,0,0.063,0,98.9,0,11.6,0,4,9,8,0,0,0,"2021_9_25_5"
12.021,12.063,1660,9,2340,0,2021,9,38,268,25,6,6,1017.7,12.2,12.3,12.2,96,11.5,11.8,0,0,0,12.2,12.4,12.4,11,0,0,0,0,0,0,0.064,0,98.9,0,11.3,0,5,9,8,0,0,0,"2021_9_25_6"
11.96,12.157,1660,351,2397,347,2021,9,38,268,25,6,6,1017.8,12,12.2,12,96,11.4,11.6,0,0,0,12,12.2,12.2,10.8,0,0,0,0,0,0,0.066,0,99.2,0,11.2,0,6,9,8,0,0,0,"2021_9_25_6"
12.573,12.576,1072,14,1740,0,2021,9,38,268,25,6,6,1017.9,11.8,12.1,11.8,96,11.2,11.5,0,0,0,11.8,12,12,10.6,0,0,0,0,0,0,0.068,0,100,0,11.6,0,7,9,8,0,0,0,"2021_9_25_6"
13.118,13.103,1072,346,1816,343,2021,9,38,268,25,6,6,1018.1,12.1,12.1,11.8,97,11.6,11.8,0,0,0,12.1,12.3,12.3,10.9,0,0,0,0,0,0,0.065,0,100,0,12.1,0,0,9,8,0,0,0,"2021_9_25_6"
13.645,13.645,747,160,0,0,2021,9,38,268,25,6,7,1018.3,12.3,12.3,12,97,11.9,12.1,0,0,0,12.3,12.6,12.6,11.2,0,0,0,0,0,0,0.062,0,100,0,12.4,0,1,9,8,0,0,0,"2021_9_25_7"
14.191,14.143,747,200,520,270,2021,9,38,268,25,6,7,1018.6,12.9,12.9,12.3,98,12.6,12.8,0,0,1.6,12.9,13.2,13.2,11.9,0,0,0,0,0,0,0.056,0,100,0,12.9,0,2,9,0,0,0,0,"2021_9_25_7"
14.602,14.388,1326,169,600,180,2021,9,38,268,25,6,7,1018.6,13.4,13.4,12.9,97,13,13.2,1.6,0.4,3.2,13.4,13.7,13.7,12.4,0,0,4,0.09,7,0,0.051,0,100,0,13.4,0,3,16,12,0,0,0,"2021_9_25_7"
15.152,14.931,1326,191,794,221,2021,9,38,268,25,6,7,1018.8,13.9,13.9,13.4,97,13.5,13.7,0,0,3.2,13.9,14.2,14.2,13.1,0,0,13,0.28,19,0,0.046,0,100,1,14,0,4,9,14,0,0,0,"2021_9_25_7"
15.642,15.701,1660,9,2340,0,2021,9,38,268,25,6,8,1018.8,14.4,14.4,13.9,96,13.8,14,0,0,3.2,14.4,14.7,14.7,14.5,0,0,28,0.6,33,0,0.041,0,100,1,14.4,0,5,9,14,0,0,0,"2021_9_25_8"
16.113,16.259,1660,351,2397,347,2021,9,38,268,25,6,8,1019,14.9,14.9,14.4,94,13.9,14.3,0,0,1.6,14.9,15.1,15.1,15.1,0,0,37,0.8,42,0,0.036,0,100,1,14.9,0,6,9,14,0,0,0,"2021_9_25_8"
16.478,16.376,1072,14,1740,0,2021,9,38,268,25,6,8,1019,15.3,15.3,14.9,93,14.2,14.6,0,0,1.6,15.3,15.6,15.6,15.8,0,0,48,1.03,54,0,0.031,0,99.3,2,15.2,0,7,9,9,0,0,0,"2021_9_25_8"
17.067,17.118,1072,346,1816,343,2021,9,38,268,25,6,8,1019.2,15.7,15.7,15.4,92,14.4,14.9,0,0,3.2,15.7,16,16,16.4,0,0,61,1.31,79,0,0.027,0,99.2,3,15.7,0,0,9,11,0,0,0,"2021_9_25_8"
18.03,18.03,747,160,0,0,2021,9,38,268,25,6,9,1019.4,16.3,16.3,15.7,90,14.6,15.2,1.6,0.4,4.8,16.3,16.5,16.5,17.7,0,0,94,2.02,107,0.03,0.021,0,97.6,4,16.5,0,1,13,0,0,0,0,"2021_9_25_9"
18.65,18.442,747,200,520,270,2021,9,38,268,25,6,9,1019.9,16.8,16.8,16.3,88,14.8,15.5,0,0,3.2,16.8,17,17,18.3,0,0,105,2.26,111,0,0.016,0,95.9,4,17,0,2,9,10,0,0,0,"2021_9_25_9"
19.329,18.347,1326,169,600,180,2021,9,38,268,25,6,9,1020,17.2,17.2,16.8,86,14.8,15.6,0,0,3.2,17.2,17.4,17.4,18.9,0,0,123,2.65,155,0,0.012,0,92,6,17.6,0,3,9,11,0,0,0,"2021_9_25_9"
22.372,22.236,1326,191,794,221,2021,9,38,268,25,6,9,1020.9,18.2,18.2,17.2,85,15.6,16.4,1.6,0.4,4.8,18.2,18.5,18.5,21.9,0,0,238,5.12,336,0,0.002,0,91.2,10,19.2,0,4,13,11,0,0,0,"2021_9_25_9"
24.02,21.41,1660,9,2340,0,2021,9,38,268,25,6,10,1020.5,19.4,19.4,18.2,83,16.5,17.4,1.6,0.4,4.8,19.4,20.1,20.1,24.6,0,0,331,7.12,362,0.1,0,0.012,80.1,20,20.3,0,5,12,12,0,0,0,"2021_9_25_10"
24.844,23.797,1660,351,2397,347,2021,9,38,268,25,6,10,1020.5,20.5,20.5,19.4,76,16.1,17.4,1.6,0.4,4.8,20.5,21,21,25.9,0,0,373,8.02,390,0,0,0.023,76.2,24,21.3,0,6,13,10,0,0,0,"2021_9_25_10"
25.122,24.995,1072,14,1740,0,2021,9,38,268,25,6,10,1020.2,21.3,21.3,20.6,72,16.1,17.6,3.2,0.8,6.4,21.3,21.6,21.6,26.7,0,0,412,8.86,436,0,0,0.031,71.5,28,22.1,0,7,13,0,0,0,0,"2021_9_25_10"
25.316,24.875,1072,346,1816,343,2021,9,38,268,25,6,10,1020.3,21.9,21.9,21.3,72,16.6,18.1,3.2,0.8,6.4,21.9,22.3,22.3,27.6,0,0,442,9.51,475,0,0,0.037,69.1,31,22.6,0,0,13,10,0,0,0,"2021_9_25_10"
25.415,25.415,747,160,0,0,2021,9,38,268,25,6,11,1020,22.1,22.1,21.9,70,16.4,18,4.8,1.21,14.5,22.1,22.4,22.4,27.9,0,0,472,10.15,489,0.25,0,0.039,68.8,14,23.2,0,1,13,0,0,0,0,"2021_9_25_11"
25.826,28.473,747,200,520,270,2021,9,38,268,25,6,11,1020.4,22.6,22.6,22.1,70,16.8,18.4,4.8,1.21,9.7,22.6,23,23,28.3,0,0,466,10.02,512,0,0,0.044,65,16,23.7,0,2,11,11,0,0,0,"2021_9_25_11"
26.304,24.226,1326,169,600,180,2021,9,38,268,25,6,11,1020.4,22.8,22.9,22.5,67,16.4,18.2,4.8,1.21,14.5,22.8,23.2,23.2,28.3,0,0,453,9.74,547,0,0,0.047,63.2,16,24.4,0,3,4,0,0,0,0,"2021_9_25_11"
27.084,26.792,1326,191,794,221,2021,9,38,268,25,6,11,1020.4,23.2,23.2,22.8,69,17.2,18.8,4.8,1.21,12.9,23.2,23.8,23.8,29.7,0,0,562,12.09,573,0,0,0.051,62.9,16,24.6,0,4,4,13,0,0,0,"2021_9_25_11"
26.761,25.262,1660,9,2340,0,2021,9,38,268,25,6,12,1020,23.2,23.3,23.1,66,16.5,18.3,4.8,1.21,16.1,23.2,23.6,23.6,29,0,0,498,10.71,585,0.33,0,0.05,57.6,16,24.8,0,5,0,1,0,0,0,"2021_9_25_12"
26.858,26.431,1660,351,2397,347,2021,9,38,268,25,6,12,1020.4,23.4,23.4,23.2,62,15.7,17.8,4.8,1.21,12.9,23.4,23.7,23.7,29.6,0,0,588,12.65,629,0,0,0.053,55.9,14,25.5,0,6,4,0,0,0,0,"2021_9_25_12"
27.768,26.117,1072,14,1740,0,2021,9,38,268,25,6,12,1020.7,23.7,23.8,23.4,64,16.5,18.4,3.2,0.8,11.3,23.7,24.1,24.1,30,0,0,576,12.39,656,0,0,0.056,56,16,25.9,0,7,13,0,0,0,0,"2021_9_25_12"
27.621,26.006,1072,346,1816,343,2021,9,38,268,25,6,12,1020,23.7,23.8,23.7,62,16,18.1,4.8,1.21,14.5,23.7,24,24,29.6,0,0,545,11.72,606,0,0,0.056,54.3,15,25.9,0,0,0,13,0,0,0,"2021_9_25_12"
28.434,28.434,747,160,0,0,2021,9,38,268,25,6,13,1020,24.1,24.1,23.7,61,16.1,18.2,4.8,1.21,12.9,24.1,24.3,24.3,30.1,0,0,580,12.48,615,0.38,0,0.06,54.7,14,26.5,0,1,1,0,0,0,0,"2021_9_25_13"
29.967,30.038,747,200,520,270,2021,9,38,268,25,6,13,1020,24.3,24.3,24.1,59,15.8,18,3.2,0.8,11.3,24.3,24.6,24.6,30.3,0,0,575,12.37,612,0,0,0.063,54.2,16,28.4,0,2,3,0,0,0,0,"2021_9_25_13"
29.555,27.571,1326,169,600,180,2021,9,38,268,25,6,13,1020,24.3,24.3,24.2,59,15.8,18,4.8,1.21,11.3,24.3,24.5,24.5,30.5,0,0,615,13.23,645,0,0,0.062,49.2,16,28.9,0,3,1,1,0,0,0,"2021_9_25_13"
28.366,161.304,1326,191,794,221,2021,9,38,268,25,6,13,1019.9,24.9,24.9,24.2,59,16.4,18.6,3.2,0.8,11.3,24.9,25.2,25.2,31.2,0,0,616,13.25,628,0,0,0.069,56.8,16,27.9,0,4,13,10,0,0,0,"2021_9_25_13"
29.804,28.13,1660,9,2340,0,2021,9,38,268,25,6,14,1019.7,24.9,25.2,24.9,59,16.3,18.5,4.8,1.21,9.7,24.9,25.1,25.1,31.3,0,0,631,13.57,642,0.38,0,0.068,50.5,16,29.7,0,5,0,1,0,0,0,"2021_9_25_14"
28.611,27.701,1660,351,2397,347,2021,9,38,268,25,6,14,1019.9,25.6,25.6,24.9,57,16.5,18.7,3.2,0.8,6.4,25.6,25.9,25.9,32,0,0,615,13.23,624,0,0,0.076,46.6,16,29.6,0,6,12,13,0,0,0,"2021_9_25_14"
29.117,27.167,1072,14,1740,0,2021,9,38,268,25,6,14,1019.7,25.6,25.7,25.4,56,16.2,18.5,3.2,0.8,22.5,25.6,25.8,25.8,31.9,0,0,607,13.06,613,0,0,0.076,50.8,17,29,0,7,1,3,0,0,0,"2021_9_25_14"
28.687,27.359,1072,346,1816,343,2021,9,38,268,25,6,14,1019.5,25.5,25.6,25.5,55,15.8,18.2,4.8,1.21,11.3,25.5,25.7,25.7,31.7,0,0,596,12.82,615,0,0,0.075,45.7,19,29,0,0,2,4,0,0,0,"2021_9_25_14"
28.261,28.261,747,160,0,0,2021,9,38,268,25,6,15,1019.8,25.8,25.8,25.5,54,15.8,18.2,3.2,0.8,8,25.8,25.9,25.9,32.1,0,0,612,13.16,638,0.41,0,0.078,45.6,20,29.8,0,1,0,1,0,0,0,"2021_9_25_15"
29.562,29.034,747,200,520,270,2021,9,38,268,25,6,15,1019.2,26.1,26.2,25.8,54,16,18.5,3.2,0.8,6.4,26.1,26.3,26.3,32.3,0,0,569,12.24,591,0,0,0.08,42.1,18,30,0,2,8,5,0,0,0,"2021_9_25_15"
29.219,28.411,1326,169,600,180,2021,9,38,268,25,6,15,1019.3,26.1,26.3,26.1,53,15.8,18.3,3.2,0.8,9.7,26.1,26.3,26.3,32.3,0,0,558,12,571,0,0,0.081,46.7,18,29,0,3,4,1,0,0,0,"2021_9_25_15"
29.168,160.786,1326,191,794,221,2021,9,38,268,25,6,15,1018.9,26.1,26.2,26.1,55,16.4,18.7,4.8,1.21,11.3,26.1,26.4,26.4,32.1,0,0,494,10.63,531,0,0,0.081,52.5,23,28.3,0,4,2,4,0,0,0,"2021_9_25_15"
28.119,30.53,1660,9,2340,0,2021,9,38,268,25,6,16,1019.2,26.4,26.4,26.1,53,16.1,18.6,1.6,0.4,6.4,26.4,26.7,26.7,32.3,0,0,465,10,487,0.36,0,0.084,51.8,21,27.8,0,5,4,0,0,0,0,"2021_9_25_16"
27.61,27.123,1660,351,2397,347,2021,9,38,268,25,6,16,1018.5,26.2,26.5,26.1,53,15.8,18.3,3.2,0.8,6.4,26.2,26.3,26.3,31.6,0,0,417,8.97,445,0,0,0.082,53.9,15,27,0,6,8,6,0,0,0,"2021_9_25_16"
27.87,28.419,1072,14,1740,0,2021,9,38,268,25,6,16,1018.8,26.6,26.6,26.1,52,15.9,18.4,1.6,0.4,6.4,26.6,26.8,26.8,31.9,0,0,387,8.32,396,0,0,0.086,50.9,16,26.9,0,7,14,15,0,0,0,"2021_9_25_16"
28.028,26.714,1072,346,1816,343,2021,9,38,268,25,6,16,1018.4,26.6,26.9,26.6,50,15.3,18,3.2,0.8,8,26.6,26.7,26.7,32,0,0,388,8.35,396,0,0,0.086,49.6,12,26.7,0,0,8,16,0,0,0,"2021_9_25_16"
26.897,26.897,747,160,0,0,2021,9,38,268,25,6,17,1018.4,26.1,26.6,26,53,15.7,18.2,3.2,0.8,6.4,26.1,26.2,26.2,30.8,0,0,313,6.73,364,0.28,0,0.08,51.1,8,25.6,0,1,8,7,0,0,0,"2021_9_25_17"
26.329,25.613,747,200,520,270,2021,9,38,268,25,6,17,1018.2,26.1,26.1,25.9,52,15.5,18.1,1.6,0.4,4.8,26.1,26.2,26.2,29.9,0,0,238,5.12,262,0,0,0.081,59.7,7,25.1,0,2,8,6,0,0,0,"2021_9_25_17"
25.805,25.222,1326,169,600,180,2021,9,38,268,25,6,17,1018.5,26.4,26.4,26.1,55,16.6,19,0,0,3.2,26.4,26.7,26.7,29.6,0,0,182,3.91,197,0,0,0.084,57.6,6,24.7,0,3,9,7,0,0,0,"2021_9_25_17"
24.866,153.922,1326,191,794,221,2021,9,38,268,25,6,17,1018.1,25.9,26.4,25.9,58,17,19.2,1.6,0.4,3.2,25.9,26.3,26.3,28.8,0,0,152,3.27,183,0,0,0.079,64.6,4,24.1,0,4,3,0,0,0,0,"2021_9_25_17"
23.384,23.015,1660,9,2340,0,2021,9,38,268,25,6,18,1017.5,24.8,25.9,24.8,62,17,19,1.6,0.4,4.8,24.8,25.2,25.2,26.2,0,0,80,1.72,127,0.13,0,0.067,69.2,2,23,0,5,11,9,0,0,0,"2021_9_25_18"
22.462,21.994,1660,351,2397,347,2021,9,38,268,25,6,18,1017.4,23.9,24.8,23.9,64,16.7,18.6,1.6,0.4,3.2,23.9,24.3,24.3,24.4,0,0,39,0.84,47,0,0,0.058,74.9,1,22,0,6,11,12,0,0,0,"2021_9_25_18"
22.063,21.443,1072,14,1740,0,2021,9,38,268,25,6,18,1018.1,23.2,23.9,23.1,66,16.5,18.3,1.6,0.4,3.2,23.2,23.6,23.6,23.3,0,0,22,0.47,30,0,0,0.05,78.5,1,21.3,0,7,11,12,0,0,0,"2021_9_25_18"
21.449,20.965,1072,346,1816,343,2021,9,38,268,25,6,18,1017.9,22.7,23.1,22.7,68,16.5,18.2,0,0,3.2,22.7,23.1,23.1,22.7,0,0,18,0.39,19,0,0,0.046,80.1,0,20.9,0,0,9,12,0,0,0,"2021_9_25_18"
20.799,20.799,747,160,0,0,2021,9,38,268,25,6,19,1017.7,22.1,22.7,22.1,70,16.4,18,1.6,0.4,3.2,22.1,22.4,22.4,21.5,0,0,13,0.28,18,0.03,0,0.039,81.8,0,20.1,0,1,11,12,0,0,0,"2021_9_25_19"
20.247,20.381,747,200,520,270,2021,9,38,268,25,6,19,1018.1,21.7,22.2,21.7,72,16.4,17.9,0,0,0,21.7,22,22,20.9,0,0,2,0.04,7,0,0,0.035,85.5,0,19.6,0,2,9,8,0,0,0,"2021_9_25_19"
20.466,20.485,1326,169,600,180,2021,9,38,268,25,6,19,1017.8,21,21.7,21,78,17,18.2,0,0,1.6,21,21.6,21.6,20.5,0,0,0,0,0,0,0,0.028,83,0,19.2,0,3,9,12,0,0,0,"2021_9_25_19"
20.597,134.867,1326,191,794,221,2021,9,38,268,25,6,19,1018.3,20.9,21,20.9,74,16.1,17.5,3.2,0.8,16.1,20.9,21.3,21.3,20.1,0,0,0,0,0,0,0,0.027,80.6,0,19.4,0,4,13,11,0,0,0,"2021_9_25_19"
20.457,19.903,1660,9,2340,0,2021,9,38,268,25,6,20,1018.4,20.8,20.9,20.8,75,16.2,17.5,3.2,0.8,6.4,20.8,21.3,21.3,20.1,0,0,0,0,0,0,0,0.025,80.9,0,19.3,0,5,13,10,0,0,0,"2021_9_25_20"
20.799,19.969,1660,351,2397,347,2021,9,38,268,25,6,20,1018.8,20.7,20.8,20.7,75,16.1,17.5,1.6,0.4,4.8,20.7,21.2,21.2,20.1,0,0,0,0,0,0,0,0.025,77.6,0,19.6,0,6,13,11,0,0,0,"2021_9_25_20"
20.828,19.856,1072,14,1740,0,2021,9,38,268,25,6,20,1018.8,20.8,20.8,20.7,74,16,17.4,3.2,0.8,8,20.8,21.2,21.2,20,0,0,0,0,0,0,0,0.025,75.8,0,19.6,0,7,13,12,0,0,0,"2021_9_25_20"
20.56,19.824,1072,346,1816,343,2021,9,38,268,25,6,20,1018.9,20.8,20.9,20.8,74,16,17.4,4.8,1.21,9.7,20.8,21.2,21.2,20.1,0,0,0,0,0,0,0,0.026,76.8,0,19.6,0,0,13,10,0,0,0,"2021_9_25_20"
20.289,20.289,747,160,0,0,2021,9,38,268,25,6,21,1018.9,20.6,20.8,20.6,75,16,17.3,3.2,0.8,9.7,20.6,21.1,21.1,19.9,0,0,0,0,0,0.03,0,0.023,78.9,0,19.4,0,1,12,11,0,0,0,"2021_9_25_21"
20.025,19.957,747,200,520,270,2021,9,38,268,25,6,21,1019.1,20.3,20.6,20.3,76,16,17.3,3.2,0.8,4.8,20.3,20.8,20.8,19.7,0,0,0,0,0,0,0,0.021,78.1,0,19.2,0,2,12,11,0,0,0,"2021_9_25_21"
19.839,19.795,1326,169,600,180,2021,9,38,268,25,6,21,1018.9,20.1,20.3,20.1,77,15.9,17.2,3.2,0.8,8,20.1,20.5,20.5,19.4,0,0,0,0,0,0,0,0.018,81.2,0,18.9,0,3,13,11,0,0,0,"2021_9_25_21"
19.698,130.297,1326,191,794,221,2021,9,38,268,25,6,21,1019,19.7,20.1,19.7,79,16,17.1,1.6,0.4,4.8,19.7,20.3,20.3,19.1,0,0,0,0,0,0,0,0.014,81.4,0,18.7,0,4,13,10,0,0,0,"2021_9_25_21"
19.505,19.013,1660,9,2340,0,2021,9,38,268,25,6,22,1019.1,19.4,19.7,19.4,80,15.9,17,1.6,0.4,3.2,19.4,20,20,18.8,0,0,0,0,0,0.03,0,0.012,82.7,0,18.5,0,5,13,10,0,0,0,"2021_9_25_22"
19.487,19.023,1660,351,2397,347,2021,9,38,268,25,6,22,1019.4,19.4,19.5,19.3,81,16.1,17.1,1.6,0.4,4.8,19.4,20,20,18.9,0,0,0,0,0,0,0,0.012,84.4,0,18.5,0,6,13,12,0,0,0,"2021_9_25_22"
19.557,19.096,1072,14,1740,0,2021,9,38,268,25,6,22,1019.4,19.4,19.4,19.4,81,16.1,17.1,1.6,0.4,3.2,19.4,20,20,18.9,0,0,0,0,0,0,0,0.012,85.4,0,18.6,0,7,13,10,0,0,0,"2021_9_25_22"
19.285,18.915,1072,346,1816,343,2021,9,38,268,25,6,22,1019.4,19.4,19.4,19.4,81,16.1,17.1,0,0,3.2,19.4,20,20,18.9,0,0,0,0,0,0,0,0.012,87.9,0,18.4,0,0,9,10,0,0,0,"2021_9_25_22"
19.509,19.509,747,160,0,0,2021,9,38,268,25,6,23,1019.5,19.6,19.6,19.4,80,16,17.1,1.6,0.4,3.2,19.6,20.1,20.1,19,0,0,0,0,0,0.03,0,0.013,88.6,0,18.4,0,1,13,10,0,0,0,"2021_9_25_23"
19.252,19.144,747,200,520,270,2021,9,38,268,25,6,23,1019.3,19.5,19.6,19.5,81,16.2,17.2,0,0,0,19.5,20.1,20.1,19,0,0,0,0,0,0,0,0.012,90.2,0,18.3,0,2,9,8,0,0,0,"2021_9_25_23"
19.145,19.02,1326,169,600,180,2021,9,38,268,25,6,23,1019.4,19.3,19.6,19.3,83,16.4,17.3,0,0,1.6,19.3,19.9,19.9,18.8,0,0,0,0,0,0,0,0.01,92,0,18.3,0,3,9,10,0,0,0,"2021_9_25_23"
19.068,125.641,1326,191,794,221,2021,9,38,268,25,6,23,1019.5,19.2,19.3,19.2,83,16.3,17.2,0,0,3.2,19.2,19.8,19.8,18.7,0,0,0,0,0,0,0,0.009,93.6,0,18.2,0,4,9,10,0,0,0,"2021_9_25_23"
18.946,18.704,1660,9,2340,0,2021,9,38,269,26,7,0,1019.4,19.2,19.3,19.2,84,16.4,17.3,0,0,0,19.2,19.7,19.7,18.6,0,0,0,0,0,0.03,0,0.009,92.6,0,18.1,0,5,9,8,0,0,0,"2021_9_26_0"
18.79,18.649,1660,351,2397,347,2021,9,38,269,26,7,0,1019.4,19.1,19.2,19,82,15.9,16.9,1.6,0.4,3.2,19.1,19.6,19.6,18.4,0,0,0,0,0,0,0,0.008,91.7,0,17.9,0,6,11,10,0,0,0,"2021_9_26_0"
18.842,18.362,1072,14,1740,0,2021,9,38,269,26,7,0,1019.3,19.1,19.1,19,81,15.7,16.8,1.6,0.4,4.8,19.1,19.5,19.5,18.4,0,0,0,0,0,0,0,0.008,89.2,0,17.9,0,7,11,12,0,0,0,"2021_9_26_0"
17.739,17.595,1072,346,1816,343,2021,9,38,269,26,7,0,1018.9,18.7,19.1,18.7,83,15.8,16.7,0,0,3.2,18.7,19.2,19.2,18,0,0,0,0,0,0,0,0.004,91.8,0,17.2,0,0,9,10,0,0,0,"2021_9_26_0"
17.18,17.18,747,160,0,0,2021,9,38,269,26,7,1,1019.3,18.2,18.7,18.2,84,15.5,16.4,0,0,3.2,18.2,18.6,18.6,17.4,0,0,0,0,0,0.03,0.001,0,94.8,0,16.5,0,1,9,11,0,0,0,"2021_9_26_1"
17.082,17.237,747,200,520,270,2021,9,38,269,26,7,1,1019.3,17.4,18.2,17.4,87,15.3,16,0,0,3.2,17.4,17.8,17.8,16.6,0,0,0,0,0,0,0.009,0,96.2,0,16.3,0,2,9,11,0,0,0,"2021_9_26_1"
17.262,17.33,1326,169,600,180,2021,9,38,269,26,7,1,1019.4,17.2,17.4,17.2,89,15.4,16,0,0,3.2,17.2,17.6,17.6,16.4,0,0,0,0,0,0,0.012,0,98.5,0,16.4,0,3,9,11,0,0,0,"2021_9_26_1"
17.274,109.359,1326,191,794,221,2021,9,38,269,26,7,1,1019.3,17.2,17.2,17.2,90,15.5,16.1,0,0,1.6,17.2,17.6,17.6,16.4,0,0,0,0,0,0,0.012,0,98.9,0,16.6,0,4,9,11,0,0,0,"2021_9_26_1"
16.866,16.539,1660,9,2340,0,2021,9,38,269,26,7,2,1018.9,17.1,17.2,17.1,89,15.3,15.9,0,0,1.6,17.1,17.5,17.5,16.3,0,0,0,0,0,0,0.013,0,97.9,0,16.3,0,5,9,11,0,0,0,"2021_9_26_2"
16.518,16.308,1660,351,2397,347,2021,9,38,269,26,7,2,1018.7,16.8,17.1,16.8,88,14.8,15.5,1.6,0.4,3.2,16.8,17.1,17.1,15.9,0,0,0,0,0,0,0.016,0,97.3,0,15.8,0,6,11,11,0,0,0,"2021_9_26_2"
16.122,15.907,1072,14,1740,0,2021,9,38,269,26,7,2,1018.9,16.7,16.8,16.7,88,14.7,15.4,0,0,1.6,16.7,16.9,16.9,15.7,0,0,0,0,0,0,0.017,0,98.4,0,15.4,0,7,9,12,0,0,0,"2021_9_26_2"
15.855,15.795,1072,346,1816,343,2021,9,38,269,26,7,2,1018.7,16.2,16.7,16.2,90,14.6,15.2,0,0,0,16.2,16.5,16.5,15.3,0,0,0,0,0,0,0.022,0,98.2,0,15.2,0,0,9,8,0,0,0,"2021_9_26_2"
15.775,15.775,747,160,0,0,2021,9,38,269,26,7,3,1018.8,15.9,16.2,15.9,91,14.5,15,0,0,0,15.9,16.2,16.2,15,0,0,0,0,0,0,0.025,0,98.7,0,15.1,0,1,9,8,0,0,0,"2021_9_26_3"
15.539,15.828,747,200,520,270,2021,9,38,269,26,7,3,1018.6,15.7,15.9,15.7,91,14.2,14.7,0,0,0,15.7,15.9,15.9,14.6,0,0,0,0,0,0,0.028,0,98.1,0,15,0,2,9,8,0,0,0,"2021_9_26_3"
15.52,15.608,1326,169,600,180,2021,9,38,269,26,7,3,1018.6,15.4,15.7,15.4,92,14.2,14.6,0,0,1.6,15.4,15.7,15.7,14.4,0,0,0,0,0,0,0.03,0,98.8,0,14.8,0,3,9,12,0,0,0,"2021_9_26_3"
15.376,101.168,1326,191,794,221,2021,9,38,269,26,7,3,1018.9,15.3,15.4,15.3,92,14,14.5,0,0,3.2,15.3,15.5,15.5,14.3,0,0,0,0,0,0,0.032,0,99.2,0,14.7,0,4,9,12,0,0,0,"2021_9_26_3"
15.561,15.491,1660,9,2340,0,2021,9,38,269,26,7,4,1018.7,15.1,15.3,15.1,92,13.8,14.2,0,0,0,15.1,15.2,15.2,14,0,0,0,0,0,0,0.034,0,100,0,14.8,0,5,9,8,0,0,0,"2021_9_26_4"
15.37,15.552,1660,351,2397,347,2021,9,38,269,26,7,4,1018.8,15.1,15.1,15,94,14.1,14.4,0,0,3.2,15.1,15.3,15.3,14.1,0,0,0,0,0,0,0.034,0,100,0,14.7,0,6,9,12,0,0,0,"2021_9_26_4"
15.273,15.061,1072,14,1740,0,2021,9,38,269,26,7,4,1018.7,15.1,15.1,15,94,14.1,14.4,0,0,1.6,15.1,15.3,15.3,14.1,0,0,0,0,0,0,0.034,0,100,0,14.6,0,7,9,12,0,0,0,"2021_9_26_4"
14.978,15.282,1072,346,1816,343,2021,9,38,269,26,7,4,1018.6,14.9,15.1,14.9,94,14,14.3,0,0,0,14.9,15.2,15.2,14,0,0,0,0,0,0,0.035,0,99.9,0,14.4,0,0,9,8,0,0,0,"2021_9_26_4"
14.961,14.961,747,160,0,0,2021,9,38,269,26,7,5,1018.5,14.9,14.9,14.9,94,13.9,14.3,1.6,0.4,3.2,14.9,15.1,15.1,13.9,0,0,0,0,0,0,0.036,0,100,0,14.2,0,1,11,12,0,0,0,"2021_9_26_5"
14.976,15.075,747,200,520,270,2021,9,38,269,26,7,5,1018.5,14.7,14.9,14.7,94,13.8,14.1,0,0,1.6,14.7,14.9,14.9,13.7,0,0,0,0,0,0,0.038,0,100,0,14.1,0,2,9,11,0,0,0,"2021_9_26_5"
14.888,15.048,1326,169,600,180,2021,9,38,269,26,7,5,1018.4,14.6,14.7,14.6,94,13.6,14,0,0,1.6,14.6,14.8,14.8,13.5,0,0,0,0,0,0,0.039,0,100,0,14.1,0,3,9,11,0,0,0,"2021_9_26_5"
14.846,100.81,1326,191,794,221,2021,9,38,269,26,7,5,1018.4,14.4,14.6,14.4,94,13.5,13.8,0,0,1.6,14.4,14.6,14.6,13.4,0,0,0,0,0,0,0.041,0,100,0,14.1,0,4,9,11,0,0,0,"2021_9_26_5"
15.179,15.096,1660,9,2340,0,2021,9,38,269,26,7,6,1018.5,14.6,14.6,14.4,95,13.8,14.1,0,0,1.6,14.6,14.8,14.8,13.6,0,0,0,0,0,0,0.039,0,100,0,14.4,0,5,9,11,0,0,0,"2021_9_26_6"
15.163,15.217,1660,351,2397,347,2021,9,38,269,26,7,6,1018.4,14.6,14.7,14.6,95,13.8,14.1,0,0,0,14.6,14.8,14.8,13.5,0,0,0,0,0,0,0.039,0,100,0,14.3,0,6,9,8,0,0,0,"2021_9_26_6"
15.137,15.064,1072,14,1740,0,2021,9,38,269,26,7,6,1018.2,14.7,14.7,14.6,95,13.9,14.2,1.6,0.4,3.2,14.7,14.9,14.9,13.7,0,0,0,0,0,0,0.038,0,100,0,14.3,0,7,13,10,0,0,0,"2021_9_26_6"
14.867,14.951,1072,346,1816,343,2021,9,38,269,26,7,6,1018.2,14.7,14.7,14.7,94,13.7,14.1,0,0,1.6,14.7,14.9,14.9,13.6,0,0,0,0,0,0,0.038,0,100,0,14.1,0,0,9,10,0,0,0,"2021_9_26_6"
14.744,14.744,747,160,0,0,2021,9,38,269,26,7,7,1018.3,14.6,14.7,14.6,94,13.7,14,0,0,1.6,14.6,14.8,14.8,13.6,0,0,0,0,0,0,0.039,0,100,0,14,0,1,9,10,0,0,0,"2021_9_26_7"
14.946,14.985,747,200,520,270,2021,9,38,269,26,7,7,1018.3,14.6,14.6,14.6,95,13.8,14.1,0,0,1.6,14.6,14.8,14.8,13.6,0,0,0,0,5,0,0.039,0,100,0,14.1,0,2,9,10,0,0,0,"2021_9_26_7"
15.378,15.297,1326,169,600,180,2021,9,38,269,26,7,7,1018.6,14.7,14.7,14.6,94,13.7,14.1,0,0,1.6,14.7,14.9,14.9,13.8,0,0,10,0.22,16,0,0.038,0,100,0,14.2,0,3,9,10,0,0,0,"2021_9_26_7"
16.205,102.806,1326,191,794,221,2021,9,38,269,26,7,7,1018.9,14.6,14.7,14.5,95,13.8,14.1,0,0,3.2,14.6,14.8,14.8,13.9,0,0,22,0.47,32,0,0.039,0,100,1,14.9,0,4,9,10,0,0,0,"2021_9_26_7"
16.545,16.668,1660,9,2340,0,2021,9,38,269,26,7,8,1018.7,15.2,15.3,14.6,96,14.6,14.8,0,0,3.2,15.2,15.6,15.6,15.6,0,0,36,0.77,46,0,0.032,0,100,2,15.4,0,5,9,16,0,0,0,"2021_9_26_8"
17.384,17.638,1660,351,2397,347,2021,9,38,269,26,7,8,1018.5,15.8,15.8,15.3,94,14.8,15.2,0,0,3.2,15.8,16.1,16.1,16.6,0,0,57,1.23,72,0,0.027,0,100,2,15.9,0,6,9,9,0,0,0,"2021_9_26_8"
18.206,18.466,1072,14,1740,0,2021,9,38,269,26,7,8,1018.7,16.6,16.6,15.8,92,15.3,15.8,1.6,0.4,4.8,16.6,17,17,18.2,0,0,89,1.91,105,0,0.018,0,100,3,16.8,0,7,11,10,0,0,0,"2021_9_26_8"
18.995,18.949,1072,346,1816,343,2021,9,38,269,26,7,8,1018.5,17.6,17.6,16.7,88,15.5,16.2,3.2,0.8,9.7,17.6,17.9,17.9,19.8,0,0,123,2.65,141,0,0.008,0,95.5,4,17.3,0,0,12,11,0,0,0,"2021_9_26_8"
20.362,20.362,747,160,0,0,2021,9,38,269,26,7,9,1019.3,18.5,18.5,17.6,88,16.5,17.1,1.6,0.4,4.8,18.5,19.1,19.1,21.6,0,0,162,3.48,181,0.05,0,0.002,98,5,18.5,0,1,12,11,0,0,0,"2021_9_26_9"
21.384,21.828,747,200,520,270,2021,9,38,269,26,7,9,1019.3,19.7,19.7,18.5,85,17.1,17.9,3.2,0.8,9.7,19.7,20.4,20.4,23.5,0,0,198,4.26,221,0,0,0.014,89.8,6,19.5,0,2,11,11,0,0,0,"2021_9_26_9"
22.941,21.692,1326,169,600,180,2021,9,38,269,26,7,9,1019.4,20.8,20.8,19.7,81,17.4,18.4,4.8,1.21,11.3,20.8,21.6,21.6,25.3,0,0,244,5.25,265,0,0,0.025,89.3,8,20.5,0,3,13,10,0,0,0,"2021_9_26_9"
23.919,157.263,1326,191,794,221,2021,9,38,269,26,7,9,1019.6,21.7,21.7,20.8,78,17.7,18.8,4.8,1.21,11.3,21.7,22.4,22.4,26.8,0,0,305,6.56,345,0,0,0.035,79.7,12,21.6,0,4,13,11,0,0,0,"2021_9_26_9"
24.008,23.061,1660,9,2340,0,2021,9,38,269,26,7,10,1019.9,22.5,22.5,21.7,75,17.8,19.1,6.4,1.61,12.9,22.5,23.2,23.2,28.7,0,0,410,8.82,452,0.18,0,0.043,76.5,11,22.8,0,5,12,0,0,0,0,"2021_9_26_10"
22.583,22.477,1660,351,2397,347,2021,9,38,269,26,7,10,1018.7,22.2,22.6,22.2,74,17.4,18.7,6.4,1.61,14.5,22.2,22.8,22.8,26.5,0,0,275,5.92,376,0,0,0.041,73.6,8,22.1,0,6,12,11,0,0,0,"2021_9_26_10"
21.972,21.654,1072,14,1740,0,2021,9,38,269,26,7,10,1019,21.8,22.3,21.8,75,17.1,18.5,4.8,1.21,14.5,21.8,22.3,22.3,23.9,0,0,145,3.12,185,0,0,0.036,82.7,5,21.2,0,7,12,10,0,0,0,"2021_9_26_10"
21.43,21.228,1072,346,1816,343,2021,9,38,269,26,7,10,1019,21.6,21.8,21.6,77,17.4,18.6,4.8,1.21,12.9,21.6,22.2,22.2,22.9,0,0,96,2.07,114,0,0,0.034,83.9,5,20.6,0,0,12,0,0,0,0,"2021_9_26_10"
21.512,21.512,747,160,0,0,2021,9,38,269,26,7,11,1018.8,21.1,21.6,21.1,84,18.2,19.1,3.2,0.8,11.3,21.1,22,22,22.7,0.2,0,98,2.11,102,0.1,0,0.028,92,6,20.4,0,1,12,11,0,0,0,"2021_9_26_11"
21.667,21.407,747,200,520,270,2021,9,38,269,26,7,11,1019,20.8,21.1,20.8,86,18.4,19.1,3.2,0.8,6.4,20.8,21.8,21.8,22.7,0,0,109,2.34,118,0,0,0.026,91.8,5,20.5,0,2,4,0,0,0,0,"2021_9_26_11"
22.103,21.821,1326,169,600,180,2021,9,38,269,26,7,11,1019.2,20.8,20.8,20.8,86,18.4,19.1,3.2,0.8,6.4,20.8,21.8,21.8,22.7,0.2,0,109,2.34,121,0,0,0.026,93.2,6,20.7,0,3,4,13,0,0,0,"2021_9_26_11"
22.517,144.721,1326,191,794,221,2021,9,38,269,26,7,11,1019.3,21.1,21.1,20.8,87,18.8,19.5,0,0,3.2,21.1,22.1,22.1,23.3,0,0,132,2.84,139,0,0,0.028,89.6,6,21.3,0,4,9,0,0,0,0,"2021_9_26_11"
21.342,21.015,1660,9,2340,0,2021,9,38,269,26,7,12,1019.2,21.2,21.2,21.1,84,18.4,19.2,0,0,1.6,21.2,22.1,22.1,22.6,0,0,91,1.96,130,0.08,0,0.03,91.7,2,20.6,0,5,9,13,0,0,0,"2021_9_26_12"
20.332,20.257,1660,351,2397,347,2021,9,38,269,26,7,12,1018.3,20.8,21.2,20.8,86,18.3,19.1,3.2,0.8,6.4,20.8,21.8,21.8,21.5,0,0,41,0.88,56,0,0,0.025,94.7,1,19.9,0,6,12,10,0,0,0,"2021_9_26_12"
20.103,20.135,1072,14,1740,0,2021,9,38,269,26,7,12,1018.8,20.3,20.7,20.3,88,18.2,18.8,1.6,0.4,8,20.3,21.3,21.3,20.8,0.4,1.4,28,0.6,30,0,0,0.02,98.8,1,19.3,0,7,13,12,0,0,0,"2021_9_26_12"
20.278,20.278,1072,346,1816,343,2021,9,38,269,26,7,12,1018.8,20.1,20.3,20.1,90,18.4,18.9,0,0,3.2,20.1,21.1,21.1,20.6,0.6,2.4,30,0.65,33,0,0,0.018,100,1,19.4,0,0,9,13,0,0,0,"2021_9_26_12"
19.998,19.998,747,160,0,0,2021,9,38,269,26,7,13,1018.4,19.9,20.1,19.9,92,18.6,19,1.6,0.4,4.8,19.9,21,21,20.6,0.2,2.2,30,0.65,33,0.03,0,0.017,100,1,19.4,0,1,13,10,0,0,0,"2021_9_26_13"
19.842,19.863,747,200,520,270,2021,9,38,269,26,7,13,1018.6,19.8,19.9,19.8,92,18.4,18.9,3.2,0.8,6.4,19.8,20.8,20.8,20.3,0.6,2.2,25,0.54,26,0,0,0.015,100,1,19.1,0,2,8,12,0,0,0,"2021_9_26_13"
19.634,19.624,1326,169,600,180,2021,9,38,269,26,7,13,1017.7,19.6,19.8,19.6,91,18.1,18.6,3.2,0.8,6.4,19.6,20.6,20.6,20,0.4,2.2,23,0.49,23,0,0,0.013,100,1,18.9,0,3,11,12,0,0,0,"2021_9_26_13"
19.588,113.778,1326,191,794,221,2021,9,38,269,26,7,13,1017.9,19.5,19.6,19.4,91,18,18.5,1.6,0.4,6.4,19.5,20.4,20.4,19.8,0.4,2,18,0.39,21,0,0,0.012,100,0,18.6,0,4,13,10,0,0,0,"2021_9_26_13"
19.191,19.261,1660,9,2340,0,2021,9,38,269,26,7,14,1017.9,19.3,19.5,19.3,92,18,18.4,1.6,0.4,4.8,19.3,20.2,20.2,19.6,0.8,4,14,0.3,16,0.03,0,0.01,100,0,18.4,0,5,6,0,0,0,0,"2021_9_26_14"
19.203,19.204,1660,351,2397,347,2021,9,38,269,26,7,14,1017.2,19.1,19.3,19.1,93,17.9,18.3,3.2,0.8,6.4,19.1,19.9,19.9,19.2,1.6,8.4,14,0.3,14,0,0,0.008,100,0,18.4,0,6,12,0,0,0,0,"2021_9_26_14"
18.944,19.167,1072,14,1740,0,2021,9,38,269,26,7,14,1016.8,18.9,19.1,18.9,94,17.9,18.2,3.2,0.8,6.4,18.9,19.7,19.7,19,0.6,5,13,0.28,14,0,0,0.006,100,0,18.3,0,7,11,10,0,0,0,"2021_9_26_14"
18.851,18.812,1072,346,1816,343,2021,9,38,269,26,7,14,1015.8,18.7,18.9,18.7,94,17.7,18,4.8,1.21,14.5,18.7,19.5,19.5,18.8,0.8,3.6,14,0.3,14,0,0,0.003,100,0,17.9,0,0,12,10,0,0,0,"2021_9_26_14"
18.998,18.998,747,160,0,0,2021,9,38,269,26,7,15,1015.5,18.7,18.7,18.6,94,17.7,18,11.3,2.82,20.9,18.7,19.5,19.5,18.8,0.2,3.6,12,0.26,14,0.03,0,0.004,100,0,17.9,0,1,4,11,0,0,0,"2021_9_26_15"
19.179,19.077,747,200,520,270,2021,9,38,269,26,7,15,1017,18.8,18.9,18.7,94,17.8,18.2,8,2.01,19.3,18.8,19.7,19.7,19.1,0.2,1,19,0.41,23,0,0,0.005,100,1,18,0,2,4,0,0,0,0,"2021_9_26_15"
19.19,19.161,1326,169,600,180,2021,9,38,269,26,7,15,1016.9,19,19,18.8,93,17.8,18.2,6.4,1.61,14.5,19,19.8,19.8,19.4,0,0,30,0.65,33,0,0,0.007,100,1,18.2,0,3,6,7,0,0,0,"2021_9_26_15"
19.237,107.762,1326,191,794,221,2021,9,38,269,26,7,15,1016.3,18.9,19,18.9,93,17.8,18.2,3.2,0.8,8,18.9,19.8,19.8,19.3,0.2,0,23,0.49,26,0,0,0.006,100,1,18.2,0,4,4,0,0,0,0,"2021_9_26_15"
19.671,19.85,1660,9,2340,0,2021,9,38,269,26,7,16,1016.4,19.1,19.1,18.9,93,17.9,18.3,1.6,0.4,6.4,19.1,19.9,19.9,19.6,0.2,0,31,0.67,47,0.03,0,0.008,100,3,18.4,0,5,13,11,0,0,0,"2021_9_26_16"
20.769,20.405,1660,351,2397,347,2021,9,38,269,26,7,16,1017.1,19.2,19.2,19.1,94,18.2,18.5,3.2,0.8,8,19.2,20.2,20.2,20.8,0.2,1.8,87,1.87,114,0,0,0.009,100,5,19.3,0,6,2,3,0,0,0,"2021_9_26_16"
20.324,20.341,1072,14,1740,0,2021,9,38,269,26,7,16,1017.3,19.4,19.4,19.2,93,18.3,18.6,1.6,0.4,6.4,19.4,20.4,20.4,20.9,0,0,74,1.59,113,0,0,0.012,100,2,19.5,0,7,2,13,0,0,0,"2021_9_26_16"
19.972,20.085,1072,346,1816,343,2021,9,38,269,26,7,16,1017.1,19.6,19.6,19.4,93,18.4,18.8,1.6,0.4,4.8,19.6,20.5,20.5,20.5,0,0,43,0.92,47,0,0,0.013,100,2,19.3,0,0,11,0,0,0,0,"2021_9_26_16"
19.786,19.786,747,160,0,0,2021,9,38,269,26,7,17,1017,19.6,19.6,19.5,94,18.6,18.9,1.6,0.4,4.8,19.6,20.6,20.6,20.6,0,0,42,0.9,51,0.03,0,0.013,100,1,19.1,0,1,13,0,0,0,0,"2021_9_26_17"
19.432,19.255,747,200,520,270,2021,9,38,269,26,7,17,1017,19.3,19.6,19.3,94,18.3,18.7,1.6,0.4,4.8,19.3,20.3,20.3,19.8,0.2,0,19,0.41,25,0,0,0.01,100,0,18.8,0,2,11,9,0,0,0,"2021_9_26_17"
19.279,19.267,1326,169,600,180,2021,9,38,269,26,7,17,1017.8,19.1,19.3,19.1,94,18.1,18.4,4.8,1.21,8,19.1,20,20,19.3,0.4,1.8,9,0.19,12,0,0,0.008,100,0,18.4,0,3,8,7,0,0,0,"2021_9_26_17"
19.24,114.85,1326,191,794,221,2021,9,38,269,26,7,17,1017.9,19.1,19.2,19.1,95,18.3,18.5,4.8,1.21,11.3,19.1,20,20,19.3,0.8,4.2,5,0.11,7,0,0,0.008,100,0,18.3,0,4,8,6,0,0,0,"2021_9_26_17"
19.071,18.95,1660,9,2340,0,2021,9,38,269,26,7,18,1018,18.9,19.1,18.9,95,18.1,18.4,4.8,1.21,9.7,18.9,19.8,19.8,19,0.8,4.4,0,0,0,0,0,0.006,100,0,18.1,0,5,7,6,0,0,0,"2021_9_26_18"
19.136,18.94,1660,351,2397,347,2021,9,38,269,26,7,18,1018.1,18.7,18.9,18.7,96,18.1,18.3,4.8,1.21,9.7,18.7,19.7,19.7,18.8,1.2,5.8,0,0,0,0,0,0.004,100,0,18.1,0,6,6,5,0,0,0,"2021_9_26_18"
18.916,18.769,1072,14,1740,0,2021,9,38,269,26,7,18,1018.2,18.7,18.8,18.7,96,18,18.2,6.4,1.61,11.3,18.7,19.6,19.6,18.7,1.4,6.8,0,0,0,0,0,0.003,100,0,18,0,7,6,4,0,0,0,"2021_9_26_18"
18.763,18.738,1072,346,1816,343,2021,9,38,269,26,7,18,1017.7,18.6,18.7,18.6,96,17.9,18.1,3.2,0.8,9.7,18.6,19.5,19.5,18.5,1.8,8.2,0,0,0,0,0,0.002,100,0,17.9,0,0,6,5,0,0,0,"2021_9_26_18"
18.632,18.632,747,160,0,0,2021,9,38,269,26,7,19,1017,18.5,18.6,18.4,96,17.9,18.1,1.6,0.4,3.2,18.5,19.4,19.4,18.4,1.4,7.4,0,0,0,0,0,0.002,100,0,17.8,0,1,6,5,0,0,0,"2021_9_26_19"
18.543,18.608,747,200,520,270,2021,9,38,269,26,7,19,1015.7,18.4,18.5,18.3,96,17.7,17.9,3.2,0.8,9.7,18.4,19.3,19.3,18.2,0.8,7.4,0,0,0,0,0,0.001,100,0,17.7,0,2,13,10,0,0,0,"2021_9_26_19"
18.513,18.512,1326,169,600,180,2021,9,38,269,26,7,19,1014.8,18.3,18.4,18.3,97,17.8,18,8,2.01,16.1,18.3,19.2,19.2,18.2,0.6,2.8,0,0,0,0,0.001,0,100,0,17.6,0,3,13,12,0,0,0,"2021_9_26_19"
18.424,99.15,1326,191,794,221,2021,9,38,269,26,7,19,1014.4,18.2,18.3,18.2,97,17.7,17.9,9.7,2.41,16.1,18.2,19.2,19.2,18.1,0.2,2.4,0,0,0,0,0.001,0,100,0,17.5,0,4,11,10,0,0,0,"2021_9_26_19"
18.39,18.408,1660,9,2340,0,2021,9,38,269,26,7,20,1014.1,18.2,18.3,18.2,97,17.7,17.8,9.7,2.41,17.7,18.2,19.1,19.1,18,0.4,1,0,0,0,0,0.002,0,100,0,17.4,0,5,11,9,0,0,0,"2021_9_26_20"
18.323,18.32,1660,351,2397,347,2021,9,38,269,26,7,20,1014.4,18.2,18.2,18.2,96,17.5,17.7,6.4,1.61,12.9,18.2,19,19,18,0.2,1.2,0,0,0,0,0.002,0,100,0,17.4,0,6,11,12,0,0,0,"2021_9_26_20"
18.348,18.29,1072,14,1740,0,2021,9,38,269,26,7,20,1014.6,18.2,18.2,18.2,96,17.5,17.7,3.2,0.8,8,18.2,19,19,18,0,0,0,0,0,0,0.002,0,100,0,17.4,0,7,10,9,0,0,0,"2021_9_26_20"
18.299,18.234,1072,346,1816,343,2021,9,38,269,26,7,20,1015.3,18.1,18.2,18.1,96,17.5,17.7,3.2,0.8,4.8,18.1,18.9,18.9,17.9,0.2,0,0,0,0,0,0.002,0,100,0,17.3,0,0,6,5,0,0,0,"2021_9_26_20"
18.305,18.305,747,160,0,0,2021,9,38,269,26,7,21,1015.1,18.2,18.2,18.1,96,17.5,17.7,1.6,0.4,6.4,18.2,19,19,18,0,0,0,0,0,0,0.002,0,100,0,17.3,0,1,8,7,0,0,0,"2021_9_26_21"
18.207,18.206,747,200,520,270,2021,9,38,269,26,7,21,1015.3,18,18.2,18,96,17.4,17.6,3.2,0.8,4.8,18,18.8,18.8,17.8,0,0,0,0,0,0,0.003,0,100,0,17.2,0,2,5,4,0,0,0,"2021_9_26_21"
18.123,18.123,1326,169,600,180,2021,9,38,269,26,7,21,1015.7,18,18.1,17.9,97,17.5,17.7,3.2,0.8,8,18,18.9,18.9,17.8,0,0,0,0,0,0,0.003,0,100,0,17.1,0,3,6,4,0,0,0,"2021_9_26_21"
17.99,115.186,1326,191,794,221,2021,9,38,269,26,7,21,1015.8,17.9,18.1,17.9,96,17.3,17.5,3.2,0.8,9.7,17.9,18.7,18.7,17.7,0,0,0,0,0,0,0.004,0,100,0,17.1,0,4,7,5,0,0,0,"2021_9_26_21"
18.018,18.024,1660,9,2340,0,2021,9,38,269,26,7,22,1016.1,17.8,17.9,17.8,97,17.4,17.5,3.2,0.8,6.4,17.8,18.7,18.7,17.6,0,0,0,0,0,0,0.005,0,100,0,17,0,5,8,5,0,0,0,"2021_9_26_22"
18.082,18.109,1660,351,2397,347,2021,9,38,269,26,7,22,1016.5,17.9,17.9,17.8,97,17.4,17.6,4.8,1.21,9.7,17.9,18.7,18.7,17.7,0,0,0,0,0,0,0.005,0,100,0,17.1,0,6,6,5,0,0,0,"2021_9_26_22"
17.964,17.834,1072,14,1740,0,2021,9,38,269,26,7,22,1016.4,17.8,17.9,17.8,97,17.4,17.5,3.2,0.8,9.7,17.8,18.7,18.7,17.6,0,0,0,0,0,0,0.005,0,100,0,17,0,7,7,5,0,0,0,"2021_9_26_22"
17.602,17.57,1072,346,1816,343,2021,9,38,269,26,7,22,1016.2,17.6,17.8,17.6,97,17.1,17.3,3.2,0.8,9.7,17.6,18.4,18.4,17.3,0,0,0,0,0,0,0.008,0,100,0,16.7,0,0,6,5,0,0,0,"2021_9_26_22"
17.296,17.296,747,160,0,0,2021,9,38,269,26,7,23,1016.3,17.4,17.6,17.4,97,17,17.1,3.2,0.8,6.4,17.4,18.2,18.2,17.1,0,0,0,0,0,0,0.009,0,100,0,16.4,0,1,7,7,0,0,0,"2021_9_26_23"
17.37,17.461,747,200,520,270,2021,9,38,269,26,7,23,1016.4,17.1,17.4,17.1,97,16.6,16.8,3.2,0.8,4.8,17.1,17.8,17.8,16.7,0,0,0,0,0,0,0.013,0,100,0,16.3,0,2,6,5,0,0,0,"2021_9_26_23"
17.317,17.312,1326,169,600,180,2021,9,38,269,26,7,23,1016.6,17.2,17.2,17.1,97,16.7,16.8,3.2,0.8,6.4,17.2,17.9,17.9,16.8,0,0,0,0,0,0,0.012,0,100,0,16.3,0,3,7,6,0,0,0,"2021_9_26_23"
17.421,135.78,1326,191,794,221,2021,9,38,269,26,7,23,1016.6,17.1,17.2,17.1,98,16.8,16.9,1.6,0.4,6.4,17.1,17.9,17.9,16.8,0,0,0,0,0,0,0.013,0,100,0,16.4,0,4,16,16,0,0,0,"2021_9_26_23"
17.486,17.457,1660,9,2340,0,2021,9,39,270,27,1,0,1016.7,17.2,17.2,17.1,98,16.8,17,1.6,0.4,4.8,17.2,17.9,17.9,16.9,0,0,0,0,0,0,0.012,0,100,0,16.5,0,5,16,7,0,0,0,"2021_9_27_0"
17.546,17.387,1660,351,2397,347,2021,9,39,270,27,1,0,1016.6,17.2,17.2,17.2,98,16.9,17,3.2,0.8,6.4,17.2,18,18,17,0,0,0,0,0,0,0.012,0,100,0,16.5,0,6,8,7,0,0,0,"2021_9_27_0"
17.455,17.43,1072,14,1740,0,2021,9,39,270,27,1,0,1016.5,17.4,17.4,17.3,98,17.1,17.2,3.2,0.8,6.4,17.4,18.2,18.2,17.2,0,0,0,0,0,0,0.01,0,100,0,16.4,0,7,15,14,0,0,0,"2021_9_27_0"
17.784,17.755,1072,346,1816,343,2021,9,39,270,27,1,0,1016.5,17.5,17.5,17.4,98,17.2,17.3,1.6,0.4,8,17.5,18.3,18.3,17.3,0,0,0,0,0,0,0.009,0,100,0,16.6,0,0,16,16,0,0,0,"2021_9_27_0"
18.001,18.001,747,160,0,0,2021,9,39,270,27,1,1,1016.5,17.6,17.7,17.5,97,17.1,17.3,3.2,0.8,6.4,17.6,18.4,18.4,17.3,0,0,0,0,0,0,0.008,0,100,0,16.9,0,1,16,7,0,0,0,"2021_9_27_1"
17.972,18.036,747,200,520,270,2021,9,39,270,27,1,1,1016.3,17.7,17.7,17.6,97,17.2,17.3,3.2,0.8,6.4,17.7,18.5,18.5,17.4,0,0,0,0,0,0,0.007,0,100,0,16.9,0,2,7,7,0,0,0,"2021_9_27_1"
17.949,17.923,1326,169,600,180,2021,9,39,270,27,1,1,1016.1,17.6,17.7,17.6,97,17.1,17.3,1.6,0.4,4.8,17.6,18.4,18.4,17.3,0,0,0,0,0,0,0.008,0,100,0,16.9,0,3,6,5,0,0,0,"2021_9_27_1"
17.941,196.189,1326,191,794,221,2021,9,39,270,27,1,1,1016.1,17.6,17.6,17.6,97,17.1,17.2,3.2,0.8,6.4,17.6,18.3,18.3,17.3,0,0,0,0,0,0,0.008,0,100,0,16.9,0,4,7,6,0,0,0,"2021_9_27_1"
18.004,17.858,1660,9,2340,0,2021,9,39,270,27,1,2,1016,17.6,17.6,17.6,97,17.1,17.2,3.2,0.8,4.8,17.6,18.3,18.3,17.3,0,0,0,0,0,0,0.008,0,100,0,16.9,0,5,7,6,0,0,0,"2021_9_27_2"
17.907,17.904,1660,351,2397,347,2021,9,39,270,27,1,2,1015.9,17.6,17.6,17.6,97,17.1,17.2,3.2,0.8,6.4,17.6,18.3,18.3,17.3,0,0,0,0,0,0,0.008,0,100,0,16.9,0,6,6,5,0,0,0,"2021_9_27_2"
17.586,17.445,1072,14,1740,0,2021,9,39,270,27,1,2,1015.5,17.5,17.6,17.5,97,17,17.2,1.6,0.4,4.8,17.5,18.3,18.3,17.2,0,0,0,0,0,0,0.009,0,100,0,16.7,0,7,6,6,0,0,0,"2021_9_27_2"
17.03,16.964,1072,346,1816,343,2021,9,39,270,27,1,2,1015.1,17.3,17.6,17.3,97,16.8,17,1.6,0.4,4.8,17.3,18,18,16.9,0,0,0,0,0,0,0.011,0,100,0,16.3,0,0,8,6,0,0,0,"2021_9_27_2"
16.719,16.719,747,160,0,0,2021,9,39,270,27,1,3,1015.1,17.1,17.3,17.1,97,16.6,16.7,1.6,0.4,4.8,17.1,17.7,17.7,16.6,0,0,0,0,0,0,0.013,0,100,0,15.8,0,1,7,6,0,0,0,"2021_9_27_3"
16.667,16.603,747,200,520,270,2021,9,39,270,27,1,3,1015.1,16.6,17.1,16.6,97,16.1,16.3,3.2,0.8,6.4,16.6,17.2,17.2,16.1,0,0,0,0,0,0,0.018,0,100,0,15.7,0,2,7,5,0,0,0,"2021_9_27_3"
16.42,16.505,1326,169,600,180,2021,9,39,270,27,1,3,1015.1,16.4,16.7,16.4,97,15.9,16.1,3.2,0.8,8,16.4,16.9,16.9,15.8,0,0,0,0,0,0,0.02,0,100,0,15.4,0,3,7,6,0,0,0,"2021_9_27_3"
16.093,195.035,1326,191,794,221,2021,9,39,270,27,1,3,1014.7,16.1,16.4,16.1,97,15.6,15.8,3.2,0.8,6.4,16.1,16.6,16.6,15.5,0,0,0,0,0,0,0.023,0,100,0,15.2,0,4,8,5,0,0,0,"2021_9_27_3"
15.977,15.967,1660,9,2340,0,2021,9,39,270,27,1,4,1014.9,15.8,16.1,15.8,97,15.4,15.5,3.2,0.8,6.4,15.8,16.3,16.3,15.2,0,0,0,0,0,0,0.026,0,100,0,15,0,5,7,6,0,0,0,"2021_9_27_4"
16.289,16.184,1660,351,2397,347,2021,9,39,270,27,1,4,1014.9,15.6,15.8,15.6,98,15.3,15.4,3.2,0.8,9.7,15.6,16.1,16.1,15,0,0,0,0,0,0,0.028,0,100,0,15,0,6,6,5,0,0,0,"2021_9_27_4"
16.122,15.678,1072,14,1740,0,2021,9,39,270,27,1,4,1014.8,15.4,15.6,15.4,98,15.1,15.2,4.8,1.21,9.7,15.4,15.9,15.9,14.8,0,0,0,0,0,0,0.03,0,100,0,14.9,0,7,6,5,0,0,0,"2021_9_27_4"
16.015,15.846,1072,346,1816,343,2021,9,39,270,27,1,4,1014.9,15.4,15.4,15.4,98,15.1,15.2,3.2,0.8,9.7,15.4,15.9,15.9,14.8,0,0,0,0,0,0,0.03,0,100,0,14.8,0,0,7,5,0,0,0,"2021_9_27_4"
16.114,16.114,747,160,0,0,2021,9,39,270,27,1,5,1015.1,15.5,15.5,15.4,98,15.2,15.3,3.2,0.8,9.7,15.5,16,16,14.9,0,0,0,0,0,0,0.03,0,100,0,15.1,0,1,6,6,0,0,0,"2021_9_27_5"
16.28,16.237,747,200,520,270,2021,9,39,270,27,1,5,1015,15.6,15.6,15.5,98,15.2,15.4,4.8,1.21,12.9,15.6,16.1,16.1,14.9,0,0,0,0,0,0,0.029,0,100,0,15.1,0,2,6,5,0,0,0,"2021_9_27_5"
16.326,16.265,1326,169,600,180,2021,9,39,270,27,1,5,1015.1,15.6,15.7,15.6,98,15.3,15.4,4.8,1.21,11.3,15.6,16.1,16.1,15,0,0,0,0,0,0,0.028,0,100,0,15.1,0,3,6,4,0,0,0,"2021_9_27_5"
16.35,195.387,1326,191,794,221,2021,9,39,270,27,1,5,1015.1,15.6,15.6,15.6,98,15.2,15.4,4.8,1.21,11.3,15.6,16.1,16.1,14.9,0,0,0,0,0,0,0.029,0,100,0,15.1,0,4,6,5,0,0,0,"2021_9_27_5"
16.348,15.974,1660,9,2340,0,2021,9,39,270,27,1,6,1015.1,15.5,15.6,15.5,98,15.2,15.3,3.2,0.8,9.7,15.5,16,16,14.9,0,0,0,0,0,0,0.03,0,100,0,15.2,0,5,6,5,0,0,0,"2021_9_27_6"
16.275,16.126,1660,351,2397,347,2021,9,39,270,27,1,6,1015.2,15.5,15.6,15.4,99,15.3,15.4,4.8,1.21,8,15.5,16.1,16.1,14.9,0,0,0,0,0,0,0.03,0,100,0,15.2,0,6,6,4,0,0,0,"2021_9_27_6"
16.329,15.933,1072,14,1740,0,2021,9,39,270,27,1,6,1015.3,15.6,15.6,15.4,99,15.4,15.5,1.6,0.4,6.4,15.6,16.1,16.1,15,0,0,0,0,0,0,0.029,0,100,0,15.2,0,7,6,6,0,0,0,"2021_9_27_6"
16.317,16.099,1072,346,1816,343,2021,9,39,270,27,1,6,1015.3,15.6,15.6,15.6,99,15.4,15.5,3.2,0.8,8,15.6,16.1,16.1,15,0,0,0,0,0,0,0.029,0,100,0,15.1,0,0,6,4,0,0,0,"2021_9_27_6"
16.172,16.172,747,160,0,0,2021,9,39,270,27,1,7,1015.3,15.6,15.6,15.4,99,15.4,15.5,4.8,1.21,11.3,15.6,16.1,16.1,15,0,0,0,0,0,0,0.029,0,100,0,15.1,0,1,6,6,0,0,0,"2021_9_27_7"
16.418,16.451,747,200,520,270,2021,9,39,270,27,1,7,1015.4,15.6,15.6,15.6,99,15.4,15.5,3.2,0.8,8,15.6,16.1,16.1,15,0,0,0,0,0,0,0.029,0,100,0,15.1,0,2,6,4,0,0,0,"2021_9_27_7"
16.344,16.287,1326,169,600,180,2021,9,39,270,27,1,7,1015.4,15.6,15.6,15.6,99,15.4,15.5,3.2,0.8,4.8,15.6,16.1,16.1,15,0,0,0,0,0,0,0.029,0,100,0,15.2,0,3,6,5,0,0,0,"2021_9_27_7"
16.527,196.009,1326,191,794,221,2021,9,39,270,27,1,7,1015.5,15.7,15.7,15.6,99,15.5,15.6,3.2,0.8,4.8,15.7,16.2,16.2,15.2,0,0,8,0.17,11,0,0.028,0,100,0,15.3,0,4,8,5,0,0,0,"2021_9_27_7"
16.891,16.533,1660,9,2340,0,2021,9,39,270,27,1,8,1015.7,15.7,15.7,15.6,99,15.5,15.6,3.2,0.8,6.4,15.7,16.2,16.2,15.8,0,0,19,0.41,23,0,0.028,0,100,1,15.5,0,5,7,5,0,0,0,"2021_9_27_8"
17.135,16.957,1660,351,2397,347,2021,9,39,270,27,1,8,1015.7,15.6,15.7,15.6,99,15.4,15.5,1.6,0.4,4.8,15.6,16.1,16.1,15.8,0,0,25,0.54,28,0,0.029,0,100,1,15.7,0,6,5,5,0,0,0,"2021_9_27_8"
17.382,16.475,1072,14,1740,0,2021,9,39,270,27,1,8,1015.8,15.7,15.8,15.6,99,15.6,15.6,1.6,0.4,6.4,15.7,16.3,16.3,16,0,0,27,0.58,28,0,0.027,0,100,1,15.9,0,7,7,2,0,0,0,"2021_9_27_8"
17.614,16.976,1072,346,1816,343,2021,9,39,270,27,1,8,1016,15.9,15.9,15.7,99,15.7,15.8,1.6,0.4,6.4,15.9,16.5,16.5,16.3,0,0,30,0.65,37,0,0.025,0,100,1,16.1,0,0,2,2,0,0,0,"2021_9_27_8"
17.831,17.831,747,160,0,0,2021,9,39,270,27,1,9,1016,15.9,15.9,15.8,99,15.8,15.8,3.2,0.8,6.4,15.9,16.6,16.6,16.5,0,0,40,0.86,42,0.03,0.025,0,100,1,16.4,0,1,2,2,0,0,0,"2021_9_27_9"
17.712,17.671,747,200,520,270,2021,9,39,270,27,1,9,1016,15.9,15.9,15.9,99,15.7,15.8,3.2,0.8,6.4,15.9,16.5,16.5,16.5,0,0,42,0.9,47,0,0.025,0,100,2,16.4,0,2,6,5,0,0,0,"2021_9_27_9"
18.038,17.779,1326,169,600,180,2021,9,39,270,27,1,9,1016.2,15.9,15.9,15.8,99,15.7,15.8,3.2,0.8,4.8,15.9,16.5,16.5,16.9,0,0,64,1.38,77,0,0.025,0,100,2,16.5,0,3,6,5,0,0,0,"2021_9_27_9"
18.488,177.1,1326,191,794,221,2021,9,39,270,27,1,9,1016.4,16,16,15.9,99,15.8,15.9,1.6,0.4,6.4,16,16.6,16.6,17.2,0,0,77,1.66,88,0,0.024,0,100,3,16.8,0,4,6,5,0,0,0,"2021_9_27_9"
18.533,18.048,1660,9,2340,0,2021,9,39,270,27,1,10,1016.4,16.2,16.2,16,99,16,16.1,3.2,0.8,6.4,16.2,16.8,16.8,17.6,0,0,92,1.98,104,0.03,0.023,0,100,4,17,0,5,5,5,0,0,0,"2021_9_27_10"
19.476,19.007,1660,351,2397,347,2021,9,39,270,27,1,10,1016.4,16.3,16.3,16.1,99,16.2,16.2,3.2,0.8,4.8,16.3,17,17,18,0,0,105,2.26,127,0,0.021,0,100,7,17.5,0,6,5,6,0,0,0,"2021_9_27_10"
20.369,18.992,1072,14,1740,0,2021,9,39,270,27,1,10,1016.5,16.4,16.4,16.3,99,16.3,16.3,3.2,0.8,6.4,16.4,17.2,17.2,18.7,0,0,143,3.08,156,0,0.02,0,100,9,18.3,0,7,6,5,0,0,0,"2021_9_27_10"
21.181,19.38,1072,346,1816,343,2021,9,39,270,27,1,10,1017,16.8,16.8,16.4,99,16.6,16.7,4.8,1.21,8,16.8,17.6,17.6,20.3,0,0,227,4.88,306,0,0.016,0,98.5,8,19.3,0,0,6,4,0,0,0,"2021_9_27_10"
21.13,21.13,747,160,0,0,2021,9,39,270,27,1,11,1016.4,16.9,16.9,16.7,99,16.7,16.8,4.8,1.21,8,16.9,17.7,17.7,20.1,0,0,205,4.41,262,0.1,0.015,0,97.5,8,19.4,0,1,2,2,0,0,0,"2021_9_27_11"
20.764,20.549,747,200,520,270,2021,9,39,270,27,1,11,1016,17.1,17.1,16.8,98,16.7,16.8,4.8,1.21,11.3,17.1,17.8,17.8,19.8,0,0,185,3.98,216,0,0.013,0,94.7,8,19.1,0,2,6,6,0,0,0,"2021_9_27_11"
21.185,20.68,1326,169,600,180,2021,9,39,270,27,1,11,1016.6,17.3,17.3,17.1,96,16.7,16.9,4.8,1.21,9.7,17.3,18,18,20.7,0,0,244,5.25,292,0,0.01,0,93,9,19.8,0,3,6,6,0,0,0,"2021_9_27_11"
21.266,152.094,1326,191,794,221,2021,9,39,270,27,1,11,1016.2,17.2,17.4,17.2,95,16.4,16.7,4.8,1.21,11.3,17.2,17.8,17.8,19.9,0,0,203,4.37,232,0,0.012,0,90.2,10,19.5,0,4,6,5,0,0,0,"2021_9_27_11"
21.516,20.731,1660,9,2340,0,2021,9,39,270,27,1,12,1016.4,17.4,17.4,17.2,95,16.6,16.9,4.8,1.21,9.7,17.4,18,18,20.3,0,0,219,4.71,248,0.13,0.01,0,92.2,8,20,0,5,6,5,0,0,0,"2021_9_27_12"
21.103,19.975,1660,351,2397,347,2021,9,39,270,27,1,12,1016.5,17.6,17.6,17.3,94,16.6,16.9,4.8,1.21,9.7,17.6,18.1,18.1,20.2,0,0,203,4.37,229,0,0.008,0,89,7,19.8,0,6,6,2,0,0,0,"2021_9_27_12"
21.309,19.769,1072,14,1740,0,2021,9,39,270,27,1,12,1016.4,17.7,17.7,17.5,93,16.5,16.9,4.8,1.21,11.3,17.7,18.2,18.2,20.3,0,0,206,4.43,246,0,0.007,0,88.8,9,19.5,0,7,6,4,0,0,0,"2021_9_27_12"
21.885,20.65,1072,346,1816,343,2021,9,39,270,27,1,12,1016.4,17.8,17.8,17.7,93,16.7,17.1,4.8,1.21,11.3,17.8,18.4,18.4,20.4,0,0,199,4.28,214,0,0.005,0,89.2,11,19.6,0,0,7,5,0,0,0,"2021_9_27_12"
22.64,22.64,747,160,0,0,2021,9,39,270,27,1,13,1017.9,18.7,18.7,17.8,89,16.8,17.4,4.8,1.21,12.9,18.7,19.3,19.3,22.7,0,0,309,6.65,605,0.13,0,0.003,78,21,21.4,0,1,7,4,0,0,0,"2021_9_27_13"
23.042,23.279,747,200,520,270,2021,9,39,270,27,1,13,1017,19.1,19.1,18.7,88,17,17.7,4.8,1.21,14.5,19.1,19.7,19.7,23.7,0,0,364,7.83,682,0,0,0.008,81.2,12,21.5,0,2,6,5,0,0,0,"2021_9_27_13"
25.566,24.296,1326,169,600,180,2021,9,39,270,27,1,13,1017.4,19.5,19.5,19.1,87,17.3,18,6.4,1.61,12.9,19.5,20.3,20.3,25.2,0,0,460,9.9,584,0,0,0.012,74.7,19,23.2,0,3,6,4,0,0,0,"2021_9_27_13"
25.187,159.157,1326,191,794,221,2021,9,39,270,27,1,13,1017.1,19.9,20,19.5,85,17.3,18.1,3.2,0.8,9.7,19.9,20.7,20.7,24.5,0,0,348,7.49,468,0,0,0.017,70.8,18,24,0,4,5,2,0,0,0,"2021_9_27_13"
23.746,23.282,1660,9,2340,0,2021,9,39,270,27,1,14,1016.2,20.2,20.4,19.9,84,17.4,18.2,3.2,0.8,8,20.2,21,21,25.2,0,0,385,8.28,775,0.25,0,0.019,74.5,12,22.7,0,5,5,4,0,0,0,"2021_9_27_14"
24.762,24.792,1660,351,2397,347,2021,9,39,270,27,1,14,1016.6,20.2,20.2,20,84,17.4,18.3,3.2,0.8,11.3,20.2,21.1,21.1,25.3,0,0,378,8.13,455,0,0,0.02,76,12,23.1,0,6,5,4,0,0,0,"2021_9_27_14"
26.024,25.051,1072,14,1740,0,2021,9,39,270,27,1,14,1018.4,21.1,21.1,20.2,82,17.9,18.8,4.8,1.21,11.3,21.1,21.9,21.9,27.7,0,0,553,11.9,779,0,0,0.028,61.3,22,26.8,0,7,6,4,0,0,0,"2021_9_27_14"
25.049,25.808,1072,346,1816,343,2021,9,39,270,27,1,14,1018.2,21.8,21.8,21.1,81,18.4,19.4,1.6,0.4,6.4,21.8,22.7,22.7,28.9,0,0,605,13.01,707,0,0,0.036,69.3,19,25.8,0,0,12,13,0,0,0,"2021_9_27_14"
24.35,24.35,747,160,0,0,2021,9,39,270,27,1,15,1015.5,21.8,21.9,21.8,80,18.2,19.3,4.8,1.21,9.7,21.8,22.7,22.7,27.9,0,0,459,9.87,622,0.3,0,0.036,62.7,19,27.1,0,1,10,10,0,0,0,"2021_9_27_15"
24.609,25.013,747,200,520,270,2021,9,39,270,27,1,15,1016.4,21.9,21.9,21.6,80,18.3,19.4,3.2,0.8,6.4,21.9,22.8,22.8,28.2,0,0,464,9.98,571,0,0,0.038,60,19,26.4,0,2,13,11,0,0,0,"2021_9_27_15"
24.528,24.827,1326,169,600,180,2021,9,39,270,27,1,15,1016.8,22.4,22.4,21.9,75,17.7,19,1.6,0.4,6.4,22.4,23,23,28.9,0,0,514,11.06,552,0,0,0.042,67.4,22,25.1,0,3,10,12,0,0,0,"2021_9_27_15"
24.062,158.629,1326,191,794,221,2021,9,39,270,27,1,15,1016,22.6,22.6,22.3,75,18,19.2,1.6,0.4,4.8,22.6,23.3,23.3,28.8,0,0,448,9.64,487,0,0,0.045,66.2,19,24.5,0,4,3,10,0,0,0,"2021_9_27_15"
24.797,30.55,1660,9,2340,0,2021,9,39,270,27,1,16,1015.5,22.8,22.8,22.5,76,18.3,19.5,1.6,0.4,4.8,22.8,23.5,23.5,28.8,0,0,418,8.99,482,0.28,0,0.046,67.5,21,24.9,0,5,8,9,0,0,0,"2021_9_27_16"
24.551,24.739,1660,351,2397,347,2021,9,39,270,27,1,16,1015.2,22.9,23.1,22.8,76,18.5,19.7,3.2,0.8,8,22.9,23.7,23.7,29.4,0,0,436,9.38,490,0,0,0.048,69.1,14,24,0,6,10,12,0,0,0,"2021_9_27_16"
24.552,25.234,1072,14,1740,0,2021,9,39,270,27,1,16,1014.8,22.7,22.9,22.7,74,17.8,19.2,1.6,0.4,4.8,22.7,23.4,23.4,27.1,0,0,267,5.74,374,0,0,0.046,70.8,12,23.9,0,7,13,10,0,0,0,"2021_9_27_16"
23.24,22.814,1072,346,1816,343,2021,9,39,270,27,1,16,1015.2,23,23,22.7,73,17.9,19.3,1.6,0.4,4.8,23,23.7,23.7,27.6,0,0,272,5.85,357,0,0,0.049,71.3,4,23.1,0,0,16,15,0,0,0,"2021_9_27_16"
23.525,23.525,747,160,0,0,2021,9,39,270,27,1,17,1014.5,22.7,23,22.6,73,17.6,19,1.6,0.4,3.2,22.7,23.3,23.3,25.9,0,0,178,3.83,229,0.18,0,0.045,74.6,7,22.4,0,1,2,2,0,0,0,"2021_9_27_17"
23.63,23.39,747,200,520,270,2021,9,39,270,27,1,17,1014.9,23.1,23.2,22.7,71,17.5,19,0,0,4.8,23.1,23.7,23.7,27.1,0,0,217,4.67,232,0,0,0.049,74.4,7,22.5,0,2,9,2,0,0,0,"2021_9_27_17"
23.099,23.07,1326,169,600,180,2021,9,39,270,27,1,17,1014.7,22.7,23.1,22.7,73,17.6,19,1.6,0.4,4.8,22.7,23.3,23.3,26.4,0,0,193,4.15,214,0,0,0.045,76,6,22.3,0,3,6,5,0,0,0,"2021_9_27_17"
22.821,150.163,1326,191,794,221,2021,9,39,270,27,1,17,1014.5,22.4,22.7,22.4,74,17.6,18.9,0,0,3.2,22.4,23,23,25.5,0,0,150,3.23,176,0,0,0.043,80.1,5,21.9,0,4,9,13,0,0,0,"2021_9_27_17"
21.957,21.798,1660,9,2340,0,2021,9,39,270,27,1,18,1014.2,22.3,22.6,22.3,76,17.9,19.1,1.6,0.4,3.2,22.3,23,23,24.5,0,0,96,2.07,134,0.1,0,0.042,83,3,21.3,0,5,2,1,0,0,0,"2021_9_27_18"
21.248,20.632,1660,351,2397,347,2021,9,39,270,27,1,18,1014.2,21.9,22.3,21.9,77,17.7,18.9,1.6,0.4,4.8,21.9,22.6,22.6,23.5,0,0,67,1.44,91,0,0,0.038,85.9,2,20.5,0,6,5,4,0,0,0,"2021_9_27_18"
20.503,20.193,1072,14,1740,0,2021,9,39,270,27,1,18,1014.2,21.7,21.9,21.7,81,18.3,19.3,0,0,0,21.7,22.6,22.6,22.9,0,0,42,0.9,49,0,0,0.035,91.5,1,19.8,0,7,9,8,0,0,0,"2021_9_27_18"
19.75,19.442,1072,346,1816,343,2021,9,39,270,27,1,18,1013.9,21.1,21.8,21.1,82,17.9,18.8,0,0,1.6,21.1,21.9,21.9,21.2,0,0,25,0.54,32,0,0,0.029,94,0,19.2,0,0,9,4,0,0,0,"2021_9_27_18"
18.8,18.8,747,160,0,0,2021,9,39,270,27,1,19,1014.1,20.6,21.1,20.6,84,17.8,18.6,0,0,0,20.6,21.5,21.5,20.5,0,0,9,0.19,16,0.03,0,0.023,95.8,0,18.5,0,1,9,8,0,0,0,"2021_9_27_19"
18.415,18.384,747,200,520,270,2021,9,39,270,27,1,19,1014.3,19.7,20.6,19.7,87,17.4,18.1,0,0,0,19.7,20.5,20.5,19.4,0,0,0,0,0,0,0,0.014,97.7,0,17.9,0,2,9,8,0,0,0,"2021_9_27_19"
18.048,18.227,1326,169,600,180,2021,9,39,270,27,1,19,1014.5,19,19.7,19,90,17.3,17.8,0,0,0,19,19.8,19.8,18.7,0,0,0,0,0,0,0,0.007,99.3,0,17.5,0,3,9,8,0,0,0,"2021_9_27_19"
17.824,133.716,1326,191,794,221,2021,9,39,270,27,1,19,1014.6,18.3,19,18.3,91,16.8,17.3,0,0,0,18.3,19,19,17.8,0,0,0,0,0,0,0,0,100,0,17.1,0,4,9,8,0,0,0,"2021_9_27_19"
17.657,17.581,1660,9,2340,0,2021,9,39,270,27,1,20,1014.8,18.1,18.3,18.1,94,17.1,17.4,0,0,0,18.1,18.8,18.8,17.7,0,0,0,0,0,0,0.002,0,100,0,16.9,0,5,9,8,0,0,0,"2021_9_27_20"
17.348,17.596,1660,351,2397,347,2021,9,39,270,27,1,20,1015.1,17.8,18.1,17.8,94,16.9,17.2,0,0,0,17.8,18.5,18.5,17.3,0,0,0,0,0,0,0.005,0,100,0,16.8,0,6,9,8,0,0,0,"2021_9_27_20"
17.015,17.077,1072,14,1740,0,2021,9,39,270,27,1,20,1015.2,17.6,17.8,17.5,94,16.6,16.9,0,0,0,17.6,18.1,18.1,17,0,0,0,0,0,0,0.008,0,100,0,16.4,0,7,9,8,0,0,0,"2021_9_27_20"
16.813,17.03,1072,346,1816,343,2021,9,39,270,27,1,20,1015.5,17.2,17.5,17.2,94,16.2,16.6,0,0,1.6,17.2,17.7,17.7,16.6,0,0,0,0,0,0,0.012,0,100,0,16.1,0,0,9,4,0,0,0,"2021_9_27_20"
16.698,16.698,747,160,0,0,2021,9,39,270,27,1,21,1015.8,17.1,17.2,17,95,16.2,16.5,0,0,3.2,17.1,17.6,17.6,16.4,0,0,0,0,0,0,0.013,0,100,0,16,0,1,9,4,0,0,0,"2021_9_27_21"
16.368,16.412,747,200,520,270,2021,9,39,270,27,1,21,1015.8,16.8,17.1,16.8,94,15.9,16.2,0,0,1.6,16.8,17.3,17.3,16.1,0,0,0,0,0,0,0.016,0,100,0,15.8,0,2,9,4,0,0,0,"2021_9_27_21"
16.164,16.259,1326,169,600,180,2021,9,39,270,27,1,21,1015.9,16.4,16.8,16.4,94,15.5,15.8,0,0,0,16.4,16.8,16.8,15.6,0,0,0,0,0,0,0.02,0,100,0,15.5,0,3,9,8,0,0,0,"2021_9_27_21"
15.904,139.875,1326,191,794,221,2021,9,39,270,27,1,21,1016.1,16.3,16.4,16.2,95,15.5,15.8,0,0,0,16.3,16.7,16.7,15.5,0,0,0,0,0,0,0.021,0,100,0,15.2,0,4,9,8,0,0,0,"2021_9_27_21"
15.816,15.734,1660,9,2340,0,2021,9,39,270,27,1,22,1016.3,16.2,16.3,16.2,96,15.5,15.8,0,0,1.6,16.2,16.6,16.6,15.4,0,0,0,0,0,0,0.023,0,100,0,15,0,5,9,4,0,0,0,"2021_9_27_22"
15.888,15.727,1660,351,2397,347,2021,9,39,270,27,1,22,1016.3,15.9,16.2,15.9,95,15.1,15.4,0,0,0,15.9,16.3,16.3,15,0,0,0,0,0,0,0.025,0,100,0,14.9,0,6,9,8,0,0,0,"2021_9_27_22"
15.687,15.473,1072,14,1740,0,2021,9,39,270,27,1,22,1016.5,15.7,15.9,15.7,96,15.1,15.3,0,0,0,15.7,16.1,16.1,14.9,0,0,0,0,0,0,0.027,0,100,0,14.8,0,7,9,8,0,0,0,"2021_9_27_22"
15.378,15.26,1072,346,1816,343,2021,9,39,270,27,1,22,1016.5,15.6,15.7,15.6,96,15,15.2,0,0,1.6,15.6,16,16,14.8,0,0,0,0,0,0,0.028,0,100,0,14.6,0,0,9,4,0,0,0,"2021_9_27_22"
15.093,15.093,747,160,0,0,2021,9,39,270,27,1,23,1016.6,15.5,15.6,15.5,96,14.9,15.1,0,0,0,15.5,15.9,15.9,14.6,0,0,0,0,0,0,0.03,0,100,0,14.5,0,1,9,8,0,0,0,"2021_9_27_23"
15.128,15.163,747,200,520,270,2021,9,39,270,27,1,23,1016.7,15.4,15.6,15.4,96,14.8,15,0,0,1.6,15.4,15.8,15.8,14.6,0,0,0,0,0,0,0.03,0,100,0,14.4,0,2,9,4,0,0,0,"2021_9_27_23"
14.885,15.045,1326,169,600,180,2021,9,39,270,27,1,23,1016.6,15.3,15.5,15.3,97,14.8,15,0,0,1.6,15.3,15.7,15.7,14.5,0,0,0,0,0,0,0.032,0,100,0,14.3,0,3,9,4,0,0,0,"2021_9_27_23"
14.939,149.291,1326,191,794,221,2021,9,39,270,27,1,23,1016.5,15,15.3,15,96,14.4,14.6,0,0,1.6,15,15.3,15.3,14.1,0,0,0,0,0,0,0.035,0,100,0,14.2,0,4,9,4,0,0,0,"2021_9_27_23"
14.643,14.894,1660,9,2340,0,2021,9,39,271,28,2,0,1016.7,14.7,15.1,14.7,97,14.3,14.4,0,0,1.6,14.7,15.1,15.1,13.8,0,0,0,0,0,0,0.038,0,100,0,13.9,0,5,9,4,0,0,0,"2021_9_28_0"
14.919,14.756,1660,351,2397,347,2021,9,39,271,28,2,0,1016.8,14.7,14.8,14.6,97,14.3,14.4,0,0,1.6,14.7,15.1,15.1,13.8,0,0,0,0,0,0,0.038,0,100,0,13.9,0,6,9,4,0,0,0,"2021_9_28_0"
14.689,14.545,1072,14,1740,0,2021,9,39,271,28,2,0,1016.9,14.6,14.7,14.5,97,14.1,14.3,0,0,3.2,14.6,14.9,14.9,13.6,0,0,0,0,0,0,0.039,0,100,0,13.9,0,7,9,4,0,0,0,"2021_9_28_0"
14.447,14.758,1072,346,1816,343,2021,9,39,271,28,2,0,1016.9,14.7,14.7,14.6,97,14.2,14.4,0,0,1.6,14.7,15,15,13.8,0,0,0,0,0,0,0.038,0,100,0,13.7,0,0,9,4,0,0,0,"2021_9_28_0"
14.376,14.376,747,160,0,0,2021,9,39,271,28,2,1,1016.9,14.3,14.7,14.3,97,13.9,14,0,0,0,14.3,14.7,14.7,13.4,0,0,0,0,0,0,0.042,0,100,0,13.6,0,1,9,8,0,0,0,"2021_9_28_1"
14.104,14.229,747,200,520,270,2021,9,39,271,28,2,1,1016.9,14.2,14.4,14.2,97,13.8,13.9,0,0,0,14.2,14.5,14.5,13.2,0,0,0,0,0,0,0.043,0,100,0,13.4,0,2,9,8,0,0,0,"2021_9_28_1"
14.14,14.274,1326,169,600,180,2021,9,39,271,28,2,1,1017.1,14.1,14.2,14.1,97,13.6,13.8,0,0,0,14.1,14.4,14.4,13.1,0,0,0,0,0,0,0.044,0,100,0,13.3,0,3,9,8,0,0,0,"2021_9_28_1"
14.211,147.376,1326,191,794,221,2021,9,39,271,28,2,1,1017.3,14.2,14.3,14.1,97,13.8,13.9,0,0,1.6,14.2,14.5,14.5,13.2,0,0,0,0,0,0,0.043,0,100,0,13.3,0,4,9,4,0,0,0,"2021_9_28_1"
14.134,14.447,1660,9,2340,0,2021,9,39,271,28,2,2,1017.6,14.2,14.2,14,98,13.9,14,0,0,1.6,14.2,14.5,14.5,13.2,0,0,0,0,0,0,0.043,0,100,0,13.4,0,5,9,4,0,0,0,"2021_9_28_2"
14.071,14.28,1660,351,2397,347,2021,9,39,271,28,2,2,1017.4,14.1,14.2,14.1,97,13.6,13.8,0,0,0,14.1,14.3,14.3,13.1,0,0,0,0,0,0,0.045,0,100,0,13.3,0,6,9,8,0,0,0,"2021_9_28_2"
13.714,13.835,1072,14,1740,0,2021,9,39,271,28,2,2,1017.5,14.1,14.1,13.9,98,13.7,13.9,0,0,0,14.1,14.4,14.4,13.1,0,0,0,0,0,0,0.045,0,100,0,13.1,0,7,9,8,0,0,0,"2021_9_28_2"
13.805,13.814,1072,346,1816,343,2021,9,39,271,28,2,2,1017.3,13.9,14.2,13.9,97,13.5,13.7,0,0,0,13.9,14.2,14.2,12.9,0,0,0,0,0,0,0.046,0,100,0,13,0,0,9,8,0,0,0,"2021_9_28_2"
13.628,13.628,747,160,0,0,2021,9,39,271,28,2,3,1017.3,13.8,13.9,13.7,97,13.3,13.5,0,0,0,13.8,14.1,14.1,12.7,0,0,0,0,0,0,0.047,0,100,0,12.9,0,1,9,8,0,0,0,"2021_9_28_3"
13.638,13.581,747,200,520,270,2021,9,39,271,28,2,3,1017.1,13.4,13.8,13.4,97,13,13.2,0,0,0,13.4,13.7,13.7,12.4,0,0,0,0,0,0,0.051,0,100,0,12.8,0,2,9,8,0,0,0,"2021_9_28_3"
13.364,13.448,1326,169,600,180,2021,9,39,271,28,2,3,1017.3,13.6,13.6,13.3,98,13.2,13.4,0,0,1.6,13.6,13.9,13.9,12.6,0,0,0,0,0,0,0.05,0,100,0,12.7,0,3,9,4,0,0,0,"2021_9_28_3"
13.153,143.65,1326,191,794,221,2021,9,39,271,28,2,3,1017.2,13.7,13.8,13.6,98,13.4,13.5,0,0,1.6,13.7,14,14,12.8,0,0,0,0,0,0,0.048,0,100,0,12.6,0,4,9,4,0,0,0,"2021_9_28_3"
13.409,13.24,1660,9,2340,0,2021,9,39,271,28,2,4,1016.9,13.2,13.8,13.2,97,12.8,12.9,0,0,0,13.2,13.5,13.5,12.1,0,0,0,0,0,0,0.053,0,100,0,12.4,0,5,9,8,0,0,0,"2021_9_28_4"
13.314,13.407,1660,351,2397,347,2021,9,39,271,28,2,4,1017.1,13.2,13.3,13.1,98,12.9,13,0,0,1.6,13.2,13.5,13.5,12.2,0,0,0,0,0,0,0.053,0,100,0,12.5,0,6,9,4,0,0,0,"2021_9_28_4"
13.016,13.084,1072,14,1740,0,2021,9,39,271,28,2,4,1016.9,13.3,13.4,13.2,98,13,13.1,0,0,0,13.3,13.6,13.6,12.3,0,0,0,0,0,0,0.053,0,100,0,12.3,0,7,9,8,0,0,0,"2021_9_28_4"
13.132,13.044,1072,346,1816,343,2021,9,39,271,28,2,4,1016.9,13.3,13.3,13.2,98,13,13.1,0,0,0,13.3,13.6,13.6,12.3,0,0,0,0,0,0,0.053,0,100,0,12.2,0,0,9,8,0,0,0,"2021_9_28_4"
12.948,12.948,747,160,0,0,2021,9,39,271,28,2,5,1016.9,13.4,13.5,13.2,98,13.1,13.2,0,0,3.2,13.4,13.7,13.7,12.4,0,0,0,0,0,0,0.052,0,100,0,12.2,0,1,9,4,0,0,0,"2021_9_28_5"
13.016,12.894,747,200,520,270,2021,9,39,271,28,2,5,1016.9,13.2,13.4,13.2,98,12.9,13,0,0,0,13.2,13.5,13.5,12.2,0,0,0,0,0,0,0.053,0,100,0,11.9,0,2,9,8,0,0,0,"2021_9_28_5"
12.53,12.588,1326,169,600,180,2021,9,39,271,28,2,5,1017.3,13.7,13.7,13.2,98,13.4,13.5,0,0,1.6,13.7,14,14,12.8,0,0,0,0,0,0,0.048,0,100,0,11.9,0,3,9,4,0,0,0,"2021_9_28_5"
12.428,140.701,1326,191,794,221,2021,9,39,271,28,2,5,1016.8,13.4,13.8,13.4,97,13,13.2,0,0,1.6,13.4,13.7,13.7,12.4,0,0,0,0,0,0,0.051,0,100,0,11.7,0,4,9,4,0,0,0,"2021_9_28_5"
12.414,12.425,1660,9,2340,0,2021,9,39,271,28,2,6,1016.8,12.8,13.4,12.8,97,12.4,12.6,0,0,1.6,12.8,13.1,13.1,11.8,0,0,0,0,0,0,0.057,0,100,0,11.6,0,5,9,4,0,0,0,"2021_9_28_6"
12.511,12.619,1660,351,2397,347,2021,9,39,271,28,2,6,1017,12.4,12.8,12.3,98,12.1,12.2,0,0,1.6,12.4,12.7,12.7,11.3,0,0,0,0,0,0,0.062,0,100,0,11.6,0,6,9,4,0,0,0,"2021_9_28_6"
12.393,12.29,1072,14,1740,0,2021,9,39,271,28,2,6,1017,12.2,12.4,12.2,98,11.9,12,0,0,1.6,12.2,12.5,12.5,11.1,0,0,0,0,0,0,0.064,0,100,0,11.6,0,7,9,4,0,0,0,"2021_9_28_6"
12.145,12.317,1072,346,1816,343,2021,9,39,271,28,2,6,1017.3,12.2,12.3,12.1,98,11.9,12,0,0,1.6,12.2,12.4,12.4,11.1,0,0,0,0,0,0,0.064,0,100,0,11.5,0,0,9,4,0,0,0,"2021_9_28_6"
12.084,12.084,747,160,0,0,2021,9,39,271,28,2,7,1017.4,12.2,12.2,12.2,98,11.9,12,0,0,1.6,12.2,12.5,12.5,11.1,0,0,0,0,0,0,0.064,0,100,0,11.4,0,1,9,4,0,0,0,"2021_9_28_7"
12.222,12.252,747,200,520,270,2021,9,39,271,28,2,7,1017.2,12.1,12.2,12.1,98,11.8,11.9,0,0,0,12.1,12.4,12.4,11,0,0,0,0,0,0,0.065,0,100,0,11.4,0,2,9,8,0,0,0,"2021_9_28_7"
12.855,12.799,1326,169,600,180,2021,9,39,271,28,2,7,1017.7,12.3,12.3,12.1,98,12,12.1,0,0,1.6,12.3,12.5,12.5,11.3,0,0,8,0.17,12,0,0.063,0,100,0,11.6,0,3,9,15,0,0,0,"2021_9_28_7"
13.231,144.457,1326,191,794,221,2021,9,39,271,28,2,7,1018.2,12.9,12.9,12.3,99,12.7,12.8,0,0,1.6,12.9,13.2,13.2,12.1,0,0,18,0.39,25,0,0.057,0,100,1,12.1,0,4,9,15,0,0,0,"2021_9_28_7"
14.038,14.318,1660,9,2340,0,2021,9,39,271,28,2,8,1018.7,13.2,13.2,12.8,99,13,13.1,0,0,1.6,13.2,13.5,13.5,13.4,0,0,34,0.73,44,0,0.054,0,100,1,12.7,0,5,9,15,0,0,0,"2021_9_28_8"
15.209,15.421,1660,351,2397,347,2021,9,39,271,28,2,8,1019,13.8,13.9,13.2,99,13.7,13.7,0,0,1.6,13.8,14.2,14.2,14.8,0,0,61,1.31,76,0,0.047,0,100,2,13.6,0,6,9,15,0,0,0,"2021_9_28_8"
16.57,16.443,1072,14,1740,0,2021,9,39,271,28,2,8,1019.2,14.8,14.8,13.8,99,14.7,14.7,0,0,1.6,14.8,15.3,15.3,16.7,0,0,97,2.09,114,0,0.036,0,100,3,14.6,0,7,9,15,0,0,0,"2021_9_28_8"
18.084,17.287,1072,346,1816,343,2021,9,39,271,28,2,8,1019.4,15.4,15.4,14.8,99,15.3,15.3,0,0,1.6,15.4,16,16,18.2,0,0,137,2.95,160,0,0.03,0,100,4,15.9,0,0,9,15,0,0,0,"2021_9_28_8"
19.212,19.212,747,160,0,0,2021,9,39,271,28,2,9,1020,16.7,16.7,15.4,99,16.5,16.6,0,0,1.6,16.7,17.4,17.4,20.5,0,0,184,3.96,207,0.05,0.017,0,100,5,17.1,0,1,9,15,0,0,0,"2021_9_28_9"
19.768,20.792,747,200,520,270,2021,9,39,271,28,2,9,1019.6,17.3,17.3,16.7,94,16.4,16.7,0,0,3.2,17.3,17.9,17.9,21.6,0,0,230,4.95,248,0,0.01,0,95.8,5,17.9,0,2,9,13,0,0,0,"2021_9_28_9"
22.185,20.548,1326,169,600,180,2021,9,39,271,28,2,9,1019.5,17.9,17.9,17.3,91,16.5,16.9,1.6,0.4,3.2,17.9,18.5,18.5,22.4,0,0,254,5.46,285,0,0.004,0,92.6,7,18.8,0,3,3,13,0,0,0,"2021_9_28_9"
22.755,157.445,1326,191,794,221,2021,9,39,271,28,2,9,1019.6,18.8,18.8,17.9,89,17,17.6,1.6,0.4,4.8,18.8,19.5,19.5,24,0,0,308,6.63,332,0,0,0.005,86.2,8,19.9,0,4,3,1,0,0,0,"2021_9_28_9"
24.771,22.61,1660,9,2340,0,2021,9,39,271,28,2,10,1020,19.8,19.8,18.8,85,17.2,18,1.6,0.4,4.8,19.8,20.5,20.5,25.3,0,0,344,7.4,364,0.15,0,0.015,84,10,21,0,5,0,3,0,0,0,"2021_9_28_10"
26.016,24.526,1660,351,2397,347,2021,9,39,271,28,2,10,1019.3,20.2,20.2,19.8,84,17.4,18.2,1.6,0.4,6.4,20.2,21,21,26.1,0,0,381,8.2,404,0,0,0.019,84.1,11,22.1,0,6,6,4,0,0,0,"2021_9_28_10"
25.844,25.617,1072,14,1740,0,2021,9,39,271,28,2,10,1019.4,20.4,20.4,20.2,83,17.5,18.4,3.2,0.8,6.4,20.4,21.3,21.3,26.6,0,0,412,8.86,439,0,0,0.022,80.4,12,22.9,0,7,6,4,0,0,0,"2021_9_28_10"
27.141,25.086,1072,346,1816,343,2021,9,39,271,28,2,10,1020.1,21.4,21.4,20.5,81,18,19,1.6,0.4,6.4,21.4,22.2,22.2,27.8,0,0,461,9.92,490,0,0,0.032,75.8,34,23.8,0,0,2,13,0,0,0,"2021_9_28_10"
27.474,27.474,747,160,0,0,2021,9,39,271,28,2,11,1019.9,22.2,22.2,21.4,76,17.8,19,1.6,0.4,6.4,22.2,22.9,22.9,28.6,0,0,484,10.41,497,0.25,0,0.041,76,22,24.4,0,1,4,13,0,0,0,"2021_9_28_11"
26.408,31.028,747,200,520,270,2021,9,39,271,28,2,11,1019.4,22.5,22.5,22.2,76,18.1,19.3,1.6,0.4,6.4,22.5,23.2,23.2,29,0,0,512,11.01,526,0,0,0.043,70.2,19,25,0,2,3,3,0,0,0,"2021_9_28_11"
27.634,26.211,1326,169,600,180,2021,9,39,271,28,2,11,1019.6,23.1,23.1,22.5,73,18,19.3,1.6,0.4,6.4,23.1,23.7,23.7,29.6,0,0,532,11.44,561,0,0,0.049,69.3,46,25.8,0,3,4,13,0,0,0,"2021_9_28_11"
29.441,161.384,1326,191,794,221,2021,9,39,271,28,2,11,1019.3,23.7,23.7,23.1,68,17.5,19.1,1.6,0.4,6.4,23.7,24.3,24.3,30.4,0,0,572,12.3,594,0,0,0.056,61.7,15,26,0,4,4,1,0,0,0,"2021_9_28_11"
28.916,25.851,1660,9,2340,0,2021,9,39,271,28,2,12,1019,23.7,23.8,23.7,73,18.6,20,3.2,0.8,9.7,23.7,24.5,24.5,30.8,0,0,612,13.16,629,0.36,0,0.056,62.8,14,27,0,5,6,5,0,0,0,"2021_9_28_12"
29.205,28.032,1660,351,2397,347,2021,9,39,271,28,2,12,1017.8,23.6,23.7,23.6,69,17.6,19.2,4.8,1.21,11.3,23.6,24.2,24.2,30.2,0,0,573,12.33,642,0,0,0.055,63.9,14,26.8,0,6,6,5,0,0,0,"2021_9_28_12"
29.701,27.189,1072,14,1740,0,2021,9,39,271,28,2,12,1019.2,23.9,23.9,23.6,67,17.4,19.1,3.2,0.8,8,23.9,24.4,24.4,30.6,0,0,612,13.16,652,0,0,0.058,58.8,15,27.7,0,7,5,2,0,0,0,"2021_9_28_12"
30.055,27.701,1072,346,1816,343,2021,9,39,271,28,2,12,1019.2,24.2,24.2,23.9,68,17.9,19.6,3.2,0.8,11.3,24.2,24.9,24.9,31.1,0,0,642,13.81,654,0,0,0.061,63.8,15,28.2,0,0,7,4,0,0,0,"2021_9_28_12"
30.088,30.088,747,160,0,0,2021,9,39,271,28,2,13,1019.2,24.6,24.6,24.2,68,18.3,19.9,3.2,0.8,9.7,24.6,25.2,25.2,31.6,0,0,653,14.05,663,0.41,0,0.065,55.1,15,28.4,0,1,6,5,0,0,0,"2021_9_28_13"
29.638,29.892,747,200,520,270,2021,9,39,271,28,2,13,1018.3,24.8,24.9,24.5,68,18.5,20.1,3.2,0.8,8,24.8,25.5,25.5,31.9,0,0,657,14.13,677,0,0,0.067,55.3,15,28.4,0,2,8,6,0,0,0,"2021_9_28_13"
29.457,28.094,1326,169,600,180,2021,9,39,271,28,2,13,1019.4,25.2,25.2,24.8,65,18.2,19.9,3.2,0.8,6.4,25.2,25.9,25.9,32.2,0,0,667,14.35,682,0,0,0.072,54.1,15,29,0,3,2,3,0,0,0,"2021_9_28_13"
28.788,160.747,1326,191,794,221,2021,9,39,271,28,2,13,1019.2,25.6,25.6,25.2,62,17.7,19.7,3.2,0.8,6.4,25.6,26.1,26.1,32.3,0,0,646,13.9,664,0,0,0.075,49.1,14,29.4,0,4,0,1,0,0,0,"2021_9_28_13"
29.45,26.841,1660,9,2340,0,2021,9,39,271,28,2,14,1018,25.6,25.7,25.5,60,17.3,19.3,3.2,0.8,8,25.6,26,26,32.1,0,0,594,12.78,642,0.41,0,0.076,53.9,15,30.4,0,5,1,3,0,0,0,"2021_9_28_14"
28.04,27.855,1660,351,2397,347,2021,9,39,271,28,2,14,1018.7,26.1,26.1,25.6,60,17.7,19.8,1.6,0.4,6.4,26.1,26.6,26.6,32.9,0,0,636,13.68,652,0,0,0.081,46.2,15,30.8,0,6,0,3,0,0,0,"2021_9_28_14"
28.939,27.656,1072,14,1740,0,2021,9,39,271,28,2,14,1017.8,26.1,26.4,26.1,60,17.7,19.8,3.2,0.8,8,26.1,26.6,26.6,32.9,0,0,634,13.64,652,0,0,0.081,48.9,15,30.1,0,7,0,1,0,0,0,"2021_9_28_14"
28.447,27.821,1072,346,1816,343,2021,9,39,271,28,2,14,1018.4,26.7,26.7,26,58,17.7,19.8,1.6,0.4,6.4,26.7,27.2,27.2,33.4,0,0,601,12.93,626,0,0,0.087,48.5,12,29.9,0,0,0,3,0,0,0,"2021_9_28_14"
29.229,29.229,747,160,0,0,2021,9,39,271,28,2,15,1017.3,26.9,26.9,26.7,59,18.2,20.2,1.6,0.4,6.4,26.9,27.6,27.6,33.6,0,0,547,11.77,580,0.41,0,0.089,54.5,14,30.6,0,1,2,3,0,0,0,"2021_9_28_15"
28.979,28.754,747,200,520,270,2021,9,39,271,28,2,15,1017.7,26.7,26.9,26.6,61,18.5,20.5,1.6,0.4,6.4,26.7,27.4,27.4,33.4,0,0,534,11.49,570,0,0,0.087,47.9,12,30.1,0,2,3,1,0,0,0,"2021_9_28_15"
29.411,29.308,1326,169,600,180,2021,9,39,271,28,2,15,1017.4,26.9,26.9,26.7,56,17.4,19.6,1.6,0.4,6.4,26.9,27.4,27.4,33.3,0,0,512,11.01,545,0,0,0.089,53.3,14,29.3,0,3,1,1,0,0,0,"2021_9_28_15"
27.955,160.786,1326,191,794,221,2021,9,39,271,28,2,15,1017.4,27.2,27.2,26.9,56,17.6,19.9,1.6,0.4,8,27.2,27.8,27.8,33.6,0,0,493,10.6,538,0,0,0.092,52.9,14,28.4,0,4,2,2,0,0,0,"2021_9_28_15"
28.532,27.839,1660,9,2340,0,2021,9,39,271,28,2,16,1016.8,26.7,27.2,26.6,57,17.4,19.6,3.2,0.8,8,26.7,27.2,27.2,31.9,0,0,368,7.92,415,0.33,0,0.087,56.9,17,27.6,0,5,0,3,0,0,0,"2021_9_28_16"
28.914,27.619,1660,351,2397,347,2021,9,39,271,28,2,16,1017.1,26.7,26.7,26.6,57,17.5,19.7,3.2,0.8,8,26.7,27.2,27.2,32.6,0,0,411,8.84,475,0,0,0.087,56.8,15,27.5,0,6,0,1,0,0,0,"2021_9_28_16"
27.581,26.738,1072,14,1740,0,2021,9,39,271,28,2,16,1016.8,26.6,26.8,26.6,56,17.1,19.3,3.2,0.8,12.9,26.6,27,27,32.3,0,0,394,8.48,483,0,0,0.086,57.2,8,27.1,0,7,0,13,0,0,0,"2021_9_28_16"
26.475,25.831,1072,346,1816,343,2021,9,39,271,28,2,16,1016.6,26.3,26.6,26.2,59,17.6,19.7,3.2,0.8,8,26.3,26.8,26.8,30.5,0,0,253,5.44,297,0,0,0.083,58.7,6,25.9,0,0,0,1,0,0,0,"2021_9_28_16"
27.175,27.175,747,160,0,0,2021,9,39,271,28,2,17,1016.9,26.3,26.3,26.2,57,17.1,19.3,3.2,0.8,6.4,26.3,26.7,26.7,30.8,0,0,273,5.87,355,0.23,0,0.083,62.1,6,25.9,0,1,0,0,0,0,0,"2021_9_28_17"
27.038,26.755,747,200,520,270,2021,9,39,271,28,2,17,1016.5,26.3,26.4,26.3,57,17.1,19.3,3.2,0.8,8,26.3,26.8,26.8,30.8,0,0,259,5.57,299,0,0,0.083,61.9,6,25.5,0,2,0,1,0,0,0,"2021_9_28_17"
26.035,26.03,1326,169,600,180,2021,9,39,271,28,2,17,1016.2,25.9,26.3,25.9,58,17,19.2,3.2,0.8,8,25.9,26.3,26.3,30.1,0,0,228,4.9,313,0,0,0.079,58.8,9,25.1,0,3,3,13,0,0,0,"2021_9_28_17"
25.325,155.942,1326,191,794,221,2021,9,39,271,28,2,17,1016.2,25.8,26.1,25.8,59,17.2,19.3,3.2,0.8,6.4,25.8,26.2,26.2,30,0,0,217,4.67,283,0,0,0.078,57.7,5,24.7,0,4,4,1,0,0,0,"2021_9_28_17"
24.457,24.065,1660,9,2340,0,2021,9,39,271,28,2,18,1016.3,25.6,25.8,25.6,61,17.5,19.5,3.2,0.8,9.7,25.6,26.1,26.1,29,0,0,166,3.57,225,0.15,0,0.076,67.5,3,24.3,0,5,4,13,0,0,0,"2021_9_28_18"
23.469,22.776,1660,351,2397,347,2021,9,39,271,28,2,18,1016.1,25.2,25.6,25.2,68,18.9,20.5,0,0,3.2,25.2,26.1,26.1,27.5,0,0,85,1.83,120,0,0,0.072,73.2,2,23,0,6,9,1,0,0,0,"2021_9_28_18"
22.063,21.622,1072,14,1740,0,2021,9,39,271,28,2,18,1016,24.5,25.3,24.5,68,18.2,19.8,0,0,1.6,24.5,25.2,25.2,25.7,0,0,49,1.05,67,0,0,0.064,79,1,21.8,0,7,9,1,0,0,0,"2021_9_28_18"
20.933,20.63,1072,346,1816,343,2021,9,39,271,28,2,18,1015.8,23.8,24.5,23.8,71,18.2,19.7,0,0,0,23.8,24.5,24.5,23.7,0,0,24,0.52,32,0,0,0.057,84.7,0,20.6,0,0,9,8,0,0,0,"2021_9_28_18"
19.836,19.836,747,160,0,0,2021,9,39,271,28,2,19,1015.8,22.7,23.8,22.7,75,18,19.3,0,0,0,22.7,23.4,23.4,22.4,0,0,8,0.17,16,0.03,0,0.045,88.7,0,19.6,0,1,9,8,0,0,0,"2021_9_28_19"
19.093,19.083,747,200,520,270,2021,9,39,271,28,2,19,1015.8,21.7,22.7,21.7,78,17.7,18.8,0,0,0,21.7,22.4,22.4,21.3,0,0,0,0,0,0,0,0.035,91.7,0,18.9,0,2,9,8,0,0,0,"2021_9_28_19"
18.732,18.892,1326,169,600,180,2021,9,39,271,28,2,19,1016,20.5,21.7,20.5,82,17.3,18.3,0,0,0,20.5,21.3,21.3,20.2,0,0,0,0,0,0,0,0.023,93.9,0,18.3,0,3,9,8,0,0,0,"2021_9_28_19"
18.256,126.305,1326,191,794,221,2021,9,39,271,28,2,19,1016,19.7,20.5,19.7,86,17.3,18,0,0,0,19.7,20.4,20.4,19.3,0,0,0,0,0,0,0,0.014,95.6,0,17.9,0,4,9,8,0,0,0,"2021_9_28_19"
17.952,18.262,1660,9,2340,0,2021,9,39,271,28,2,20,1016,19.2,19.7,19.2,88,17.1,17.8,0,0,0,19.2,19.9,19.9,18.7,0,0,0,0,0,0,0,0.009,96.1,0,17.5,0,5,9,8,0,0,0,"2021_9_28_20"
18.087,17.876,1660,351,2397,347,2021,9,39,271,28,2,20,1016.1,18.6,19.2,18.6,90,16.9,17.5,0,0,1.6,18.6,19.3,19.3,18.1,0,0,0,0,0,0,0,0.003,98.1,0,17.3,0,6,9,1,0,0,0,"2021_9_28_20"
17.68,17.865,1072,14,1740,0,2021,9,39,271,28,2,20,1016.7,18.3,18.6,18.2,90,16.6,17.1,1.6,0.4,4.8,18.3,18.9,18.9,17.7,0,0,0,0,0,0,0.001,0,99.6,0,17.2,0,7,10,9,0,0,0,"2021_9_28_20"
17.5,17.644,1072,346,1816,343,2021,9,39,271,28,2,20,1016.6,18,18.2,18,90,16.3,16.9,0,0,1.6,18,18.5,18.5,17.4,0,0,0,0,0,0,0.003,0,100,0,16.9,0,0,9,9,0,0,0,"2021_9_28_20"
17.437,17.437,747,160,0,0,2021,9,39,271,28,2,21,1016.6,17.8,18,17.8,91,16.3,16.8,0,0,3.2,17.8,18.3,18.3,17.1,0,0,0,0,0,0,0.006,0,100,0,16.8,0,1,9,9,0,0,0,"2021_9_28_21"
17.007,16.975,747,200,520,270,2021,9,39,271,28,2,21,1016.7,17.5,17.8,17.5,91,16,16.5,0,0,0,17.5,18,18,16.8,0,0,0,0,0,0,0.009,0,99.3,0,16.4,0,2,9,8,0,0,0,"2021_9_28_21"
16.769,16.947,1326,169,600,180,2021,9,39,271,28,2,21,1016.7,17.3,17.5,17.3,91,15.8,16.3,0,0,1.6,17.3,17.8,17.8,16.6,0,0,0,0,0,0,0.01,0,100,0,16.3,0,3,9,9,0,0,0,"2021_9_28_21"
16.598,123.583,1326,191,794,221,2021,9,39,271,28,2,21,1016.6,16.9,17.3,16.9,92,15.6,16,0,0,0,16.9,17.3,17.3,16.1,0,0,0,0,0,0,0.015,0,100,0,16.1,0,4,9,8,0,0,0,"2021_9_28_21"
16.225,16.198,1660,9,2340,0,2021,9,39,271,28,2,22,1016.8,16.7,16.9,16.7,93,15.5,15.9,0,0,0,16.7,17.1,17.1,15.8,0,0,0,0,0,0,0.017,0,99.8,0,15.8,0,5,9,8,0,0,0,"2021_9_28_22"
15.755,15.997,1660,351,2397,347,2021,9,39,271,28,2,22,1016.8,16.3,16.7,16.3,93,15.2,15.6,0,0,0,16.3,16.7,16.7,15.5,0,0,0,0,0,0,0.021,0,100,0,15.2,0,6,9,8,0,0,0,"2021_9_28_22"
15.593,15.611,1072,14,1740,0,2021,9,39,271,28,2,22,1016.6,15.9,16.3,15.9,92,14.6,15,0,0,1.6,15.9,16.2,16.2,14.9,0,0,0,0,0,0,0.025,0,100,0,15,0,7,9,9,0,0,0,"2021_9_28_22"
15.4,15.527,1072,346,1816,343,2021,9,39,271,28,2,22,1016.7,15.8,15.9,15.7,93,14.6,15,0,0,1.6,15.8,16.1,16.1,14.8,0,0,0,0,0,0,0.027,0,100,0,14.8,0,0,9,9,0,0,0,"2021_9_28_22"
15.149,15.149,747,160,0,0,2021,9,39,271,28,2,23,1016.6,15.6,15.8,15.5,94,14.6,14.9,0,0,1.6,15.6,15.9,15.9,14.6,0,0,0,0,0,0,0.029,0,100,0,14.5,0,1,9,9,0,0,0,"2021_9_28_23"
14.958,15.076,747,200,520,270,2021,9,39,271,28,2,23,1016.5,15.4,15.6,15.3,95,14.6,14.9,0,0,0,15.4,15.7,15.7,14.5,0,0,0,0,0,0,0.031,0,100,0,14.3,0,2,9,8,0,0,0,"2021_9_28_23"
14.924,15.116,1326,169,600,180,2021,9,39,271,28,2,23,1016.5,15.1,15.4,15.1,94,14.1,14.4,0,0,3.2,15.1,15.3,15.3,14,0,0,0,0,0,0,0.034,0,100,0,14.2,0,3,9,11,0,0,0,"2021_9_28_23"
14.886,118.111,1326,191,794,221,2021,9,39,271,28,2,23,1016.6,14.9,15.1,14.9,95,14.2,14.4,0,0,0,14.9,15.2,15.2,13.9,0,0,0,0,0,0,0.035,0,100,0,14.2,0,4,9,8,0,0,0,"2021_9_28_23"
15.127,15.173,1660,9,2340,0,2021,9,39,272,29,3,0,1016.5,14.9,14.9,14.8,96,14.3,14.5,0,0,0,14.9,15.2,15.2,13.9,0,0,0,0,0,0,0.036,0,100,0,14.2,0,5,9,8,0,0,0,"2021_9_29_0"
15.208,15.467,1660,351,2397,347,2021,9,39,272,29,3,0,1016.7,15.1,15.1,14.9,96,14.5,14.7,0,0,0,15.1,15.5,15.5,14.2,0,0,0,0,0,0,0.034,0,100,0,14.4,0,6,9,8,0,0,0,"2021_9_29_0"
15.42,15.234,1072,14,1740,0,2021,9,39,272,29,3,0,1016.6,15.2,15.2,15.1,95,14.4,14.7,0,0,1.6,15.2,15.5,15.5,14.2,0,0,0,0,0,0,0.032,0,100,0,14.5,0,7,9,11,0,0,0,"2021_9_29_0"
15.24,15.205,1072,346,1816,343,2021,9,39,272,29,3,0,1016.5,15.2,15.3,15.2,94,14.2,14.6,0,0,1.6,15.2,15.4,15.4,14.2,0,0,0,0,0,0,0.033,0,100,0,14.5,0,0,9,11,0,0,0,"2021_9_29_0"
14.991,14.991,747,160,0,0,2021,9,39,272,29,3,1,1016.4,15.1,15.2,15.1,94,14.2,14.5,0,0,0,15.1,15.4,15.4,14.1,0,0,0,0,0,0,0.034,0,100,0,14.3,0,1,9,8,0,0,0,"2021_9_29_1"
14.683,14.644,747,200,520,270,2021,9,39,272,29,3,1,1016.2,14.9,15.1,14.9,93,13.8,14.2,0,0,0,14.9,15.2,15.2,13.8,0,0,0,0,0,0,0.035,0,100,0,14.1,0,2,9,8,0,0,0,"2021_9_29_1"
14.518,14.569,1326,169,600,180,2021,9,39,272,29,3,1,1016.1,14.7,14.9,14.7,93,13.5,14,0,0,0,14.7,14.9,14.9,13.6,0,0,0,0,0,0,0.038,0,100,0,13.9,0,3,9,8,0,0,0,"2021_9_29_1"
14.454,117.348,1326,191,794,221,2021,9,39,272,29,3,1,1016.2,14.4,14.7,14.4,94,13.5,13.8,0,0,0,14.4,14.6,14.6,13.3,0,0,0,0,0,0,0.041,0,100,0,13.8,0,4,9,8,0,0,0,"2021_9_29_1"
14.28,14.523,1660,9,2340,0,2021,9,39,272,29,3,2,1016.1,14.4,14.5,14.3,94,13.4,13.8,0,0,0,14.4,14.6,14.6,13.3,0,0,0,0,0,0,0.041,0,100,0,13.8,0,5,9,8,0,0,0,"2021_9_29_2"
14.523,14.541,1660,351,2397,347,2021,9,39,272,29,3,2,1016,14.4,14.4,14.4,94,13.5,13.8,0,0,0,14.4,14.6,14.6,13.3,0,0,0,0,0,0,0.041,0,100,0,13.7,0,6,9,8,0,0,0,"2021_9_29_2"
14.393,14.229,1072,14,1740,0,2021,9,39,272,29,3,2,1015.7,14.2,14.4,14.2,94,13.3,13.6,0,0,0,14.2,14.4,14.4,13.1,0,0,0,0,0,0,0.043,0,100,0,13.7,0,7,9,8,0,0,0,"2021_9_29_2"
14.378,14.496,1072,346,1816,343,2021,9,39,272,29,3,2,1015.7,14.3,14.3,14.2,95,13.5,13.8,0,0,0,14.3,14.5,14.5,13.2,0,0,0,0,0,0,0.042,0,100,0,13.6,0,0,9,8,0,0,0,"2021_9_29_2"
14.06,14.06,747,160,0,0,2021,9,39,272,29,3,3,1015.6,14.3,14.3,14.3,95,13.5,13.8,0,0,1.6,14.3,14.5,14.5,13.2,0,0,0,0,0,0,0.042,0,100,0,13.6,0,1,9,11,0,0,0,"2021_9_29_3"
13.967,14.123,747,200,520,270,2021,9,39,272,29,3,3,1015.4,14.2,14.3,14.2,94,13.2,13.6,0,0,1.6,14.2,14.3,14.3,13,0,0,0,0,0,0,0.043,0,100,0,13.4,0,2,9,11,0,0,0,"2021_9_29_3"
13.76,13.828,1326,169,600,180,2021,9,39,272,29,3,3,1015.6,13.9,14.2,13.9,94,13,13.4,0,0,0,13.9,14.1,14.1,12.8,0,0,0,0,0,0,0.046,0,100,0,13.1,0,3,9,8,0,0,0,"2021_9_29_3"
13.509,118.032,1326,191,794,221,2021,9,39,272,29,3,3,1015.3,13.7,13.9,13.7,94,12.7,13.1,0,0,0,13.7,13.8,13.8,12.5,0,0,0,0,0,0,0.049,0,100,0,13,0,4,9,8,0,0,0,"2021_9_29_3"
13.475,13.482,1660,9,2340,0,2021,9,39,272,29,3,4,1015.1,13.6,13.7,13.6,94,12.7,13,0,0,0,13.6,13.8,13.8,12.4,0,0,0,0,0,0,0.049,0,100,0,12.8,0,5,9,8,0,0,0,"2021_9_29_4"
13.553,13.533,1660,351,2397,347,2021,9,39,272,29,3,4,1015.2,13.4,13.6,13.4,94,12.4,12.8,0,0,0,13.4,13.5,13.5,12.2,0,0,0,0,0,0,0.052,0,100,0,12.8,0,6,9,8,0,0,0,"2021_9_29_4"
13.554,13.308,1072,14,1740,0,2021,9,39,272,29,3,4,1015,13.4,13.4,13.4,95,12.6,12.9,0,0,0,13.4,13.6,13.6,12.2,0,0,0,0,0,0,0.052,0,100,0,12.8,0,7,9,8,0,0,0,"2021_9_29_4"
13.657,13.649,1072,346,1816,343,2021,9,39,272,29,3,4,1015,13.4,13.4,13.3,96,12.8,13,0,0,0,13.4,13.6,13.6,12.2,0,0,0,0,0,0,0.052,0,100,0,12.8,0,0,9,8,0,0,0,"2021_9_29_4"
13.437,13.437,747,160,0,0,2021,9,39,272,29,3,5,1014.8,13.5,13.5,13.4,95,12.7,13,0,0,0,13.5,13.7,13.7,12.3,0,0,0,0,0,0,0.05,0,100,0,12.6,0,1,9,8,0,0,0,"2021_9_29_5"
13.377,13.421,747,200,520,270,2021,9,39,272,29,3,5,1014.9,13.3,13.5,13.3,95,12.5,12.9,0,0,0,13.3,13.5,13.5,12.1,0,0,0,0,0,0,0.052,0,100,0,12.7,0,2,9,8,0,0,0,"2021_9_29_5"
13.351,13.398,1326,169,600,180,2021,9,39,272,29,3,5,1014.9,13.2,13.3,13.2,95,12.4,12.7,0,0,0,13.2,13.4,13.4,12,0,0,0,0,0,0,0.053,0,100,0,12.7,0,3,9,8,0,0,0,"2021_9_29_5"
13.795,123.842,1326,191,794,221,2021,9,39,272,29,3,5,1014.9,13.2,13.3,13.2,96,12.5,12.8,0,0,1.6,13.2,13.4,13.4,12,0,0,0,0,0,0,0.054,0,100,0,12.8,0,4,9,11,0,0,0,"2021_9_29_5"
13.745,13.672,1660,9,2340,0,2021,9,39,272,29,3,6,1014.9,13.2,13.2,13.2,96,12.6,12.8,0,0,0,13.2,13.4,13.4,12.1,0,0,0,0,0,0,0.053,0,100,0,12.9,0,5,9,8,0,0,0,"2021_9_29_6"
13.651,13.614,1660,351,2397,347,2021,9,39,272,29,3,6,1014.9,13.3,13.4,13.2,96,12.7,12.9,0,0,0,13.3,13.5,13.5,12.2,0,0,0,0,0,0,0.052,0,100,0,12.8,0,6,9,8,0,0,0,"2021_9_29_6"
13.795,13.642,1072,14,1740,0,2021,9,39,272,29,3,6,1015,13.4,13.4,13.3,97,13,13.2,0,0,1.6,13.4,13.7,13.7,12.4,0,0,0,0,0,0,0.051,0,100,0,12.8,0,7,9,11,0,0,0,"2021_9_29_6"
13.696,13.556,1072,346,1816,343,2021,9,39,272,29,3,6,1015.1,13.7,13.7,13.4,96,13,13.3,1.6,0.4,1.6,13.7,13.9,13.9,12.6,0,0,0,0,0,0,0.049,0,100,0,12.8,0,0,10,11,0,0,0,"2021_9_29_6"
13.499,13.499,747,160,0,0,2021,9,39,272,29,3,7,1014.8,13.5,13.7,13.5,95,12.7,13,0,0,3.2,13.5,13.7,13.7,12.3,0,0,0,0,0,0,0.05,0,100,0,12.6,0,1,9,10,0,0,0,"2021_9_29_7"
13.354,13.472,747,200,520,270,2021,9,39,272,29,3,7,1015.1,13.3,13.5,13.3,95,12.5,12.9,0,0,0,13.3,13.5,13.5,12.1,0,0,0,0,0,0,0.052,0,100,0,12.6,0,2,9,8,0,0,0,"2021_9_29_7"
13.943,13.934,1326,169,600,180,2021,9,39,272,29,3,7,1015.3,13.4,13.4,13.3,96,12.8,13,0,0,0,13.4,13.6,13.6,12.2,0,0,0,0,0,0,0.052,0,100,0,12.9,0,3,9,8,0,0,0,"2021_9_29_7"
14.487,128.179,1326,191,794,221,2021,9,39,272,29,3,7,1015.4,13.6,13.6,13.3,96,12.9,13.2,0,0,1.6,13.6,13.8,13.8,12.5,0,0,6,0.13,9,0,0.05,0,100,0,13.2,0,4,9,13,0,0,0,"2021_9_29_7"
15.718,15.481,1660,9,2340,0,2021,9,39,272,29,3,8,1015.6,13.8,13.8,13.6,97,13.3,13.5,0,0,0,13.8,14.1,14.1,13.8,0,0,26,0.56,51,0,0.047,0,100,3,14,0,5,9,8,0,0,0,"2021_9_29_8"
17.501,17.241,1660,351,2397,347,2021,9,39,272,29,3,8,1016.2,15.4,15.4,13.8,96,14.8,15,1.6,0.4,3.2,15.4,15.8,15.8,17.1,0,0,89,1.91,109,0,0.031,0,100,3,15.4,0,6,2,2,0,0,0,"2021_9_29_8"
18.021,17.21,1072,14,1740,0,2021,9,39,272,29,3,8,1016.2,16.8,16.8,15.4,88,14.8,15.5,1.6,0.4,4.8,16.8,17,17,18.9,0,0,119,2.56,134,0,0.016,0,100,2,16.3,0,7,0,13,0,0,0,"2021_9_29_8"
18.776,18.573,1072,346,1816,343,2021,9,39,272,29,3,8,1016.1,17.2,17.2,16.8,88,15.2,15.9,0,0,1.6,17.2,17.5,17.5,18.7,0,0,89,1.91,160,0,0.012,0,100,5,16.7,0,0,9,1,0,0,0,"2021_9_29_8"
20.793,20.793,747,160,0,0,2021,9,39,272,29,3,9,1016.6,18.3,18.3,17.2,83,15.4,16.3,0,0,3.2,18.3,18.7,18.7,22.2,0,0,216,4.65,272,0.08,0,0,97.6,6,18.5,0,1,9,1,0,0,0,"2021_9_29_9"
20.971,21.697,747,200,520,270,2021,9,39,272,29,3,9,1016.1,19.2,19.2,18.3,80,15.6,16.7,0,0,3.2,19.2,19.7,19.7,22.9,0,0,202,4.35,278,0,0,0.009,85.1,6,19.1,0,2,9,1,0,0,0,"2021_9_29_9"
23.024,21.597,1326,169,600,180,2021,9,39,272,29,3,9,1016.5,19.7,19.7,19.2,80,16.2,17.3,1.6,0.4,6.4,19.7,20.3,20.3,23.8,0,0,226,4.86,422,0,0,0.014,85.5,11,20.4,0,3,4,13,0,0,0,"2021_9_29_9"
21.09,149.143,1326,191,794,221,2021,9,39,272,29,3,9,1015.8,20.1,20.2,19.7,78,16.2,17.4,3.2,0.8,6.4,20.1,20.7,20.7,24.3,0,0,246,5.29,429,0,0,0.019,81.5,4,20,0,4,0,1,0,0,0,"2021_9_29_9"
24.161,22.42,1660,9,2340,0,2021,9,39,272,29,3,10,1016.4,20.3,20.3,20.1,78,16.4,17.6,1.6,0.4,4.8,20.3,20.9,20.9,23.6,0,0,193,4.15,383,0.13,0,0.021,81.9,11,20.7,0,5,0,1,0,0,0,"2021_9_29_10"
25.33,24.41,1660,351,2397,347,2021,9,39,272,29,3,10,1016.4,21.2,21.2,20.3,74,16.4,17.8,1.6,0.4,6.4,21.2,21.6,21.6,26.7,0,0,378,8.13,392,0,0,0.03,77.9,11,22.3,0,6,1,1,0,0,0,"2021_9_29_10"
26.227,25.843,1072,14,1740,0,2021,9,39,272,29,3,10,1017,22.2,22.2,21.2,68,16,17.8,1.6,0.4,4.8,22.2,22.5,22.5,27.8,0,0,425,9.14,443,0,0,0.041,69.2,12,23.4,0,7,0,1,0,0,0,"2021_9_29_10"
27.183,26.248,1072,346,1816,343,2021,9,39,272,29,3,10,1016.7,23.1,23.1,22.2,65,16.2,18.1,1.6,0.4,4.8,23.1,23.5,23.5,29.2,0,0,470,10.11,492,0,0,0.05,64.4,30,24.2,0,0,3,4,0,0,0,"2021_9_29_10"
27.557,27.557,747,160,0,0,2021,9,39,272,29,3,11,1016.6,23.9,23.9,23.2,62,16.2,18.2,1.6,0.4,6.4,23.9,24.2,24.2,30.1,0,0,516,11.1,541,0.28,0,0.058,60.8,14,25,0,1,0,13,0,0,0,"2021_9_29_11"
27.402,28.348,747,200,520,270,2021,9,39,272,29,3,11,1016.7,24.3,24.3,23.8,58,15.5,17.8,1.6,0.4,4.8,24.3,24.5,24.5,30.4,0,0,538,11.57,589,0,0,0.062,57.9,18,25.8,0,2,1,3,0,0,0,"2021_9_29_11"
27.459,26.492,1326,169,600,180,2021,9,39,272,29,3,11,1016.5,24.8,24.8,24.3,61,16.7,18.8,1.6,0.4,4.8,24.8,25.1,25.1,30.9,0,0,525,11.29,628,0,0,0.067,58.6,27,26.6,0,3,12,0,0,0,0,"2021_9_29_11"
27.385,160.275,1326,191,794,221,2021,9,39,272,29,3,11,1015.9,24.7,24.9,24.7,60,16.4,18.5,1.6,0.4,4.8,24.7,25,25,30.3,0,0,473,10.17,615,0,0,0.067,62.3,12,25.5,0,4,6,7,0,0,0,"2021_9_29_11"
28.264,26.175,1660,9,2340,0,2021,9,39,272,29,3,12,1016.3,24.6,24.8,24.4,60,16.3,18.5,1.6,0.4,6.4,24.6,24.9,24.9,29.7,0,0,434,9.34,515,0.33,0,0.065,62.2,13,26.1,0,5,6,5,0,0,0,"2021_9_29_12"
28.692,28.148,1660,351,2397,347,2021,9,39,272,29,3,12,1016.6,25.3,25.3,24.6,61,17.2,19.2,1.6,0.4,6.4,25.3,25.7,25.7,31.5,0,0,548,11.79,621,0,0,0.072,54.8,16,27.3,0,6,1,1,0,0,0,"2021_9_29_12"
30.216,28.001,1072,14,1740,0,2021,9,39,272,29,3,12,1016.4,25.4,25.6,25.3,54,15.4,17.9,3.2,0.8,8,25.4,25.5,25.5,31.6,0,0,635,13.66,654,0,0,0.073,50.1,15,27.7,0,7,1,1,0,0,0,"2021_9_29_12"
29.19,28.362,1072,346,1816,343,2021,9,39,272,29,3,12,1016,25.7,25.7,25.3,53,15.4,17.9,3.2,0.8,8,25.7,25.8,25.8,31.9,0,0,633,13.62,643,0,0,0.076,46.8,15,28,0,0,1,1,0,0,0,"2021_9_29_12"
28.645,28.645,747,160,0,0,2021,9,39,272,29,3,13,1016,25.7,25.8,25.7,53,15.4,18,3.2,0.8,9.7,25.7,25.8,25.8,32,0,0,641,13.79,650,0.41,0,0.077,49.3,15,28.6,0,1,1,3,0,0,0,"2021_9_29_13"
29.307,29.028,747,200,520,270,2021,9,39,272,29,3,13,1015.8,26.1,26.1,25.7,48,14.2,17.1,3.2,0.8,14.5,26.1,25.9,25.9,32,0,0,647,13.92,654,0,0,0.08,52.8,15,28.7,0,2,3,13,0,0,0,"2021_9_29_13"
29.374,27.884,1326,169,600,180,2021,9,39,272,29,3,13,1015.5,26.1,26.3,26.1,50,14.9,17.6,3.2,0.8,11.3,26.1,26.1,26.1,32.2,0,0,641,13.79,652,0,0,0.081,49,15,28.7,0,3,0,0,0,0,0,"2021_9_29_13"
27.85,161.064,1326,191,794,221,2021,9,39,272,29,3,13,1015.6,26.2,26.2,26.1,48,14.3,17.2,4.8,1.21,11.3,26.2,26.1,26.1,32.2,0,0,644,13.85,650,0,0,0.082,45,14,29.2,0,4,0,1,0,0,0,"2021_9_29_13"
29.062,26.714,1660,9,2340,0,2021,9,39,272,29,3,14,1015.5,26.3,26.4,26.1,49,14.8,17.5,3.2,0.8,8,26.3,26.3,26.3,32.4,0,0,634,13.64,645,0.43,0,0.083,44.5,14,29.7,0,5,4,0,0,0,0,"2021_9_29_14"
28.749,27.904,1660,351,2397,347,2021,9,39,272,29,3,14,1015.4,26.4,26.4,26.3,50,15.1,17.8,4.8,1.21,12.9,26.4,26.4,26.4,32.5,0,0,607,13.06,626,0,0,0.084,45.4,15,29.8,0,6,0,1,0,0,0,"2021_9_29_14"
28.131,26.816,1072,14,1740,0,2021,9,39,272,29,3,14,1014.9,26.3,26.4,26.2,51,15.4,18,4.8,1.21,14.5,26.3,26.4,26.4,32.5,0,0,609,13.1,636,0,0,0.083,44.6,10,29.6,0,7,4,13,0,0,0,"2021_9_29_14"
28.354,28.549,1072,346,1816,343,2021,9,39,272,29,3,14,1015.1,26.2,26.3,26.1,49,14.6,17.4,4.8,1.21,14.5,26.2,26.1,26.1,31.3,0,0,479,10.3,631,0,0,0.082,49,13,29.4,0,0,4,0,0,0,0,"2021_9_29_14"
29.113,29.113,747,160,0,0,2021,9,39,272,29,3,15,1015,26.4,26.5,26.1,50,15.2,17.9,3.2,0.8,11.3,26.4,26.5,26.5,32.3,0,0,542,11.66,603,0.41,0,0.084,45.1,13,30.4,0,1,3,1,0,0,0,"2021_9_29_15"
27.644,28.236,747,200,520,270,2021,9,39,272,29,3,15,1014.7,26.4,26.6,26.4,51,15.5,18.1,4.8,1.21,12.9,26.4,26.6,26.6,32.5,0,0,553,11.9,575,0,0,0.084,44.9,13,29.6,0,2,4,0,0,0,0,"2021_9_29_15"
28.93,28.496,1326,169,600,180,2021,9,39,272,29,3,15,1015,26.7,26.7,26.4,50,15.4,18.1,3.2,0.8,12.9,26.7,26.8,26.8,32.6,0,0,524,11.27,541,0,0,0.087,49.7,12,28.8,0,3,0,5,0,0,0,"2021_9_29_15"
28.74,160.747,1326,191,794,221,2021,9,39,272,29,3,15,1014.6,26.6,26.7,26.6,49,15,17.8,4.8,1.21,11.3,26.6,26.6,26.6,32.4,0,0,504,10.84,515,0,0,0.086,49.5,12,28.4,0,4,1,3,0,0,0,"2021_9_29_15"
27.648,27.511,1660,9,2340,0,2021,9,39,272,29,3,16,1015,26.9,26.9,26.6,50,15.6,18.2,3.2,0.8,8,26.9,27,27,32.7,0,0,469,10.09,496,0.36,0,0.089,51.7,15,27.9,0,5,2,13,0,0,0,"2021_9_29_16"
27.043,26.896,1660,351,2397,347,2021,9,39,272,29,3,16,1014.5,26.7,27,26.6,48,14.7,17.6,4.8,1.21,11.3,26.7,26.6,26.6,32,0,0,430,9.25,441,0,0,0.087,51.4,16,27.1,0,6,0,1,0,0,0,"2021_9_29_16"
27.807,27.918,1072,14,1740,0,2021,9,39,272,29,3,16,1014.4,26.8,27,26.6,49,15.2,18,3.2,0.8,9.7,26.8,26.9,26.9,32.1,0,0,390,8.39,406,0,0,0.089,53,9,26.8,0,7,0,13,0,0,0,"2021_9_29_16"
27.262,26.62,1072,346,1816,343,2021,9,39,272,29,3,16,1014.6,27,27,26.7,49,15.4,18.1,3.2,0.8,8,27,27.1,27.1,32,0,0,350,7.53,367,0,0,0.09,58.1,12,26.2,0,0,5,0,0,0,0,"2021_9_29_16"
26.576,26.576,747,160,0,0,2021,9,39,272,29,3,17,1014.3,26.7,27,26.7,48,14.7,17.6,3.2,0.8,8,26.7,26.6,26.6,31.2,0,0,311,6.69,327,0.28,0,0.087,55.7,7,25.8,0,1,0,1,0,0,0,"2021_9_29_17"
26.086,25.863,747,200,520,270,2021,9,39,272,29,3,17,1014.3,26.6,26.7,26.5,50,15.3,18,3.2,0.8,6.4,26.6,26.6,26.6,30.9,0,0,273,5.87,292,0,0,0.086,55.3,6,25.2,0,2,4,13,0,0,0,"2021_9_29_17"
25.819,25.639,1326,169,600,180,2021,9,39,272,29,3,17,1014.3,26.4,26.6,26.3,51,15.4,18.1,3.2,0.8,9.7,26.4,26.5,26.5,30.4,0,0,238,5.12,255,0,0,0.084,66.5,5,24.9,0,3,1,1,0,0,0,"2021_9_29_17"
25.307,155.246,1326,191,794,221,2021,9,39,272,29,3,17,1014.1,26.2,26.4,26.2,52,15.6,18.1,3.2,0.8,6.4,26.2,26.4,26.4,29.7,0,0,197,4.24,218,0,0,0.082,70.2,4,24.4,0,4,2,13,0,0,0,"2021_9_29_17"
24.353,23.6,1660,9,2340,0,2021,9,39,272,29,3,18,1014.2,25.9,26.3,25.9,52,15.3,17.9,1.6,0.4,9.7,25.9,26,26,28.5,0,0,146,3.14,171,0.18,0,0.079,77.1,3,23.7,0,5,2,2,0,0,0,"2021_9_29_18"
22.821,22.085,1660,351,2397,347,2021,9,39,272,29,3,18,1014,25.3,25.9,25.3,54,15.3,17.8,1.6,0.4,3.2,25.3,25.4,25.4,26.2,0,0,68,1.46,114,0,0,0.072,76.5,2,22.4,0,6,5,2,0,0,0,"2021_9_29_18"
21.649,20.933,1072,14,1740,0,2021,9,39,272,29,3,18,1014.2,24.8,25.2,24.8,60,16.5,18.6,0,0,1.6,24.8,25.1,25.1,25.4,0,0,47,1.01,58,0,0,0.067,80.7,1,21.2,0,7,9,4,0,0,0,"2021_9_29_18"
20.554,20.427,1072,346,1816,343,2021,9,39,272,29,3,18,1014.1,24.2,24.8,24.2,68,17.9,19.6,0,0,0,24.2,24.9,24.9,24.1,0,0,25,0.54,39,0,0,0.061,81.9,0,20.2,0,0,9,8,0,0,0,"2021_9_29_18"
19.532,19.532,747,160,0,0,2021,9,39,272,29,3,19,1014.3,23.1,24.2,23.1,72,17.7,19.2,0,0,0,23.1,23.7,23.7,22.7,0,0,10,0.22,16,0.03,0,0.049,87.2,0,19.4,0,1,9,8,0,0,0,"2021_9_29_19"
18.901,18.781,747,200,520,270,2021,9,39,272,29,3,19,1014.3,21.9,23.1,21.9,75,17.3,18.6,0,0,0,21.9,22.5,22.5,21.4,0,0,0,0,0,0,0,0.038,90.5,0,18.7,0,2,9,8,0,0,0,"2021_9_29_19"
18.389,18.611,1326,169,600,180,2021,9,39,272,29,3,19,1014.4,20.7,21.9,20.7,80,17.1,18.2,0,0,0,20.7,21.5,21.5,20.3,0,0,0,0,0,0,0,0.025,92.6,0,18.1,0,3,9,8,0,0,0,"2021_9_29_19"
18.065,123.236,1326,191,794,221,2021,9,39,272,29,3,19,1014.6,19.6,20.7,19.6,83,16.6,17.6,0,0,0,19.6,20.3,20.3,19.1,0,0,0,0,0,0,0,0.013,94.3,0,17.6,0,4,9,8,0,0,0,"2021_9_29_19"
17.827,17.741,1660,9,2340,0,2021,9,39,272,29,3,20,1014.7,18.8,19.6,18.8,85,16.3,17.1,0,0,0,18.8,19.3,19.3,18.2,0,0,0,0,0,0,0,0.005,94.9,0,17.2,0,5,9,8,0,0,0,"2021_9_29_20"
18.038,17.586,1660,351,2397,347,2021,9,39,272,29,3,20,1014.7,18.3,18.9,18.3,88,16.3,17,0,0,0,18.3,18.9,18.9,17.7,0,0,0,0,0,0,0,0,97.4,0,17.1,0,6,9,8,0,0,0,"2021_9_29_20"
17.607,17.326,1072,14,1740,0,2021,9,39,272,29,3,20,1014.7,17.9,18.3,17.9,89,16.1,16.7,0,0,1.6,17.9,18.4,18.4,17.2,0,0,0,0,0,0,0.004,0,97.6,0,16.9,0,7,9,4,0,0,0,"2021_9_29_20"
17.158,17.217,1072,346,1816,343,2021,9,39,272,29,3,20,1015.2,18,18,17.9,85,15.4,16.3,1.6,0.4,4.8,18,18.3,18.3,17.1,0,0,0,0,0,0,0.003,0,96.7,0,16.6,0,0,14,9,0,0,0,"2021_9_29_20"
17.259,17.259,747,160,0,0,2021,9,39,272,29,3,21,1015.1,18.2,18.2,18,85,15.7,16.5,1.6,0.4,4.8,18.2,18.6,18.6,17.4,0,0,0,0,0,0,0.001,0,97.5,0,16.4,0,1,14,14,0,0,0,"2021_9_29_21"
17.164,17.306,747,200,520,270,2021,9,39,272,29,3,21,1015.4,17.9,18.2,17.8,84,15.2,16.1,1.6,0.4,6.4,17.9,18.2,18.2,17,0,0,0,0,0,0,0.004,0,97.5,0,16.3,0,2,16,14,0,0,0,"2021_9_29_21"
16.597,16.859,1326,169,600,180,2021,9,39,272,29,3,21,1015.5,18.9,18.9,18,79,15.2,16.3,3.2,0.8,6.4,18.9,19.3,19.3,18.1,0,0,0,0,0,0,0,0.006,97.2,0,16,0,3,14,14,0,0,0,"2021_9_29_21"
16.162,115.15,1326,191,794,221,2021,9,39,272,29,3,21,1015.3,17.9,18.9,17.9,83,15,16,1.6,0.4,4.8,17.9,18.2,18.2,17,0,0,0,0,0,0,0.004,0,98.1,0,15.5,0,4,13,15,0,0,0,"2021_9_29_21"
16.184,15.877,1660,9,2340,0,2021,9,39,272,29,3,22,1015.5,16.9,17.9,16.9,86,14.6,15.4,0,0,3.2,16.9,17.1,17.1,15.9,0,0,0,0,0,0.03,0.014,0,97.5,0,15.4,0,5,9,10,0,0,0,"2021_9_29_22"
15.818,15.825,1660,351,2397,347,2021,9,39,272,29,3,22,1015.6,16.2,16.9,16.2,89,14.4,15,0,0,0,16.2,16.4,16.4,15.1,0,0,0,0,0,0,0.023,0,97.7,0,15.1,0,6,9,8,0,0,0,"2021_9_29_22"
15.531,15.193,1072,14,1740,0,2021,9,39,272,29,3,22,1015.7,15.8,16.2,15.8,90,14.2,14.8,0,0,3.2,15.8,16,16,14.8,0,0,0,0,0,0,0.026,0,98.3,0,14.8,0,7,9,10,0,0,0,"2021_9_29_22"
15.757,15.542,1072,346,1816,343,2021,9,39,272,29,3,22,1016.1,15.7,15.8,15.6,90,14,14.6,1.6,0.4,6.4,15.7,15.8,15.8,14.6,0,0,0,0,0,0,0.028,0,100,0,14.7,0,0,6,5,0,0,0,"2021_9_29_22"
15.551,15.551,747,160,0,0,2021,9,39,272,29,3,23,1016.1,15.9,15.9,15.7,90,14.3,14.9,1.6,0.4,3.2,15.9,16.1,16.1,14.9,0,0,0,0,0,0,0.025,0,100,0,14.7,0,1,6,5,0,0,0,"2021_9_29_23"
15.81,15.822,747,200,520,270,2021,9,39,272,29,3,23,1016.3,15.6,15.9,15.6,90,13.9,14.5,1.6,0.4,4.8,15.6,15.7,15.7,14.4,0,0,0,0,0,0,0.029,0,100,0,14.8,0,2,13,10,0,0,0,"2021_9_29_23"
15.715,15.639,1326,169,600,180,2021,9,39,272,29,3,23,1016.4,15.6,15.6,15.5,90,13.9,14.5,0,0,3.2,15.6,15.7,15.7,14.4,0,0,0,0,0,0,0.029,0,100,0,14.8,0,3,9,10,0,0,0,"2021_9_29_23"
15.257,111.019,1326,191,794,221,2021,9,39,272,29,3,23,1016.2,15.6,15.6,15.5,90,13.9,14.5,0,0,1.6,15.6,15.7,15.7,14.4,0,0,0,0,0,0,0.029,0,99,0,14.5,0,4,9,11,0,0,0,"2021_9_29_23"
14.892,15.131,1660,9,2340,0,2021,9,39,273,30,4,0,1016.2,15.4,15.6,15.3,90,13.8,14.3,0,0,1.6,15.4,15.5,15.5,14.2,0,0,0,0,0,0,0.031,0,99.8,0,14.3,0,5,9,11,0,0,0,"2021_9_30_0"
14.689,14.889,1660,351,2397,347,2021,9,39,273,30,4,0,1016.4,15.2,15.4,15.2,90,13.6,14.2,0,0,1.6,15.2,15.4,15.4,14.1,0,0,0,0,0,0,0.032,0,100,0,14.1,0,6,9,11,0,0,0,"2021_9_30_0"
14.913,14.68,1072,14,1740,0,2021,9,39,273,30,4,0,1016.4,15.1,15.2,15,90,13.4,14,1.6,0.4,3.2,15.1,15.2,15.2,13.9,0,0,0,0,0,0,0.034,0,100,0,14.1,0,7,11,10,0,0,0,"2021_9_30_0"
14.638,14.468,1072,346,1816,343,2021,9,39,273,30,4,0,1016.5,15.1,15.1,15,91,13.6,14.1,1.6,0.4,3.2,15.1,15.2,15.2,13.9,0,0,0,0,0,0,0.034,0,100,0,13.9,0,0,14,9,0,0,0,"2021_9_30_0"
14.49,14.49,747,160,0,0,2021,9,39,273,30,4,1,1016.4,14.8,15.1,14.8,91,13.3,13.9,0,0,0,14.8,14.9,14.9,13.6,0,0,0,0,0,0,0.037,0,100,0,13.7,0,1,9,8,0,0,0,"2021_9_30_1"
14.24,14.378,747,200,520,270,2021,9,39,273,30,4,1,1016.7,14.6,14.8,14.5,93,13.4,13.9,0,0,0,14.6,14.7,14.7,13.4,0,0,0,0,0,0,0.039,0,100,0,13.7,0,2,9,8,0,0,0,"2021_9_30_1"
14.176,14.357,1326,169,600,180,2021,9,39,273,30,4,1,1016.6,14.3,14.6,14.3,92,13.1,13.5,0,0,0,14.3,14.5,14.5,13.1,0,0,0,0,0,0,0.042,0,100,0,13.5,0,3,9,8,0,0,0,"2021_9_30_1"
14.116,109.627,1326,191,794,221,2021,9,39,273,30,4,1,1016.8,14.3,14.3,14.2,93,13.2,13.6,0,0,1.6,14.3,14.4,14.4,13.1,0,0,0,0,0,0,0.042,0,100,0,13.3,0,4,9,14,0,0,0,"2021_9_30_1"
14.274,14.49,1660,9,2340,0,2021,9,39,273,30,4,2,1017,14.1,14.3,14.1,93,13,13.4,0,0,1.6,14.1,14.3,14.3,12.9,0,0,0,0,0,0,0.044,0,100,0,13.4,0,5,9,14,0,0,0,"2021_9_30_2"
14.979,14.604,1660,351,2397,347,2021,9,39,273,30,4,2,1017.4,14.2,14.2,14.1,93,13.1,13.5,0,0,3.2,14.2,14.3,14.3,13,0,0,0,0,0,0,0.043,0,100,0,13.5,0,6,9,12,0,0,0,"2021_9_30_2"
15.977,15.391,1072,14,1740,0,2021,9,39,273,30,4,2,1017.7,15.2,15.2,14.2,93,14,14.4,3.2,0.8,6.4,15.2,15.4,15.4,14.1,0,0,0,0,0,0,0.033,0,100,0,14.4,0,7,13,10,0,0,0,"2021_9_30_2"
16.948,15.913,1072,346,1816,343,2021,9,39,273,30,4,2,1017.8,15.7,15.7,15.2,92,14.4,14.9,1.6,0.4,6.4,15.7,16,16,14.7,0,0,0,0,0,0,0.027,0,100,0,15.1,0,0,12,10,0,0,0,"2021_9_30_2"
17.409,17.409,747,160,0,0,2021,9,39,273,30,4,3,1018.2,16.9,16.9,15.8,89,15.1,15.7,4.8,1.21,11.3,16.9,17.3,17.3,16,0,0,0,0,0,0,0.014,0,100,0,15.6,0,1,13,10,0,0,0,"2021_9_30_3"
17.691,17.544,747,200,520,270,2021,9,39,273,30,4,3,1018.6,17.5,17.5,16.9,85,14.9,15.8,6.4,1.61,16.1,17.5,17.8,17.8,16.5,0,0,0,0,0,0,0.009,0,96.3,0,16.1,0,2,11,9,0,0,0,"2021_9_30_3"
17.55,17.318,1326,169,600,180,2021,9,39,273,30,4,3,1018.6,17.7,17.8,17.5,83,14.8,15.8,9.7,2.41,22.5,17.7,18,18,16.7,0,0,0,0,0,0,0.006,0,94.7,0,16.2,0,3,13,10,0,0,0,"2021_9_30_3"
17.351,119.212,1326,191,794,221,2021,9,39,273,30,4,3,1018.5,17.5,17.7,17.5,83,14.6,15.6,8,2.01,19.3,17.5,17.7,17.7,16.5,0,0,0,0,0,0,0.009,0,92.6,0,16.1,0,4,13,10,0,0,0,"2021_9_30_3"
17.092,16.688,1660,9,2340,0,2021,9,39,273,30,4,4,1018.4,17.1,17.5,17.1,84,14.4,15.3,6.4,1.61,12.9,17.1,17.3,17.3,16,0,0,0,0,0,0.03,0.013,0,93.4,0,15.9,0,5,13,10,0,0,0,"2021_9_30_4"
17.164,16.451,1660,351,2397,347,2021,9,39,273,30,4,4,1018.4,16.9,17.1,16.9,84,14.2,15.1,6.4,1.61,12.9,16.9,17.1,17.1,15.8,0,0,0,0,0,0,0.014,0,91.7,0,15.7,0,6,13,12,0,0,0,"2021_9_30_4"
17.189,16.299,1072,14,1740,0,2021,9,39,273,30,4,4,1018.6,17.1,17.1,16.9,81,13.8,14.9,8,2.01,24.1,17.1,17.2,17.2,15.9,0,0,0,0,0,0,0.013,0,88.3,0,15.8,0,7,13,10,0,0,0,"2021_9_30_4"
16.991,16.156,1072,346,1816,343,2021,9,39,273,30,4,4,1018.8,17.1,17.2,17.1,80,13.6,14.8,9.7,2.41,17.7,17.1,17.2,17.2,15.8,0,0,0,0,0,0,0.013,0,88.2,0,15.7,0,0,13,11,0,0,0,"2021_9_30_4"
17.098,17.098,747,160,0,0,2021,9,39,273,30,4,5,1018.7,16.9,17.1,16.9,81,13.6,14.7,8,2.01,16.1,16.9,17,17,15.7,0,0,0,0,0,0.03,0.015,0,88.2,0,15.7,0,1,13,11,0,0,0,"2021_9_30_5"
17.14,17.024,747,200,520,270,2021,9,39,273,30,4,5,1019.2,16.9,16.9,16.8,81,13.7,14.8,8,2.01,17.7,16.9,17,17,15.7,0,0,0,0,0,0,0.014,0,86.2,0,15.8,0,2,13,0,0,0,0,"2021_9_30_5"
17.055,16.896,1326,169,600,180,2021,9,39,273,30,4,5,1019.3,16.9,17,16.9,80,13.4,14.6,9.7,2.41,17.7,16.9,17,17,15.7,0,0,0,0,0,0,0.015,0,86.5,0,15.8,0,3,13,12,0,0,0,"2021_9_30_5"
17.112,114.163,1326,191,794,221,2021,9,39,273,30,4,5,1019.3,16.9,16.9,16.8,80,13.4,14.6,8,2.01,16.1,16.9,17,17,15.7,0,0,0,0,0,0,0.015,0,84.2,0,15.8,0,4,13,10,0,0,0,"2021_9_30_5"
17.057,16.631,1660,9,2340,0,2021,9,39,273,30,4,6,1019.3,17,17.1,16.9,78,13.1,14.4,9.7,2.41,17.7,17,17,17,15.7,0,0,0,0,0,0.03,0.014,0,83.4,0,15.7,0,5,13,11,0,0,0,"2021_9_30_6"
17.144,16.698,1660,351,2397,347,2021,9,39,273,30,4,6,1019.5,17.1,17.1,17,79,13.4,14.7,9.7,2.41,19.3,17.1,17.2,17.2,15.9,0,0,0,0,0,0,0.013,0,84.1,0,15.9,0,6,13,12,0,0,0,"2021_9_30_6"
17.158,16.585,1072,14,1740,0,2021,9,39,273,30,4,6,1019.6,17.1,17.2,17.1,80,13.6,14.8,11.3,2.82,22.5,17,17.2,17.1,15.8,0,0,0,0,0,0,0.013,0,87.2,0,16,0,7,13,11,0,0,0,"2021_9_30_6"
17.088,16.528,1072,346,1816,343,2021,9,39,273,30,4,6,1020,17.1,17.2,17.1,81,13.8,14.9,6.4,1.61,16.1,17.1,17.2,17.2,15.9,0,0,0,0,0,0,0.013,0,86.2,0,16,0,0,13,12,0,0,0,"2021_9_30_6"
17.016,17.016,747,160,0,0,2021,9,39,273,30,4,7,1020.3,17.1,17.2,17.1,81,13.8,14.9,6.4,1.61,14.5,17.1,17.2,17.2,15.9,0,0,0,0,0,0.03,0.013,0,88.3,0,15.9,0,1,13,12,0,0,0,"2021_9_30_7"
17.005,16.865,747,200,520,270,2021,9,39,273,30,4,7,1020.3,17.1,17.1,17.1,81,13.8,14.9,3.2,0.8,11.3,17.1,17.2,17.2,15.9,0,0,0,0,0,0,0.013,0,89,0,15.9,0,2,12,12,0,0,0,"2021_9_30_7"
17.187,17.103,1326,169,600,180,2021,9,39,273,30,4,7,1020.6,17.1,17.1,17.1,81,13.8,14.9,4.8,1.21,11.3,17.1,17.2,17.2,16,0,0,4,0.09,11,0,0.013,0,87.8,0,16,0,3,13,10,0,0,0,"2021_9_30_7"
17.208,119.171,1326,191,794,221,2021,9,39,273,30,4,7,1020.6,17.1,17.2,17.1,82,14,15.1,4.8,1.21,11.3,17.1,17.3,17.3,16.2,0,0,18,0.39,30,0,0.013,0,88.1,2,16.1,0,4,12,0,0,0,0,"2021_9_30_7"
17.216,16.881,1660,9,2340,0,2021,9,39,273,30,4,8,1020.5,17,17.1,16.9,83,14.1,15.1,4.8,1.21,9.7,17,17.1,17.1,17.3,0,0,40,0.86,46,0.03,0.014,0,90,2,16,0,5,12,10,0,0,0,"2021_9_30_8"
16.836,16.823,1660,351,2397,347,2021,9,39,273,30,4,8,1020.5,16.9,17,16.9,83,14,15,3.2,0.8,9.7,16.9,17,17,17.2,0,0,45,0.97,51,0,0.015,0,93,1,15.9,0,6,13,10,0,0,0,"2021_9_30_8"
16.738,16.789,1072,14,1740,0,2021,9,39,273,30,4,8,1020.5,16.8,16.9,16.7,83,13.9,14.9,3.2,0.8,8,16.8,16.9,16.9,16.7,0,0,34,0.73,40,0,0.016,0,93.5,1,15.6,0,7,11,10,0,0,0,"2021_9_30_8"
18.546,18.085,1072,346,1816,343,2021,9,39,273,30,4,8,1021.4,17.3,17.3,16.7,83,14.4,15.3,1.6,0.4,6.4,17.3,17.5,17.5,18.7,0,0,94,2.02,139,0,0.011,0,96.7,4,16.3,0,0,13,1,0,0,0,"2021_9_30_8"
19.469,19.469,747,160,0,0,2021,9,39,273,30,4,9,1021.6,18.5,18.5,17.3,79,14.8,16,3.2,0.8,9.7,18.5,18.8,18.8,21.3,0,0,161,3.46,204,0.05,0,0.002,84.4,5,17.5,0,1,4,11,0,0,0,"2021_9_30_9"
20.789,21.064,747,200,520,270,2021,9,39,273,30,4,9,1021.6,19.7,19.7,18.4,75,15.1,16.5,4.8,1.21,11.3,19.7,20,20,23.7,0,0,235,5.06,265,0,0,0.014,82.1,7,18.8,0,2,12,10,0,0,0,"2021_9_30_9"
22.946,21.324,1326,169,600,180,2021,9,39,273,30,4,9,1021.7,20.5,20.5,19.7,70,14.8,16.5,6.4,1.61,12.9,20.5,20.8,20.8,25.2,0,0,295,6.35,332,0,0,0.023,74.4,10,19.9,0,3,13,10,0,0,0,"2021_9_30_9"
24.071,158.329,1326,191,794,221,2021,9,39,273,30,4,9,1021.8,21.3,21.3,20.4,66,14.7,16.6,6.4,1.61,16.1,21.3,21.2,21.2,26.4,0,0,362,7.79,443,0,0,0.031,66.2,13,21.4,0,4,13,12,0,0,0,"2021_9_30_9"
23.031,21.658,1660,9,2340,0,2021,9,39,273,30,4,10,1021.9,21.8,21.8,21.3,58,13.1,15.6,8,2.01,19.3,21.8,21.5,21.5,26.5,0,0,373,8.02,432,0.2,0,0.036,62.5,10,21.8,0,5,13,10,0,0,0,"2021_9_30_10"
21.728,21.503,1660,351,2397,347,2021,9,39,273,30,4,10,1021.2,21.3,21.9,21.3,61,13.5,15.7,9.7,2.41,20.9,21.3,21,21,24.3,0,0,252,5.42,464,0,0,0.031,60.4,8,20.6,0,6,13,11,0,0,0,"2021_9_30_10"
22.087,21.616,1072,14,1740,0,2021,9,39,273,30,4,10,1021.8,21.3,21.3,21.2,59,12.9,15.4,9.7,2.41,20.9,21.3,20.9,20.9,23.3,0,0,202,4.35,225,0,0,0.031,61,10,21,0,7,13,10,0,0,0,"2021_9_30_10"
24.623,25.093,1072,346,1816,343,2021,9,39,273,30,4,10,1022.3,21.5,21.5,21.2,57,12.6,15.2,9.7,2.41,19.3,21.5,21.1,21.1,24.2,0,0,260,5.59,364,0,0,0.033,61.8,20,22.4,0,0,13,0,0,0,0,"2021_9_30_10"
23.241,23.241,747,160,0,0,2021,9,39,273,30,4,11,1022,21.9,22.2,21.6,55,12.5,15.2,11.3,2.82,24.1,21.9,21.6,21.6,25.9,0,0,376,8.09,642,0.23,0,0.038,56.8,7,22.3,0,1,12,10,0,0,0,"2021_9_30_11"
24.082,26.058,747,200,520,270,2021,9,39,273,30,4,11,1022,21.5,21.9,21.5,56,12.4,15,9.7,2.41,19.3,21.5,21,21,23.1,0,0,198,4.26,223,0,0,0.033,55.6,14,22.1,0,2,12,11,0,0,0,"2021_9_30_11"
25.198,23.815,1326,169,600,180,2021,9,39,273,30,4,11,1023,22.9,22.9,21.5,54,13.1,15.8,9.7,2.41,22.5,22.9,22.8,22.8,28.7,0,0,572,12.3,619,0,0,0.047,49.3,17,24.3,0,3,13,11,0,0,0,"2021_9_30_11"
23.366,23.261,1326,191,794,221,2021,9,39,273,30,4,11,1022.1,22.7,23,22.7,52,12.3,15.2,11.3,2.82,20.9,22.7,22.4,22.4,27.9,0,0,536,11.53,668,0,0,0.045,51.6,6,23.1,0,4,12,10,0,0,0,"2021_9_30_11"
23.639,23.644,1660,9,2340,0,2021,9,39,273,30,4,12,1022.4,22.5,22.7,22.3,52,12.2,15,9.7,2.41,17.7,22.5,22.2,22.2,25.3,0,0,292,6.28,635,0.3,0,0.043,51.7,16,22.6,0,5,12,11,0,0,0,"2021_9_30_12"
25.949,26.25,1660,351,2397,347,2021,9,39,273,30,4,12,1022.9,23.3,23.3,22.5,51,12.6,15.5,9.7,2.41,20.9,23.3,23.2,23.2,29.2,0,0,650,13.98,684,0,0,0.052,53.3,14,24.5,0,6,13,12,0,0,0,"2021_9_30_12"
25.477,25.545,1072,14,1740,0,2021,9,39,273,30,4,12,1022.8,23.8,23.8,23.3,51,13.1,15.9,11.3,2.82,22.5,23.8,23.8,23.8,29.7,0,0,634,13.64,642,0,0,0.057,48.1,14,25.1,0,7,13,10,0,0,0,"2021_9_30_12"
25.699,26.077,1072,346,1816,343,2021,9,39,273,30,4,12,1022.4,24.1,24.1,23.8,51,13.3,16.1,9.7,2.41,20.9,24.1,24,24,30.1,0,0,639,13.75,649,0,0,0.06,51.2,14,25.4,0,0,13,11,0,0,0,"2021_9_30_12"
25.911,25.911,747,160,0,0,2021,9,39,273,30,4,13,1022.5,24,24.1,23.9,48,12.3,15.4,9.7,2.41,19.3,24,23.8,23.8,29.9,0,0,650,13.98,654,0.46,0,0.059,46,14,25.6,0,1,13,0,0,0,0,"2021_9_30_13"
25.911,26.149,747,200,520,270,2021,9,39,273,30,4,13,1022.5,24.1,24.1,23.8,49,12.7,15.7,9.7,2.41,22.5,24.1,23.9,23.9,29.9,0,0,637,13.7,659,0,0,0.06,44.6,14,26.4,0,2,13,11,0,0,0,"2021_9_30_13"
25.933,25.21,1326,169,600,180,2021,9,39,273,30,4,13,1022.2,24.3,24.3,24,50,13.2,16.1,9.7,2.41,20.9,24.3,24.2,24.2,30.3,0,0,655,14.09,657,0,0,0.062,45.9,14,26.6,0,3,13,10,0,0,0,"2021_9_30_13"
26.15,26.306,1326,191,794,221,2021,9,39,273,30,4,13,1021.9,24.4,24.5,24.3,49,13,15.9,9.7,2.41,20.9,24.4,24.3,24.3,30.3,0,0,653,14.05,659,0,0,0.063,46.8,14,27.3,0,4,11,12,0,0,0,"2021_9_30_13"
25.779,25.562,1660,9,2340,0,2021,9,39,273,30,4,14,1021.7,24.4,24.5,24.4,49,13,15.9,9.7,2.41,20.9,24.4,24.3,24.3,30.3,0,0,647,13.92,650,0.48,0,0.063,43.4,25,27.4,0,5,13,11,0,0,0,"2021_9_30_14"
25.381,25.755,1660,351,2397,347,2021,9,39,273,30,4,14,1021.8,24.5,24.5,24.3,50,13.4,16.3,11.3,2.82,24.1,24.5,24.4,24.4,30.4,0,0,640,13.77,645,0,0,0.064,40.5,17,26.9,0,6,4,11,0,0,0,"2021_9_30_14"
26.096,26.024,1072,14,1740,0,2021,9,39,273,30,4,14,1022,24.8,24.8,24.4,47,12.8,15.8,8,2.01,25.7,24.8,24.6,24.6,30.6,0,0,627,13.49,636,0,0,0.068,39.2,14,28,0,7,12,11,0,0,0,"2021_9_30_14"
25.248,25.03,1072,346,1816,343,2021,9,39,273,30,4,14,1021.5,24.7,24.8,24.6,50,13.6,16.4,9.7,2.41,24.1,24.7,24.7,24.7,30.7,0,0,610,13.12,619,0,0,0.067,38.5,13,27.8,0,0,4,13,0,0,0,"2021_9_30_14"
25.872,25.872,747,160,0,0,2021,9,39,273,30,4,15,1021.7,24.8,24.8,24.6,45,12,15.3,9.7,2.41,22.5,24.8,24.4,24.4,30.3,0,0,586,12.61,603,0.46,0,0.067,40.6,13,28.2,0,1,12,11,0,0,0,"2021_9_30_15"
25.519,25.899,747,200,520,270,2021,9,39,273,30,4,15,1021.4,24.7,24.8,24.7,47,12.6,15.7,8,2.01,22.5,24.7,24.5,24.5,30.3,0,0,550,11.83,570,0,0,0.067,38.2,13,27.4,0,2,4,0,0,0,0,"2021_9_30_15"
25.333,25.481,1326,169,600,180,2021,9,39,273,30,4,15,1021,24.6,24.7,24.4,48,12.9,15.9,11.3,2.82,20.9,24.6,24.4,24.4,29.8,0,0,481,10.35,541,0,0,0.065,41.2,13,26.4,0,3,4,0,0,0,0,"2021_9_30_15"
25.714,25.477,1326,191,794,221,2021,9,39,273,30,4,15,1021.3,24.9,24.9,24.5,48,13.1,16.1,11.3,2.82,20.9,24.9,24.7,24.7,30.3,0,0,501,10.78,536,0,0,0.068,42.5,15,26.1,0,4,4,0,0,0,0,"2021_9_30_15"
26.012,25.572,1660,9,2340,0,2021,9,39,273,30,4,16,1021,24.7,24.9,24.7,47,12.6,15.7,9.7,2.41,24.1,24.7,24.5,24.5,30.2,0,0,505,10.86,555,0.41,0,0.067,42.2,17,25.8,0,5,4,11,0,0,0,"2021_9_30_16"
25.981,25.726,1660,351,2397,347,2021,9,39,273,30,4,16,1020.9,24.9,25,24.7,46,12.5,15.7,9.7,2.41,20.9,24.9,24.7,24.7,30.3,0,0,514,11.06,541,0,0,0.069,44.5,8,25.6,0,6,4,0,0,0,0,"2021_9_30_16"
25.53,26.103,1072,14,1740,0,2021,9,39,273,30,4,16,1020.8,24.7,24.9,24.6,49,13.3,16.2,9.7,2.41,17.7,24.7,24.6,24.6,29.8,0,0,397,8.54,515,0,0,0.067,45.9,10,25.1,0,7,4,0,0,0,0,"2021_9_30_16"
24.14,24.268,1072,346,1816,343,2021,9,39,273,30,4,16,1020.3,24.1,24.7,24.1,49,12.7,15.7,11.3,2.82,24.1,24.1,24,24,28.4,0,0,327,7.03,424,0,0,0.06,48.5,8,23.7,0,0,4,0,0,0,0,"2021_9_30_16"
24.195,24.195,747,160,0,0,2021,9,39,273,30,4,17,1020.6,24.1,24.1,24,51,13.3,16.1,9.7,2.41,17.7,24.1,24,24,28.4,0,0,300,6.45,327,0.33,0,0.06,45.9,6,23.4,0,1,4,0,0,0,0,"2021_9_30_17"
24.005,24.038,747,200,520,270,2021,9,39,273,30,4,17,1020.8,23.7,24.1,23.7,51,13,15.8,8,2.01,16.1,23.7,23.7,23.7,26.9,0,0,213,4.58,239,0,0,0.056,49.6,8,23.1,0,2,4,0,0,0,0,"2021_9_30_17"
23.883,23.794,1326,169,600,180,2021,9,39,273,30,4,17,1021,23.7,23.8,23.7,53,13.6,16.3,9.7,2.41,19.3,23.7,23.8,23.8,27.8,0,0,253,5.44,272,0,0,0.056,49.7,9,23.1,0,3,4,0,0,0,0,"2021_9_30_17"
23.433,23.159,1326,191,794,221,2021,9,39,273,30,4,17,1020.8,23.6,23.8,23.6,53,13.4,16.1,8,2.01,16.1,23.6,23.6,23.6,27.4,0,0,231,4.97,278,0,0,0.054,49.1,5,22.7,0,4,12,11,0,0,0,"2021_9_30_17"
22.703,22.211,1660,9,2340,0,2021,9,39,273,30,4,18,1020.6,22.9,23.6,22.9,53,12.9,15.6,6.4,1.61,16.1,22.9,22.8,22.8,25.1,0,0,141,3.03,192,0.2,0,0.048,50.9,2,21.9,0,5,12,11,0,0,0,"2021_9_30_18"
21.68,21.099,1660,351,2397,347,2021,9,39,273,30,4,18,1020.8,22.2,22.9,22.2,56,13,15.6,6.4,1.61,14.5,22.2,22,22,22.8,0,0,71,1.53,97,0,0,0.041,54.7,1,21,0,6,4,0,0,0,0,"2021_9_30_18"
20.72,20.36,1072,14,1740,0,2021,9,39,273,30,4,18,1020.9,21.6,22.3,21.6,61,13.7,16,4.8,1.21,11.3,21.6,21.4,21.4,21.5,0,0,44,0.95,62,0,0,0.034,59.8,1,20.2,0,7,4,0,0,0,0,"2021_9_30_18"
19.882,19.758,1072,346,1816,343,2021,9,39,273,30,4,18,1020.9,20.6,21.6,20.6,65,13.7,15.8,3.2,0.8,6.4,20.6,20.6,20.6,19.5,0,0,21,0.45,33,0,0,0.023,64.3,0,19.2,0,0,4,0,0,0,0,"2021_9_30_18"
19.001,19.001,747,160,0,0,2021,9,39,273,30,4,19,1020.7,19.6,20.5,19.6,68,13.5,15.4,3.2,0.8,6.4,19.6,19.6,19.6,18.3,0,0,6,0.13,11,0.05,0,0.013,68.6,0,18.3,0,1,4,0,0,0,0,"2021_9_30_19"
18.021,17.87,747,200,520,270,2021,9,39,273,30,4,19,1021.1,18.8,19.6,18.8,73,13.9,15.5,1.6,0.4,4.8,18.8,18.9,18.9,17.6,0,0,0,0,0,0,0,0.005,74.9,0,17.5,0,2,4,0,0,0,0,"2021_9_30_19"
17.595,17.843,1326,169,600,180,2021,9,39,273,30,4,19,1021.2,18.1,18.8,18.1,74,13.4,14.9,0,0,3.2,18.1,18.1,18.1,16.8,0,0,0,0,0,0,0.002,0,77.6,0,16.8,0,3,9,0,0,0,0,"2021_9_30_19"
17.198,16.917,1326,191,794,221,2021,9,39,273,30,4,19,1021.4,17.6,18.1,17.6,76,13.3,14.7,0,0,3.2,17.6,17.5,17.5,16.2,0,0,0,0,0,0,0.008,0,80.7,0,16.3,0,4,9,0,0,0,0,"2021_9_30_19"
16.941,16.564,1660,9,2340,0,2021,9,39,273,30,4,20,1021.5,17.2,17.6,17.2,78,13.4,14.7,1.6,0.4,3.2,17.2,17.2,17.2,15.9,0,0,0,0,0,0,0.012,0,84.4,0,16,0,5,12,11,0,0,0,"2021_9_30_20"
16.819,16.201,1660,351,2397,347,2021,9,39,273,30,4,20,1021.5,16.8,17.2,16.7,80,13.3,14.5,1.6,0.4,3.2,16.8,16.8,16.8,15.5,0,0,0,0,0,0,0.016,0,87,0,15.5,0,6,13,10,0,0,0,"2021_9_30_20"
16,15.666,1072,14,1740,0,2021,9,39,273,30,4,20,1021.8,16.6,16.8,16.5,80,13.1,14.3,1.6,0.4,4.8,16.6,16.6,16.6,15.3,0,0,0,0,0,0,0.019,0,87,0,15.2,0,7,11,12,0,0,0,"2021_9_30_20"
15.982,15.722,1072,346,1816,343,2021,9,39,273,30,4,20,1022.2,16.5,16.6,16.4,80,13,14.2,3.2,0.8,6.4,16.5,16.5,16.5,15.2,0,0,0,0,0,0,0.019,0,89.6,0,14.9,0,0,11,12,0,0,0,"2021_9_30_20"
16.11,16.11,747,160,0,0,2021,9,39,273,30,4,21,1022.1,16.4,16.6,16.4,80,12.9,14.1,1.6,0.4,4.8,16.4,16.4,16.4,15.1,0,0,0,0,0,0.03,0.02,0,89.7,0,14.9,0,1,13,12,0,0,0,"2021_9_30_21"
15.523,15.554,747,200,520,270,2021,9,39,273,30,4,21,1022.2,16.1,16.4,16.1,81,12.8,14,0,0,3.2,16.1,16.1,16.1,14.8,0,0,0,0,0,0,0.023,0,89.7,0,14.7,0,2,9,10,0,0,0,"2021_9_30_21"
14.901,15.182,1326,169,600,180,2021,9,39,273,30,4,21,1022.1,15.4,16.1,15.4,84,12.7,13.7,0,0,1.6,15.4,15.4,15.4,14,0,0,0,0,0,0,0.031,0,91.1,0,14.1,0,3,9,10,0,0,0,"2021_9_30_21"
14.722,14.743,1326,191,794,221,2021,9,39,273,30,4,21,1022.2,15.2,15.4,15.2,84,12.5,13.5,0,0,3.2,15.2,15.1,15.1,13.8,0,0,0,0,0,0,0.033,0,92.4,0,13.8,0,4,9,10,0,0,0,"2021_9_30_21"
14.951,14.626,1660,9,2340,0,2021,9,39,273,30,4,22,1022.8,15.1,15.2,15.1,83,12.2,13.3,1.6,0.4,3.2,15.1,15,15,13.7,0,0,0,0,0,0.03,0.034,0,91.9,0,13.9,0,5,13,10,0,0,0,"2021_9_30_22"
15.085,14.506,1660,351,2397,347,2021,9,39,273,30,4,22,1022.7,15,15.2,14.9,84,12.3,13.3,0,0,3.2,15,14.9,14.9,13.6,0,0,0,0,0,0,0.035,0,92,0,13.9,0,6,9,10,0,0,0,"2021_9_30_22"
14.294,14.035,1072,14,1740,0,2021,9,39,273,30,4,22,1022.7,14.2,14.9,14.2,87,12,12.8,1.6,0.4,4.8,14.2,14.2,14.2,12.8,0,0,0,0,0,0,0.043,0,93.6,0,13.5,0,7,0,13,0,0,0,"2021_9_30_22"
13.981,13.924,1072,346,1816,343,2021,9,39,273,30,4,22,1022.9,14,14.2,13.9,88,12,12.8,0,0,1.6,14,14,14,12.6,0,0,0,0,0,0,0.045,0,93.9,0,13.2,0,0,9,1,0,0,0,"2021_9_30_22"
14.327,14.327,747,160,0,0,2021,9,39,273,30,4,23,1023,13.8,14,13.8,88,11.9,12.6,0,0,0,13.8,13.8,13.8,12.4,0,0,0,0,0,0,0.047,0,95.3,0,13.3,0,1,9,8,0,0,0,"2021_9_30_23"
14.36,14.253,747,200,520,270,2021,9,39,273,30,4,23,1023.3,14.2,14.2,13.8,87,12,12.8,1.6,0.4,3.2,14.2,14.2,14.2,12.8,0,0,0,0,0,0,0.043,0,95.3,0,13.5,0,2,0,0,0,0,0,"2021_9_30_23"
14.584,14.442,1326,169,600,180,2021,9,39,273,30,4,23,1023.5,14.8,14.8,14.2,83,11.9,13,1.6,0.4,6.4,14.8,14.7,14.7,13.3,0,0,0,0,0,0,0.037,0,92.1,0,13.4,0,3,11,12,0,0,0,"2021_9_30_23"
15.512,14.856,1326,191,794,221,2021,9,39,273,30,4,23,1023.7,15.6,15.6,14.8,78,11.7,13.1,4.8,1.21,11.3,15.6,15.4,15.4,14,0,0,0,0,0,0,0.029,0,86.4,0,13.9,0,4,13,10,0,0,0,"2021_9_30_23"
15.23,14.493,1660,9,2340,0,2021,10,39,274,1,5,0,1023.9,15.9,15.9,15.6,75,11.5,13,6.4,1.61,12.9,15.9,15.6,15.6,14.2,0,0,0,0,0,0.03,0.025,0,86.2,0,13.9,0,5,11,12,0,0,0,"2021_10_1_0"
15.331,14.412,1660,351,2397,347,2021,10,39,274,1,5,0,1023.6,15.9,15.9,15.8,74,11.3,12.9,6.4,1.61,12.9,15.9,15.6,15.6,14.2,0,0,0,0,0,0,0.025,0,87.2,0,13.7,0,6,11,12,0,0,0,"2021_10_1_0"
15.007,14.559,1072,14,1740,0,2021,10,39,274,1,5,0,1023.6,15.8,15.9,15.8,73,11,12.7,6.4,1.61,12.9,15.8,15.5,15.5,14.1,0,0,0,0,0,0,0.026,0,86.6,0,13.5,0,7,11,10,0,0,0,"2021_10_1_0"
14.574,14.438,1072,346,1816,343,2021,10,39,274,1,5,0,1023.5,15.7,15.9,15.7,73,10.8,12.6,4.8,1.21,11.3,15.7,15.3,15.3,13.9,0,0,0,0,0,0,0.028,0,86.6,0,13.3,0,0,11,10,0,0,0,"2021_10_1_0"
14.822,14.822,747,160,0,0,2021,10,39,274,1,5,1,1023.5,15.6,15.7,15.6,72,10.5,12.3,4.8,1.21,9.7,15.6,15.2,15.2,13.7,0,0,0,0,0,0.03,0.029,0,85.6,0,13.3,0,1,11,11,0,0,0,"2021_10_1_1"
14.399,14.336,747,200,520,270,2021,10,39,274,1,5,1,1023.6,15.3,15.6,15.3,73,10.5,12.2,3.2,0.8,8,15.3,14.9,14.9,13.5,0,0,0,0,0,0,0.032,0,85.1,0,13.1,0,2,13,12,0,0,0,"2021_10_1_1"
14.849,14.61,1326,169,600,180,2021,10,39,274,1,5,1,1023.5,14.9,15.3,14.9,73,10.1,11.9,3.2,0.8,6.4,14.9,14.5,14.5,13.1,0,0,0,0,0,0,0.035,0,79.6,0,13.2,0,3,13,10,0,0,0,"2021_10_1_1"
14.557,14.189,1326,191,794,221,2021,10,39,274,1,5,1,1023.4,14.7,14.9,14.7,73,9.9,11.7,3.2,0.8,6.4,14.7,14.3,14.3,12.9,0,0,0,0,0,0,0.038,0,77.4,0,13.3,0,4,12,11,0,0,0,"2021_10_1_1"
15.2,13.858,1660,9,2340,0,2021,10,39,274,1,5,2,1023.2,14.4,14.7,14.4,73,9.6,11.4,3.2,0.8,6.4,14.4,14,14,12.5,0,0,0,0,0,0.03,0.041,0,72.3,0,13.5,0,5,12,10,0,0,0,"2021_10_1_2"
15.033,13.744,1660,351,2397,347,2021,10,39,274,1,5,2,1023.3,14.4,14.4,14.2,71,9.2,11.1,3.2,0.8,6.4,14.4,13.9,13.9,12.4,0,0,0,0,0,0,0.041,0,73.2,0,13.4,0,6,12,10,0,0,0,"2021_10_1_2"
14.898,13.443,1072,14,1740,0,2021,10,39,274,1,5,2,1023.5,14.8,14.8,14.3,68,8.9,11.1,3.2,0.8,11.3,14.8,14.2,14.2,12.7,0,0,0,0,0,0,0.037,0,74.2,0,13.3,0,7,13,11,0,0,0,"2021_10_1_2"
14.24,13.46,1072,346,1816,343,2021,10,39,274,1,5,2,1023.2,14.7,14.8,14.7,68,8.9,11,3.2,0.8,11.3,14.7,14.2,14.2,12.7,0,0,0,0,0,0,0.038,0,76,0,12.9,0,0,13,10,0,0,0,"2021_10_1_2"
14.078,14.078,747,160,0,0,2021,10,39,274,1,5,3,1023,14.8,14.8,14.7,67,8.7,10.9,4.8,1.21,11.3,14.8,14.2,14.2,12.7,0,0,0,0,0,0.03,0.037,0,76.9,0,12.8,0,1,13,11,0,0,0,"2021_10_1_3"
14.188,14.083,747,200,520,270,2021,10,39,274,1,5,3,1023,14.8,14.8,14.8,67,8.7,10.9,4.8,1.21,9.7,14.8,14.2,14.2,12.7,0,0,0,0,0,0,0.037,0,77.8,0,12.7,0,2,13,10,0,0,0,"2021_10_1_3"
14.17,13.876,1326,169,600,180,2021,10,39,274,1,5,3,1022.8,14.6,14.8,14.6,69,8.9,11,3.2,0.8,9.7,14.6,14,14,12.5,0,0,0,0,0,0,0.039,0,76.2,0,12.5,0,3,13,11,0,0,0,"2021_10_1_3"
13.66,13.403,1326,191,794,221,2021,10,39,274,1,5,3,1022.6,13.8,14.6,13.8,73,9.1,10.9,1.6,0.4,6.4,13.8,13.4,13.4,11.9,0,0,0,0,0,0,0.047,0,77.9,0,12.3,0,4,12,11,0,0,0,"2021_10_1_3"
13.721,12.95,1660,9,2340,0,2021,10,39,274,1,5,4,1022.6,13.2,13.8,13.2,75,8.9,10.6,1.6,0.4,6.4,13.2,12.9,12.9,11.4,0,0,0,0,0,0.03,0.053,0,78.3,0,12.1,0,5,13,10,0,0,0,"2021_10_1_4"
13.889,13.016,1660,351,2397,347,2021,10,39,274,1,5,4,1022.7,13.3,13.3,13.2,76,9.2,10.8,3.2,0.8,9.7,13.3,13,13,11.5,0,0,0,0,0,0,0.052,0,77.8,0,12.3,0,6,12,10,0,0,0,"2021_10_1_4"
14.059,12.941,1072,14,1740,0,2021,10,39,274,1,5,4,1022.7,13.7,13.7,13.3,75,9.4,11,4.8,1.21,14.5,13.7,13.4,13.4,11.9,0,0,0,0,0,0,0.048,0,79.8,0,12.4,0,7,13,10,0,0,0,"2021_10_1_4"
13.934,13.117,1072,346,1816,343,2021,10,39,274,1,5,4,1022.5,14.1,14.1,13.7,75,9.7,11.3,4.8,1.21,14.5,14.1,13.7,13.7,12.3,0,0,0,0,0,0,0.045,0,78.3,0,12.6,0,0,13,10,0,0,0,"2021_10_1_4"
13.601,13.601,747,160,0,0,2021,10,39,274,1,5,5,1022.4,13.7,14.1,13.7,76,9.6,11.2,3.2,0.8,6.4,13.7,13.4,13.4,12,0,0,0,0,0,0.03,0.048,0,82.6,0,12.2,0,1,13,10,0,0,0,"2021_10_1_5"
12.834,12.79,747,200,520,270,2021,10,39,274,1,5,5,1022.4,13.4,13.8,13.4,76,9.2,10.8,1.6,0.4,6.4,13.4,13.1,13.1,11.6,0,0,0,0,0,0,0.052,0,84.6,0,11.6,0,2,11,12,0,0,0,"2021_10_1_5"
12.802,12.847,1326,169,600,180,2021,10,39,274,1,5,5,1022.6,13.2,13.4,13.2,77,9.2,10.8,1.6,0.4,4.8,13.2,12.9,12.9,11.4,0,0,0,0,0,0,0.054,0,83.1,0,11.6,0,3,13,10,0,0,0,"2021_10_1_5"
12.048,12.083,1326,191,794,221,2021,10,39,274,1,5,5,1022.2,12.7,13.2,12.7,79,9.1,10.5,0,0,3.2,12.7,12.5,12.5,11,0,0,0,0,0,0,0.059,0,86.7,0,11.1,0,4,9,0,0,0,0,"2021_10_1_5"
11.382,11.167,1660,9,2340,0,2021,10,39,274,1,5,6,1022.2,12.1,12.7,12.1,81,8.9,10.2,0,0,3.2,12.1,12,12,10.5,0,0,0,0,0,0.03,0.065,0,90.2,0,10.5,0,5,9,0,0,0,0,"2021_10_1_6"
11.149,10.945,1660,351,2397,347,2021,10,39,274,1,5,6,1022.2,11.7,12.1,11.7,82,8.7,9.9,0,0,1.6,11.7,11.5,11.5,10,0,0,0,0,0,0,0.069,0,92.3,0,10.1,0,6,9,0,0,0,0,"2021_10_1_6"
11.111,10.989,1072,14,1740,0,2021,10,39,274,1,5,6,1022.4,11.7,11.7,11.4,81,8.5,9.8,1.6,0.4,6.4,11.7,11.5,11.5,10,0,0,0,0,0,0,0.069,0,92.4,0,10.1,0,7,4,10,0,0,0,"2021_10_1_6"
10.672,10.673,1072,346,1816,343,2021,10,39,274,1,5,6,1022.1,11.6,11.8,11.6,81,8.5,9.8,0,0,1.6,11.6,11.5,11.5,10,0,0,0,0,0,0,0.07,0,92.9,0,9.9,0,0,9,10,0,0,0,"2021_10_1_6"
10.443,10.443,747,160,0,0,2021,10,39,274,1,5,7,1022.2,11.3,11.6,11.3,81,8.1,9.4,0,0,1.6,11.3,11.2,11.2,9.6,0,0,0,0,0,0.03,0.073,0,93,0,9.7,0,1,9,10,0,0,0,"2021_10_1_7"
10.449,10.689,747,200,520,270,2021,10,39,274,1,5,7,1022.5,10.9,11.3,10.9,83,8.2,9.3,0,0,3.2,10.9,10.9,10.9,9.4,0,0,0,0,0,0,0.077,0,94.2,0,9.4,0,2,9,10,0,0,0,"2021_10_1_7"
10.475,10.73,1326,169,600,180,2021,10,39,274,1,5,7,1022.6,10.4,10.9,10.4,86,8.1,9.1,0,0,3.2,10.4,10.4,10.4,9,0,0,7,0.15,12,0,0.083,0,95.6,0,9.5,0,3,9,11,0,0,0,"2021_10_1_7"
11.224,11.073,1326,191,794,221,2021,10,39,274,1,5,7,1023,10.8,10.8,10.3,85,8.4,9.4,1.6,0.4,3.2,10.8,10.8,10.8,9.5,0,0,17,0.37,21,0,0.079,0,92.8,1,10.1,0,4,4,0,0,0,0,"2021_10_1_7"
12.081,11.88,1660,9,2340,0,2021,10,39,274,1,5,8,1022.9,11.7,11.7,10.8,84,9.1,10.2,0,0,3.2,11.7,11.6,11.6,11.2,0,0,27,0.58,33,0,0.069,0,92.1,1,10.7,0,5,9,0,0,0,0,"2021_10_1_8"
14.217,13.586,1660,351,2397,347,2021,10,39,274,1,5,8,1023.4,13.4,13.4,11.7,77,9.5,11,3.2,0.8,9.7,13.4,13.2,13.2,13.4,0,0,50,1.08,65,0,0.051,0,85.5,2,12.2,0,6,12,10,0,0,0,"2021_10_1_8"
14.931,14.689,1072,14,1740,0,2021,10,39,274,1,5,8,1023.5,14.8,14.8,13.4,76,10.6,12.1,1.6,0.4,6.4,14.8,14.5,14.5,15.5,0,0,87,1.87,107,0,0.037,0,84.5,3,13.3,0,7,4,11,0,0,0,"2021_10_1_8"
15.924,15.609,1072,346,1816,343,2021,10,39,274,1,5,8,1023.4,15.6,15.6,14.8,72,10.6,12.4,1.6,0.4,4.8,15.6,15.2,15.2,17.1,0,0,129,2.77,148,0,0.028,0,78.7,4,14.2,0,0,12,11,0,0,0,"2021_10_1_8"
16.625,16.625,747,160,0,0,2021,10,39,274,1,5,9,1023.5,16.3,16.3,15.6,70,10.8,12.8,3.2,0.8,6.4,16.3,15.9,15.9,18.6,0,0,171,3.68,193,0.08,0.021,0,76.3,5,15.1,0,1,12,11,0,0,0,"2021_10_1_9"
17.605,17.778,747,200,520,270,2021,10,39,274,1,5,9,1023.5,17,17,16.4,66,10.6,12.8,3.2,0.8,11.3,17,16.6,16.6,19.8,0,0,215,4.62,230,0,0.014,0,72.6,6,15.9,0,2,13,10,0,0,0,"2021_10_1_9"
18.513,17.723,1326,169,600,180,2021,10,39,274,1,5,9,1023.3,17.4,17.4,17,65,10.7,13,4.8,1.21,11.3,17.4,17,17,20.6,0,0,252,5.42,272,0,0.01,0,66.1,7,16.7,0,3,13,11,0,0,0,"2021_10_1_9"
20.707,19.479,1326,191,794,221,2021,10,39,274,1,5,9,1023.1,18.1,18.1,17.4,62,10.7,13.1,6.4,1.61,14.5,18.1,17.6,17.6,21.9,0,0,307,6.6,332,0,0.003,0,64.9,8,17.9,0,4,13,11,0,0,0,"2021_10_1_9"
20.646,19.529,1660,9,2340,0,2021,10,39,274,1,5,10,1023.2,18.4,18.4,18.1,60,10.5,13.1,8,2.01,16.1,18.4,17.9,17.9,22.6,0,0,351,7.55,362,0.18,0,0.001,58.1,10,18.7,0,5,13,11,0,0,0,"2021_10_1_10"
20.971,21.236,1660,351,2397,347,2021,10,39,274,1,5,10,1023.2,18.7,18.7,18.4,59,10.5,13.2,8,2.01,16.1,18.7,18.2,18.2,23,0,0,375,8.07,396,0,0,0.004,59.2,13,19.3,0,6,12,11,0,0,0,"2021_10_1_10"
21.479,22.108,1072,14,1740,0,2021,10,39,274,1,5,10,1023.2,19.2,19.2,18.7,57,10.4,13.2,8,2.01,17.7,19.2,18.6,18.6,23.7,0,0,414,8.91,438,0,0,0.009,55.9,28,19.9,0,7,13,10,0,0,0,"2021_10_1_10"
22.179,22.694,1072,346,1816,343,2021,10,39,274,1,5,10,1023.1,19.5,19.5,19.1,56,10.5,13.3,8,2.01,16.1,19.5,19,19,24.2,0,0,451,9.7,466,0,0,0.012,54.2,12,20.5,0,0,12,10,0,0,0,"2021_10_1_10"
22.534,22.534,747,160,0,0,2021,10,39,274,1,5,11,1023.1,20.1,20.1,19.5,53,10.2,13.2,8,2.01,17.7,20.1,19.4,19.4,24.9,0,0,490,10.54,513,0.3,0,0.018,54.5,13,21.2,0,1,13,11,0,0,0,"2021_10_1_11"
22.845,26.61,747,200,520,270,2021,10,39,274,1,5,11,1023,20.2,20.2,20.1,53,10.3,13.3,9.7,2.41,19.3,20.2,19.5,19.5,25.1,0,0,521,11.21,533,0,0,0.019,52.8,14,21.7,0,2,12,11,0,0,0,"2021_10_1_11"
23.411,21.979,1326,169,600,180,2021,10,39,274,1,5,11,1023,20.6,20.6,20.2,52,10.4,13.4,8,2.01,17.7,20.6,19.8,19.8,25.5,0,0,544,11.7,564,0,0,0.023,53.3,13,22.4,0,3,13,10,0,0,0,"2021_10_1_11"
23.833,25.043,1326,191,794,221,2021,10,39,274,1,5,11,1022.9,20.8,20.9,20.6,50,10,13.2,8,2.01,17.7,20.8,19.9,19.9,25.6,0,0,569,12.24,582,0,0,0.025,44.9,14,22.5,0,4,4,0,0,0,0,"2021_10_1_11"
24.526,23,1660,9,2340,0,2021,10,39,274,1,5,12,1022.9,21.2,21.2,20.8,51,10.7,13.8,6.4,1.61,16.1,21.2,20.4,20.4,26.2,0,0,590,12.69,601,0.38,0,0.03,45.6,14,23.1,0,5,4,11,0,0,0,"2021_10_1_12"
24.548,24.478,1660,351,2397,347,2021,10,39,274,1,5,12,1022.7,21.4,21.4,21.2,50,10.6,13.7,6.4,1.61,16.1,21.4,20.6,20.6,26.5,0,0,608,13.08,622,0,0,0.032,45.1,14,23.3,0,6,4,0,0,0,0,"2021_10_1_12"
23.958,23.797,1072,14,1740,0,2021,10,39,274,1,5,12,1022.2,21.5,21.6,21.3,49,10.3,13.6,6.4,1.61,16.1,21.5,20.7,20.7,26.5,0,0,625,13.44,633,0,0,0.033,44,14,23.8,0,7,4,11,0,0,0,"2021_10_1_12"
25.158,24.529,1072,346,1816,343,2021,10,39,274,1,5,12,1022.2,21.8,21.8,21.5,48,10.3,13.6,6.4,1.61,12.9,21.8,21,21,26.9,0,0,641,13.79,647,0,0,0.036,44,14,24.1,0,0,4,10,0,0,0,"2021_10_1_12"
25.516,25.516,747,160,0,0,2021,10,39,274,1,5,13,1022.3,21.9,22.1,21.8,44,9.1,12.8,4.8,1.21,12.9,21.9,21,21,26.9,0,0,648,13.94,654,0.43,0,0.038,41.4,14,24.8,0,1,4,13,0,0,0,"2021_10_1_13"
25.434,25.851,747,200,520,270,2021,10,39,274,1,5,13,1022.1,22.3,22.3,21.9,44,9.5,13.1,4.8,1.21,16.1,22.3,21.6,21.6,27.5,0,0,657,14.13,659,0,0,0.042,43.7,14,25.1,0,2,4,0,0,0,0,"2021_10_1_13"
24.591,24.226,1326,169,600,180,2021,10,39,274,1,5,13,1021.7,22.3,22.3,22.2,44,9.5,13.1,6.4,1.61,16.1,22.3,21.6,21.6,27.5,0,0,655,14.09,659,0,0,0.042,38,14,25.1,0,3,4,0,0,0,0,"2021_10_1_13"
24.683,22.955,1326,191,794,221,2021,10,39,274,1,5,13,1021.6,22.5,22.5,22.3,43,9.3,13,4.8,1.21,12.9,22.5,21.8,21.8,27.7,0,0,652,14.03,657,0,0,0.043,42,14,25.6,0,4,0,13,0,0,0,"2021_10_1_13"
25.708,24.723,1660,9,2340,0,2021,10,39,274,1,5,14,1021.3,22.6,22.7,22.4,43,9.4,13.1,6.4,1.61,14.5,22.6,21.9,21.9,27.8,0,0,649,13.96,650,0.43,0,0.045,42.7,15,26.3,0,5,0,1,0,0,0,"2021_10_1_14"
25.24,24.826,1660,351,2397,347,2021,10,39,274,1,5,14,1021.2,22.7,22.7,22.6,45,10.1,13.6,6.4,1.61,14.5,22.7,22.1,22.1,28,0,0,640,13.77,649,0,0,0.045,38.2,15,26.8,0,6,1,1,0,0,0,"2021_10_1_14"
26.876,24.812,1072,14,1740,0,2021,10,39,274,1,5,14,1021.1,22.9,22.9,22.7,44,10,13.6,4.8,1.21,12.9,22.9,22.4,22.4,28.3,0,0,625,13.44,633,0,0,0.048,38.2,21,27.8,0,7,4,0,0,0,0,"2021_10_1_14"
23.934,24.705,1072,346,1816,343,2021,10,39,274,1,5,14,1020.7,23.1,23.2,22.9,41,9.1,12.9,4.8,1.21,14.5,23.1,22.4,22.4,28.2,0,0,607,13.06,617,0,0,0.049,40.4,32,27.7,0,0,4,0,0,0,0,"2021_10_1_14"
25.39,25.39,747,160,0,0,2021,10,39,274,1,5,15,1020.5,23.3,23.5,23.1,43,10,13.6,3.2,0.8,12.9,23.3,22.8,22.8,28.6,0,0,587,12.63,596,0.41,0,0.052,43.4,32,27.8,0,1,2,3,0,0,0,"2021_10_1_15"
26.164,26.271,747,200,520,270,2021,10,39,274,1,5,15,1020.7,22.9,23.3,22.8,45,10.3,13.8,6.4,1.61,14.5,22.9,22.4,22.4,28.2,0,0,563,12.11,577,0,0,0.047,42.9,29,27.3,0,2,1,2,0,0,0,"2021_10_1_15"
26.01,30.55,1326,169,600,180,2021,10,39,274,1,5,15,1020.5,23.2,23.2,22.9,43,9.9,13.5,4.8,1.21,12.9,23.2,22.6,22.6,28.3,0,0,532,11.44,550,0,0,0.05,39.7,17,26.3,0,3,1,3,0,0,0,"2021_10_1_15"
25.872,24.697,1326,191,794,221,2021,10,39,274,1,5,15,1020,23.3,23.3,23.2,43,10,13.6,3.2,0.8,14.5,23.3,22.8,22.8,28.3,0,0,505,10.86,520,0,0,0.052,38.6,21,25.5,0,4,1,0,0,0,0,"2021_10_1_15"
25.019,25.486,1660,9,2340,0,2021,10,39,274,1,5,16,1019.9,23.3,23.4,23.3,47,11.4,14.6,3.2,0.8,11.3,23.3,23.1,23.1,28.6,0,0,473,10.17,489,0.36,0,0.052,44.9,16,24.6,0,5,4,0,0,0,0,"2021_10_1_16"
25.318,24.469,1660,351,2397,347,2021,10,39,274,1,5,16,1019.8,23.4,23.4,23.3,45,10.8,14.2,3.2,0.8,9.7,23.4,23.1,23.1,28.4,0,0,440,9.46,457,0,0,0.053,46.8,18,24.2,0,6,3,1,0,0,0,"2021_10_1_16"
24.702,24.631,1072,14,1740,0,2021,10,39,274,1,5,16,1019.5,23.4,23.7,23.4,43,10.1,13.7,3.2,0.8,8,23.4,22.9,22.9,28,0,0,400,8.6,418,0,0,0.053,50.9,11,23.4,0,7,4,0,0,0,0,"2021_10_1_16"
23.854,23.561,1072,346,1816,343,2021,10,39,274,1,5,16,1019.4,23.4,23.5,23.3,42,9.8,13.5,3.2,0.8,8,23.4,22.9,22.9,27.7,0,0,362,7.79,378,0,0,0.053,47.4,8,23,0,0,4,13,0,0,0,"2021_10_1_16"
23.799,23.799,747,160,0,0,2021,10,39,274,1,5,17,1019.1,23.2,23.4,23.2,43,9.9,13.5,3.2,0.8,8,23.2,22.7,22.7,27.2,0,0,320,6.88,341,0.25,0,0.051,49.5,6,22.2,0,1,3,1,0,0,0,"2021_10_1_17"
23.207,23.192,747,200,520,270,2021,10,39,274,1,5,17,1018.9,23.2,23.3,23.2,43,9.9,13.5,1.6,0.4,6.4,23.2,22.7,22.7,26.8,0,0,277,5.96,295,0,0,0.051,56,5,21.8,0,2,0,13,0,0,0,"2021_10_1_17"
22.652,22.717,1326,169,600,180,2021,10,39,274,1,5,17,1018.9,23.3,23.3,23.2,44,10.3,13.8,1.6,0.4,4.8,23.3,22.8,22.8,26.4,0,0,235,5.06,255,0,0,0.052,65.3,5,21.4,0,3,3,4,0,0,0,"2021_10_1_17"
21.604,21.021,1326,191,794,221,2021,10,39,274,1,5,17,1018.8,22.9,23.3,22.9,45,10.4,13.8,3.2,0.8,8,22.9,22.5,22.5,25.5,0,0,190,4.09,213,0,0,0.048,65.2,4,20.6,0,4,1,13,0,0,0,"2021_10_1_17"
20.831,20.393,1660,9,2340,0,2021,10,39,274,1,5,18,1018.8,22.6,22.9,22.5,45,10,13.5,1.6,0.4,4.8,22.6,21.9,21.9,24.1,0,0,139,2.99,162,0.15,0,0.044,76.6,2,19.9,0,5,0,1,0,0,0,"2021_10_1_18"
20.176,19.5,1660,351,2397,347,2021,10,39,274,1,5,18,1018.7,23,23.1,22.6,53,12.9,15.7,0,0,1.6,23,22.9,22.9,24.2,0,0,92,1.98,113,0,0,0.049,83.8,2,19.2,0,6,9,3,0,0,0,"2021_10_1_18"
19.02,18.378,1072,14,1740,0,2021,10,39,274,1,5,18,1018.5,22.1,23.1,22.1,57,13.2,15.7,0,0,1.6,22.1,21.9,21.9,22.3,0,0,52,1.12,69,0,0,0.039,82.9,1,18.4,0,7,9,3,0,0,0,"2021_10_1_18"
17.84,17.369,1072,346,1816,343,2021,10,39,274,1,5,18,1018.4,20.7,22.1,20.7,60,12.6,15,0,0,0,20.7,20.4,20.4,19.3,0,0,22,0.47,35,0,0,0.024,81.6,0,17.4,0,0,9,8,0,0,0,"2021_10_1_18"
16.857,16.857,747,160,0,0,2021,10,39,274,1,5,19,1018.1,19.3,20.7,19.3,66,12.8,14.8,0,0,0,19.3,19.2,19.2,17.8,0,0,3,0.06,9,0.03,0,0.01,91,0,16.5,0,1,9,8,0,0,0,"2021_10_1_19"
16.283,16.502,747,200,520,270,2021,10,39,274,1,5,19,1018.5,18.2,19.3,18.2,70,12.6,14.4,0,0,0,18.2,18,18,16.6,0,0,0,0,0,0,0.002,0,94.3,0,15.9,0,2,9,8,0,0,0,"2021_10_1_19"
15.637,15.69,1326,169,600,180,2021,10,39,274,1,5,19,1018.5,17.3,18.2,17.2,74,12.6,14.2,0,0,0,17.3,17.1,17.1,15.8,0,0,0,0,0,0,0.011,0,95.7,0,15.4,0,3,9,8,0,0,0,"2021_10_1_19"
15.115,15.557,1326,191,794,221,2021,10,39,274,1,5,19,1018.4,16.3,17.2,16.3,79,12.6,13.9,0,0,0,16.3,16.2,16.2,14.8,0,0,0,0,0,0,0.021,0,95.5,0,14.8,0,4,9,8,0,0,0,"2021_10_1_19"
14.72,15.018,1660,9,2340,0,2021,10,39,274,1,5,20,1018.5,15.3,16.3,15.3,83,12.4,13.4,0,0,0,15.3,15.2,15.2,13.8,0,0,0,0,0,0,0.032,0,97.3,0,14.4,0,5,9,8,0,0,0,"2021_10_1_20"
14.468,14.674,1660,351,2397,347,2021,10,39,274,1,5,20,1018.6,14.6,15.3,14.6,85,12.1,13,0,0,0,14.6,14.6,14.6,13.2,0,0,0,0,0,0,0.039,0,99,0,14.3,0,6,9,8,0,0,0,"2021_10_1_20"
14.201,14.029,1072,14,1740,0,2021,10,39,274,1,5,20,1018.7,14.1,14.6,14.1,86,11.7,12.6,0,0,0,14.1,14,14,12.6,0,0,0,0,0,0,0.045,0,98,0,13.8,0,7,9,8,0,0,0,"2021_10_1_20"
13.927,13.629,1072,346,1816,343,2021,10,39,274,1,5,20,1018.8,13.8,14.1,13.7,86,11.5,12.4,1.6,0.4,3.2,13.8,13.7,13.7,12.3,0,0,0,0,0,0,0.047,0,98.4,0,13.3,0,0,10,3,0,0,0,"2021_10_1_20"
13.511,13.511,747,160,0,0,2021,10,39,274,1,5,21,1018.7,13.8,13.8,13.7,84,11.1,12.1,0,0,1.6,13.8,13.7,13.7,12.2,0,0,0,0,0,0,0.047,0,98.6,0,13,0,1,9,14,0,0,0,"2021_10_1_21"
13.303,13.586,747,200,520,270,2021,10,39,274,1,5,21,1018.9,13.5,13.8,13.5,85,11,12,0,0,1.6,13.5,13.4,13.4,11.9,0,0,0,0,0,0,0.05,0,99.8,0,12.8,0,2,9,14,0,0,0,"2021_10_1_21"
12.947,13.228,1326,169,600,180,2021,10,39,274,1,5,21,1018.7,12.9,13.5,12.9,87,10.8,11.7,0,0,0,12.9,12.9,12.9,11.5,0,0,0,0,0,0,0.056,0,100,0,12.6,0,3,9,8,0,0,0,"2021_10_1_21"
12.969,13.413,1326,191,794,221,2021,10,39,274,1,5,21,1018.8,12.6,12.9,12.6,89,10.8,11.5,0,0,1.6,12.6,12.6,12.6,11.1,0,0,0,0,0,0,0.06,0,100,0,12.5,0,4,9,9,0,0,0,"2021_10_1_21"
12.788,12.852,1660,9,2340,0,2021,10,39,274,1,5,22,1018.9,12.4,12.6,12.4,89,10.6,11.3,0,0,6.4,12.4,12.4,12.4,11,0,0,0,0,0,0,0.062,0,100,0,12.2,0,5,9,0,0,0,0,"2021_10_1_22"
12.791,12.663,1660,351,2397,347,2021,10,39,274,1,5,22,1018.8,12.1,12.4,12.1,89,10.3,11,1.6,0.4,4.8,12.1,12.1,12.1,10.6,0,0,0,0,0,0,0.065,0,100,0,12,0,6,4,0,0,0,0,"2021_10_1_22"
12.654,12.292,1072,14,1740,0,2021,10,39,274,1,5,22,1018.7,12.1,12.1,12,89,10.3,11,0,0,3.2,12.1,12.1,12.1,10.6,0,0,0,0,0,0,0.065,0,100,0,11.8,0,7,9,1,0,0,0,"2021_10_1_22"
12.32,12.21,1072,346,1816,343,2021,10,39,274,1,5,22,1018.8,11.8,12.1,11.8,89,10,10.7,0,0,0,11.8,11.8,11.8,10.3,0,0,0,0,0,0,0.068,0,100,0,11.7,0,0,9,8,0,0,0,"2021_10_1_22"
12.23,12.23,747,160,0,0,2021,10,39,274,1,5,23,1018.8,11.4,11.8,11.4,90,9.9,10.5,0,0,0,11.4,11.5,11.5,10,0,0,0,0,0,0,0.072,0,100,0,11.6,0,1,9,8,0,0,0,"2021_10_1_23"
12.057,12.234,747,200,520,270,2021,10,39,274,1,5,23,1018.8,11.2,11.4,11.2,91,9.8,10.3,0,0,0,11.2,11.3,11.3,9.8,0,0,0,0,0,0,0.075,0,100,0,11.7,0,2,9,8,0,0,0,"2021_10_1_23"
11.963,12.046,1326,169,600,180,2021,10,39,274,1,5,23,1018.7,11.2,11.2,11.1,92,9.9,10.4,0,0,0,11.2,11.3,11.3,9.8,0,0,0,0,0,0,0.075,0,100,0,11.5,0,3,9,8,0,0,0,"2021_10_1_23"
11.909,12.098,1326,191,794,221,2021,10,39,274,1,5,23,1018.7,11.1,11.2,11.1,93,10,10.4,0,0,0,11.1,11.2,11.2,9.7,0,0,0,0,0,0,0.076,0,100,0,11.3,0,4,9,8,0,0,0,"2021_10_1_23"
11.757,11.869,1660,9,2340,0,2021,10,39,275,2,6,0,1018.7,11.1,11.1,11.1,92,9.8,10.3,0,0,0,11.1,11.2,11.2,9.7,0,0,0,0,0,0,0.076,0,100,0,11.2,0,5,9,8,0,0,0,"2021_10_2_0"
11.639,11.491,1660,351,2397,347,2021,10,39,275,2,6,0,1018.6,10.9,11.1,10.9,92,9.6,10.2,0,0,0,10.9,11,11,9.6,0,0,0,0,0,0,0.078,0,100,0,11,0,6,9,8,0,0,0,"2021_10_2_0"
11.447,11.374,1072,14,1740,0,2021,10,39,275,2,6,0,1018.6,10.8,10.9,10.8,92,9.6,10.1,0,0,0,10.8,11,11,9.5,0,0,0,0,0,0,0.078,0,100,0,10.9,0,7,9,8,0,0,0,"2021_10_2_0"
11.361,11.542,1072,346,1816,343,2021,10,39,275,2,6,0,1018.6,10.6,10.8,10.6,92,9.4,9.9,0,0,0,10.6,10.8,10.8,9.3,0,0,0,0,0,0,0.08,0,100,0,10.8,0,0,9,8,0,0,0,"2021_10_2_0"
11.276,11.276,747,160,0,0,2021,10,39,275,2,6,1,1018.5,10.4,10.6,10.4,93,9.3,9.8,0,0,0,10.4,10.6,10.6,9.1,0,0,0,0,0,0,0.083,0,100,0,10.7,0,1,9,8,0,0,0,"2021_10_2_1"
11.049,11.203,747,200,520,270,2021,10,39,275,2,6,1,1018.5,10.3,10.4,10.2,93,9.2,9.7,0,0,0,10.3,10.5,10.5,9,0,0,0,0,0,0,0.084,0,100,0,10.5,0,2,9,8,0,0,0,"2021_10_2_1"
10.974,11.154,1326,169,600,180,2021,10,39,275,2,6,1,1018.6,10.2,10.3,10.2,93,9.1,9.6,0,0,0,10.2,10.4,10.4,8.9,0,0,0,0,0,0,0.085,0,100,0,10.4,0,3,9,8,0,0,0,"2021_10_2_1"
11.163,11.598,1326,191,794,221,2021,10,39,275,2,6,1,1018.6,10.1,10.2,10.1,94,9.1,9.5,0,0,0,10.1,10.3,10.3,8.8,0,0,0,0,0,0,0.086,0,100,0,10.4,0,4,9,8,0,0,0,"2021_10_2_1"
10.858,11.108,1660,9,2340,0,2021,10,39,275,2,6,2,1018.5,10,10.1,9.9,93,8.9,9.4,0,0,0,10,10.2,10.2,8.7,0,0,0,0,0,0,0.087,0,100,0,10.4,0,5,9,8,0,0,0,"2021_10_2_2"
10.793,10.806,1660,351,2397,347,2021,10,39,275,2,6,2,1018.4,9.9,10,9.9,94,9,9.4,0,0,0,9.9,10.2,10.2,8.7,0,0,0,0,0,0,0.087,0,100,0,10.2,0,6,9,8,0,0,0,"2021_10_2_2"
10.625,10.802,1072,14,1740,0,2021,10,39,275,2,6,2,1018.4,9.8,10,9.8,94,8.9,9.3,0,0,3.2,9.8,10.1,10.1,8.6,0,0,0,0,0,0,0.089,0,100,0,10,0,7,9,1,0,0,0,"2021_10_2_2"
10.924,10.846,1072,346,1816,343,2021,10,39,275,2,6,2,1018.5,9.9,9.9,9.7,96,9.3,9.6,1.6,0.4,3.2,9.9,10.2,10.2,8.7,0,0,0,0,0,0,0.087,0,100,0,10.2,0,0,1,3,0,0,0,"2021_10_2_2"
10.809,10.809,747,160,0,0,2021,10,39,275,2,6,3,1018.4,10.3,10.3,9.9,95,9.5,9.8,0,0,1.6,10.3,10.5,10.5,9,0,0,0,0,0,0,0.084,0,100,0,10.2,0,1,9,3,0,0,0,"2021_10_2_3"
10.93,10.806,747,200,520,270,2021,10,39,275,2,6,3,1018.1,10.2,10.3,10.2,93,9.1,9.6,0,0,1.6,10.2,10.4,10.4,8.9,0,0,0,0,0,0,0.085,0,100,0,10.2,0,2,9,1,0,0,0,"2021_10_2_3"
10.712,10.771,1326,169,600,180,2021,10,39,275,2,6,3,1018.1,10.1,10.2,10.1,94,9.1,9.5,0,0,0,10.1,10.3,10.3,8.8,0,0,0,0,0,0,0.086,0,100,0,10.1,0,3,9,8,0,0,0,"2021_10_2_3"
10.591,10.94,1326,191,794,221,2021,10,39,275,2,6,3,1017.9,9.9,10.1,9.9,94,9,9.4,0,0,1.6,9.9,10.2,10.2,8.7,0,0,0,0,0,0,0.087,0,100,0,9.8,0,4,9,1,0,0,0,"2021_10_2_3"
10.744,10.519,1660,9,2340,0,2021,10,39,275,2,6,4,1017.7,9.9,9.9,9.8,94,9,9.4,0,0,1.6,9.9,10.1,10.1,8.6,0,0,0,0,0,0,0.088,0,100,0,9.9,0,5,9,1,0,0,0,"2021_10_2_4"
10.436,10.505,1660,351,2397,347,2021,10,39,275,2,6,4,1017.7,9.7,9.9,9.7,95,8.9,9.2,0,0,0,9.7,9.9,9.9,8.4,0,0,0,0,0,0,0.09,0,100,0,9.7,0,6,9,8,0,0,0,"2021_10_2_4"
10.283,10.026,1072,14,1740,0,2021,10,39,275,2,6,4,1017.8,9.6,9.7,9.6,95,8.8,9.1,0,0,0,9.6,9.8,9.8,8.3,0,0,0,0,0,0,0.091,0,100,0,9.6,0,7,9,8,0,0,0,"2021_10_2_4"
10.316,10.25,1072,346,1816,343,2021,10,39,275,2,6,4,1017.6,9.5,9.6,9.4,95,8.7,9.1,0,0,0,9.5,9.8,9.8,8.2,0,0,0,0,0,0,0.092,0,100,0,9.6,0,0,9,8,0,0,0,"2021_10_2_4"
10.441,10.441,747,160,0,0,2021,10,39,275,2,6,5,1017.5,9.4,9.5,9.4,95,8.7,9,0,0,1.6,9.4,9.7,9.7,8.2,0,0,0,0,0,0,0.093,0,100,0,9.6,0,1,9,1,0,0,0,"2021_10_2_5"
10.51,10.831,747,200,520,270,2021,10,39,275,2,6,5,1017.4,9.7,9.7,9.4,95,8.9,9.2,0,0,0,9.7,9.9,9.9,8.4,0,0,0,0,0,0,0.09,0,100,0,9.6,0,2,9,8,0,0,0,"2021_10_2_5"
10.464,10.58,1326,169,600,180,2021,10,39,275,2,6,5,1017.3,9.6,9.7,9.6,95,8.8,9.2,0,0,0,9.6,9.9,9.9,8.3,0,0,0,0,0,0,0.091,0,100,0,9.7,0,3,9,8,0,0,0,"2021_10_2_5"
10.413,10.896,1326,191,794,221,2021,10,39,275,2,6,5,1017.3,9.7,9.7,9.6,96,9.1,9.4,0,0,0,9.7,10,10,8.5,0,0,0,0,0,0,0.09,0,100,0,9.6,0,4,9,8,0,0,0,"2021_10_2_5"
10.311,10.684,1660,9,2340,0,2021,10,39,275,2,6,6,1017.2,9.7,9.8,9.7,95,9,9.3,0,0,0,9.7,10,10,8.5,0,0,0,0,0,0,0.09,0,100,0,9.6,0,5,9,8,0,0,0,"2021_10_2_6"
10.392,10.079,1660,351,2397,347,2021,10,39,275,2,6,6,1017.2,9.6,9.7,9.6,96,8.9,9.2,0,0,0,9.6,9.8,9.8,8.3,0,0,0,0,0,0,0.091,0,100,0,9.5,0,6,9,8,0,0,0,"2021_10_2_6"
10.144,10.193,1072,14,1740,0,2021,10,39,275,2,6,6,1017,9.6,9.7,9.6,95,8.8,9.1,0,0,0,9.6,9.8,9.8,8.3,0,0,0,0,0,0,0.091,0,100,0,9.3,0,7,9,8,0,0,0,"2021_10_2_6"
10.188,9.915,1072,346,1816,343,2021,10,39,275,2,6,6,1017,9.4,9.6,9.4,96,8.8,9.1,0,0,0,9.4,9.7,9.7,8.2,0,0,0,0,0,0,0.093,0,100,0,9.3,0,0,9,8,0,0,0,"2021_10_2_6"
10.112,10.112,747,160,0,0,2021,10,39,275,2,6,7,1017.1,9.4,9.4,9.4,96,8.8,9.1,0,0,1.6,9.4,9.7,9.7,8.2,0,0,0,0,0,0,0.093,0,100,0,9.2,0,1,9,1,0,0,0,"2021_10_2_7"
10.357,10.368,747,200,520,270,2021,10,39,275,2,6,7,1017.2,9.6,9.6,9.4,96,8.9,9.2,0,0,1.6,9.6,9.8,9.8,8.4,0,0,2,0.04,5,0,0.091,0,100,0,9.3,0,2,9,1,0,0,0,"2021_10_2_7"
10.53,10.793,1326,169,600,180,2021,10,39,275,2,6,7,1017.2,9.5,9.6,9.4,96,8.9,9.2,0,0,0,9.5,9.8,9.8,8.4,0,0,8,0.17,11,0,0.092,0,100,0,9.5,0,3,9,8,0,0,0,"2021_10_2_7"
11.017,10.933,1326,191,794,221,2021,10,39,275,2,6,7,1017.5,9.7,9.7,9.4,96,9.1,9.3,0,0,0,9.7,10,10,8.7,0,0,17,0.37,23,0,0.09,0,100,1,9.7,0,4,9,8,0,0,0,"2021_10_2_7"
11.218,11.276,1660,9,2340,0,2021,10,39,275,2,6,8,1017.7,10.2,10.2,9.7,97,9.8,10,0,0,3.2,10.2,10.5,10.5,9.4,0,0,29,0.62,37,0,0.084,0,100,1,10.3,0,5,9,1,0,0,0,"2021_10_2_8"
12.844,13.111,1660,351,2397,347,2021,10,39,275,2,6,8,1017.9,11,11,10.2,97,10.5,10.7,0,0,1.6,11,11.3,11.3,11.5,0,0,51,1.1,60,0,0.076,0,100,2,11.5,0,6,9,1,0,0,0,"2021_10_2_8"
13.342,13.097,1072,14,1740,0,2021,10,39,275,2,6,8,1017.9,11.8,11.8,11,97,11.4,11.6,0,0,0,11.8,12.1,12.1,12.7,0,0,67,1.44,74,0,0.068,0,100,1,12.1,0,7,9,8,0,0,0,"2021_10_2_8"
13.586,13.515,1072,346,1816,343,2021,10,39,275,2,6,8,1017.9,12.4,12.4,11.8,94,11.5,11.9,0,0,1.6,12.4,12.6,12.6,13.2,0,0,68,1.46,91,0,0.061,0,100,2,12.3,0,0,9,1,0,0,0,"2021_10_2_8"
14.859,14.859,747,160,0,0,2021,10,39,275,2,6,9,1018.1,13.1,13.2,12.4,93,12,12.4,0,0,1.6,13.1,13.2,13.2,14.7,0,0,109,2.34,127,0.03,0.054,0,100,3,13.3,0,1,9,1,0,0,0,"2021_10_2_9"
16.132,16.85,747,200,520,270,2021,10,39,275,2,6,9,1018.5,14,14,13.1,91,12.6,13.1,0,0,3.2,14,14.1,14.1,16.5,0,0,163,3.51,227,0,0.045,0,100,3,14.1,0,2,9,1,0,0,0,"2021_10_2_9"
16.944,16.329,1326,169,600,180,2021,10,39,275,2,6,9,1018.7,15.3,15.3,14,83,12.5,13.5,3.2,0.8,4.8,15.3,15.3,15.3,18.8,0,0,235,5.06,267,0,0.031,0,95.9,5,15.1,0,3,12,11,0,0,0,"2021_10_2_9"
18.6,17.697,1326,191,794,221,2021,10,39,275,2,6,9,1018.4,16.4,16.4,15.3,80,13,14.2,3.2,0.8,9.7,16.4,16.5,16.5,20.2,0,0,258,5.55,279,0,0.02,0,87.8,7,16,0,4,13,11,0,0,0,"2021_10_2_9"
19.248,17.958,1660,9,2340,0,2021,10,39,275,2,6,10,1018.1,17.3,17.3,16.4,75,12.9,14.4,4.8,1.21,12.9,17.3,17.2,17.2,21.6,0,0,315,6.78,338,0.13,0.01,0,79.6,8,16.9,0,5,13,11,0,0,0,"2021_10_2_10"
20.082,20.082,1660,351,2397,347,2021,10,39,275,2,6,10,1018.4,17.9,17.9,17.3,75,13.4,14.9,6.4,1.61,14.5,17.9,17.9,17.9,22.5,0,0,345,7.42,381,0,0.005,0,77.3,10,17.9,0,6,13,11,0,0,0,"2021_10_2_10"
20.804,21.325,1072,14,1740,0,2021,10,39,275,2,6,10,1018.3,18.4,18.5,17.9,72,13.3,15,8,2.01,16.1,18.4,18.4,18.4,23.4,0,0,399,8.58,420,0,0,0.001,79.8,27,18.9,0,7,12,11,0,0,0,"2021_10_2_10"
21.382,22.147,1072,346,1816,343,2021,10,39,275,2,6,10,1018.2,19.2,19.2,18.4,69,13.3,15.2,6.4,1.61,12.9,19.2,19.1,19.1,24.4,0,0,430,9.25,452,0,0,0.009,71.1,12,19.4,0,0,13,10,0,0,0,"2021_10_2_10"
21.575,21.575,747,160,0,0,2021,10,39,275,2,6,11,1017.9,19.3,19.5,19.2,67,13,15,8,2.01,14.5,19.3,19.3,19.3,24.8,0,0,477,10.26,489,0.25,0,0.01,66.8,13,20.2,0,1,12,10,0,0,0,"2021_10_2_11"
22.468,24.065,747,200,520,270,2021,10,39,275,2,6,11,1017.8,19.7,19.7,19.3,66,13.1,15.1,8,2.01,16.1,19.7,19.6,19.6,25.2,0,0,501,10.78,515,0,0,0.014,66.6,18,21,0,2,13,11,0,0,0,"2021_10_2_11"
22.458,21.215,1326,169,600,180,2021,10,39,275,2,6,11,1018.1,20,20,19.7,66,13.5,15.4,8,2.01,19.3,20,20,20,25.7,0,0,524,11.27,547,0,0,0.017,60.2,18,21.2,0,3,12,0,0,0,0,"2021_10_2_11"
22.926,24.16,1326,191,794,221,2021,10,39,275,2,6,11,1017.9,20.4,20.4,20,66,13.9,15.8,6.4,1.61,14.5,20.4,20.5,20.5,26.3,0,0,553,11.9,564,0,0,0.022,62.5,14,21.5,0,4,12,12,0,0,0,"2021_10_2_11"
23.654,21.818,1660,9,2340,0,2021,10,39,275,2,6,12,1018.5,20.7,20.7,20.4,64,13.7,15.8,6.4,1.61,12.9,20.7,20.6,20.6,26.5,0,0,578,12.43,587,0.36,0,0.025,60.4,15,22.2,0,5,4,11,0,0,0,"2021_10_2_12"
24.983,23.381,1660,351,2397,347,2021,10,39,275,2,6,12,1018.4,20.8,20.9,20.7,64,13.8,15.9,4.8,1.21,12.9,20.8,20.7,20.7,26.7,0,0,602,12.95,613,0,0,0.026,55.6,16,23.1,0,6,4,0,0,0,0,"2021_10_2_12"
24.36,23.957,1072,14,1740,0,2021,10,39,275,2,6,12,1018.4,21.2,21.2,20.8,62,13.6,15.8,4.8,1.21,12.9,21.2,20.9,20.9,26.9,0,0,602,12.95,621,0,0,0.03,60.1,16,23.1,0,7,4,0,0,0,0,"2021_10_2_12"
24.252,23.896,1072,346,1816,343,2021,10,39,275,2,6,12,1018.3,21.4,21.4,21.2,59,13,15.5,4.8,1.21,11.3,21.4,21.1,21.1,26.9,0,0,591,12.71,638,0,0,0.032,61.9,17,23.4,0,0,12,11,0,0,0,"2021_10_2_12"
24.972,24.972,747,160,0,0,2021,10,39,275,2,6,13,1018.5,21.7,21.7,21.4,61,13.8,16.1,4.8,1.21,11.3,21.7,21.5,21.5,27.5,0,0,637,13.7,643,0.38,0,0.035,57.9,18,23.9,0,1,0,11,0,0,0,"2021_10_2_13"
25.013,25.676,747,200,520,270,2021,10,39,275,2,6,13,1018.3,21.8,21.9,21.7,61,14,16.2,6.4,1.61,14.5,21.8,21.7,21.7,27.8,0,0,640,13.77,650,0,0,0.036,56.5,17,24.3,0,2,0,1,0,0,0,"2021_10_2_13"
24.758,24.653,1326,169,600,180,2021,10,39,275,2,6,13,1018.1,22,22,21.8,61,14.1,16.4,6.4,1.61,14.5,22,21.9,21.9,28,0,0,637,13.7,640,0,0,0.038,58.7,17,25.1,0,3,4,1,0,0,0,"2021_10_2_13"
23.982,23.641,1326,191,794,221,2021,10,39,275,2,6,13,1018.1,22.4,22.4,22.1,58,13.7,16.1,4.8,1.21,11.3,22.4,22.3,22.3,28.3,0,0,633,13.62,638,0,0,0.042,50.5,16,25.2,0,4,4,0,0,0,0,"2021_10_2_13"
24.359,23.832,1660,9,2340,0,2021,10,39,275,2,6,14,1018.1,22.7,22.7,22.3,55,13.2,15.8,3.2,0.8,9.7,22.7,22.6,22.6,28.6,0,0,627,13.49,633,0.41,0,0.045,50.1,16,25.9,0,5,13,1,0,0,0,"2021_10_2_14"
24.101,23.988,1660,351,2397,347,2021,10,39,275,2,6,14,1017.6,22.7,22.8,22.7,56,13.4,16,4.8,1.21,11.3,22.7,22.6,22.6,28.6,0,0,621,13.36,631,0,0,0.045,52.2,16,25.5,0,6,4,0,0,0,0,"2021_10_2_14"
23.975,24.363,1072,14,1740,0,2021,10,39,275,2,6,14,1017.2,22.8,22.8,22.7,54,13,15.7,4.8,1.21,14.5,22.8,22.7,22.7,28.7,0,0,605,13.01,617,0,0,0.047,53.7,23,25.9,0,7,4,10,0,0,0,"2021_10_2_14"
23.991,24.477,1072,346,1816,343,2021,10,39,275,2,6,14,1016.9,23,23.1,22.8,55,13.5,16.1,6.4,1.61,12.9,23,23,23,29,0,0,590,12.69,603,0,0,0.049,48.3,15,26.4,0,0,13,10,0,0,0,"2021_10_2_14"
24.213,24.213,747,160,0,0,2021,10,39,275,2,6,15,1017,23.1,23.2,23,50,12.1,15.1,4.8,1.21,11.3,23.1,22.9,22.9,28.7,0,0,564,12.13,575,0.41,0,0.05,45.9,14,26.3,0,1,4,11,0,0,0,"2021_10_2_15"
24.177,23.991,747,200,520,270,2021,10,39,275,2,6,15,1016.9,23.4,23.4,23.1,55,13.8,16.4,4.8,1.21,12.9,23.4,23.4,23.4,29.3,0,0,542,11.66,554,0,0,0.053,49.8,14,25.8,0,2,4,13,0,0,0,"2021_10_2_15"
24.091,28.486,1326,169,600,180,2021,10,39,275,2,6,15,1016.8,23.5,23.6,23.3,54,13.7,16.3,3.2,0.8,11.3,23.5,23.5,23.5,29.3,0,0,513,11.04,522,0,0,0.054,46.7,20,25,0,3,13,12,0,0,0,"2021_10_2_15"
24.558,23.744,1326,191,794,221,2021,10,39,275,2,6,15,1016.5,23.4,23.7,23.4,50,12.4,15.4,3.2,0.8,11.3,23.4,23.3,23.3,28.9,0,0,489,10.52,504,0,0,0.053,49.7,19,24.4,0,4,4,0,0,0,0,"2021_10_2_15"
24.564,24.415,1660,9,2340,0,2021,10,39,275,2,6,16,1016.4,23.3,23.4,23.3,54,13.5,16.1,4.8,1.21,14.5,23.3,23.4,23.4,28.8,0,0,453,9.74,469,0.33,0,0.052,51.1,14,24,0,5,4,0,0,0,0,"2021_10_2_16"
23.914,23.791,1660,351,2397,347,2021,10,39,275,2,6,16,1016.7,23.4,23.4,23.3,52,13,15.8,4.8,1.21,14.5,23.4,23.3,23.3,28.6,0,0,418,8.99,438,0,0,0.053,54.6,16,23.4,0,6,4,11,0,0,0,"2021_10_2_16"
23.945,24.51,1072,14,1740,0,2021,10,39,275,2,6,16,1016.7,23.4,23.5,23.4,51,12.7,15.6,3.2,0.8,9.7,23.4,23.4,23.4,28.4,0,0,385,8.28,404,0,0,0.053,51.7,13,23,0,7,12,11,0,0,0,"2021_10_2_16"
23.698,23.581,1072,346,1816,343,2021,10,39,275,2,6,16,1016.3,23.4,23.6,23.4,52,13,15.8,4.8,1.21,11.3,23.4,23.4,23.4,28.2,0,0,346,7.44,385,0,0,0.053,54.7,7,22.6,0,0,12,0,0,0,0,"2021_10_2_16"
23.33,23.33,747,160,0,0,2021,10,39,275,2,6,17,1016.1,23.3,23.5,23.3,53,13.2,15.9,3.2,0.8,9.7,23.3,23.3,23.3,27.7,0,0,297,6.39,316,0.25,0,0.052,55.9,5,22.2,0,1,12,11,0,0,0,"2021_10_2_17"
22.069,21.918,747,200,520,270,2021,10,39,275,2,6,17,1015.7,22.6,23.3,22.5,57,13.6,16.1,4.8,1.21,14.5,22.6,22.5,22.5,24.4,0,0,139,2.99,281,0,0,0.044,60.7,8,21.2,0,2,12,0,0,0,0,"2021_10_2_17"
22.054,21.816,1326,169,600,180,2021,10,39,275,2,6,17,1015.8,22.6,22.7,22.4,55,13.1,15.7,3.2,0.8,8,22.6,22.4,22.4,25,0,0,171,3.68,265,0,0,0.044,55.5,4,21.2,0,3,4,0,0,0,0,"2021_10_2_17"
22.126,21.254,1326,191,794,221,2021,10,39,275,2,6,17,1016.4,22.3,22.6,22.3,58,13.7,16.1,4.8,1.21,9.7,22.3,22.2,22.2,24.4,0,0,137,2.95,181,0,0,0.042,56.2,5,21,0,4,4,11,0,0,0,"2021_10_2_17"
21.967,21.273,1660,9,2340,0,2021,10,39,275,2,6,18,1016.6,22.4,22.5,22.3,58,13.8,16.2,3.2,0.8,6.4,22.4,22.4,22.4,24.6,0,0,136,2.93,158,0.13,0,0.043,59,2,20.9,0,5,4,11,0,0,0,"2021_10_2_18"
20.503,19.833,1660,351,2397,347,2021,10,39,275,2,6,18,1016.1,21.8,22.5,21.8,61,13.9,16.2,1.6,0.4,4.8,21.8,21.6,21.6,22.1,0,0,56,1.2,77,0,0,0.036,71.6,1,19.6,0,6,12,0,0,0,0,"2021_10_2_18"
19.199,18.916,1072,14,1740,0,2021,10,39,275,2,6,18,1015.9,21,21.8,21,64,13.9,16,1.6,0.4,3.2,21,20.9,20.9,20.7,0,0,30,0.65,42,0,0,0.028,82.5,0,18.4,0,7,4,0,0,0,0,"2021_10_2_18"
18.304,17.926,1072,346,1816,343,2021,10,39,275,2,6,18,1015.9,20.1,21,20.1,69,14.2,16,0,0,1.6,20.1,20.3,20.3,19.2,0,0,13,0.28,18,0,0,0.019,87.7,0,17.6,0,0,9,0,0,0,0,"2021_10_2_18"
17.43,17.43,747,160,0,0,2021,10,39,275,2,6,19,1015.9,19.1,20.1,19.1,71,13.7,15.4,0,0,3.2,19.1,19.1,19.1,17.9,0,0,3,0.06,9,0.03,0,0.008,89.1,0,16.7,0,1,9,0,0,0,0,"2021_10_2_19"
16.883,16.634,747,200,520,270,2021,10,39,275,2,6,19,1015.9,18.3,19.1,18.3,76,14,15.4,0,0,0,18.3,18.4,18.4,17.2,0,0,0,0,0,0,0,0,94.2,0,16.2,0,2,9,8,0,0,0,"2021_10_2_19"
16.912,16.961,1326,169,600,180,2021,10,39,275,2,6,19,1016.4,17.8,18.3,17.8,78,13.9,15.2,0,0,1.6,17.8,17.9,17.9,16.6,0,0,0,0,0,0,0.006,0,97.2,0,16.1,0,3,9,0,0,0,0,"2021_10_2_19"
16.412,16.569,1326,191,794,221,2021,10,39,275,2,6,19,1016.5,17.6,17.8,17.6,81,14.3,15.4,0,0,3.2,17.6,17.7,17.7,16.5,0,0,0,0,0,0,0.008,0,95.7,0,15.7,0,4,9,0,0,0,0,"2021_10_2_19"
17.248,16.948,1660,9,2340,0,2021,10,39,275,2,6,20,1016.9,17.1,17.6,16.9,81,13.8,14.9,1.6,0.4,6.4,17.1,17.2,17.2,16,0,0,0,0,0,0.03,0.013,0,90.8,0,16.2,0,5,4,0,0,0,0,"2021_10_2_20"
17.629,16.899,1660,351,2397,347,2021,10,39,275,2,6,20,1017,17.9,17.9,17.1,80,14.4,15.5,3.2,0.8,8,17.9,18.1,18.1,16.9,0,0,0,0,0,0,0.005,0,94.2,0,16.2,0,6,12,0,0,0,0,"2021_10_2_20"
17.006,16.975,1072,14,1740,0,2021,10,39,275,2,6,20,1016.9,17.6,17.9,17.6,81,14.3,15.4,3.2,0.8,6.4,17.6,17.7,17.7,16.5,0,0,0,0,0,0,0.008,0,93.6,0,16,0,7,11,12,0,0,0,"2021_10_2_20"
16.863,16.822,1072,346,1816,343,2021,10,39,275,2,6,20,1016.8,17.4,17.5,17.4,82,14.3,15.3,3.2,0.8,6.4,17.4,17.6,17.6,16.3,0,0,0,0,0,0,0.01,0,95,0,15.9,0,0,13,9,0,0,0,"2021_10_2_20"
16.755,16.755,747,160,0,0,2021,10,39,275,2,6,21,1016.8,17.1,17.4,17.1,84,14.3,15.3,3.2,0.8,9.7,17.1,17.2,17.2,16,0,0,0,0,0,0.03,0.013,0,97.4,0,15.6,0,1,13,10,0,0,0,"2021_10_2_21"
16.576,16.594,747,200,520,270,2021,10,39,275,2,6,21,1017,16.9,17.1,16.9,85,14.3,15.2,3.2,0.8,6.4,16.9,17,17,15.8,0,0,0,0,0,0,0.015,0,98.4,0,15.4,0,2,11,10,0,0,0,"2021_10_2_21"
16.312,16.239,1326,169,600,180,2021,10,39,275,2,6,21,1016.8,16.5,16.9,16.5,86,14.1,15,1.6,0.4,4.8,16.5,16.6,16.6,15.4,0,0,0,0,0,0,0.019,0,100,0,15.2,0,3,13,10,0,0,0,"2021_10_2_21"
16.362,16.204,1326,191,794,221,2021,10,39,275,2,6,21,1017.1,16.6,16.6,16.5,86,14.3,15.1,3.2,0.8,6.4,16.6,16.8,16.8,15.5,0,0,0,0,0,0,0.018,0,100,0,15.2,0,4,13,10,0,0,0,"2021_10_2_21"
16.229,16.101,1660,9,2340,0,2021,10,39,275,2,6,22,1016.9,16.5,16.7,16.5,86,14.1,15,3.2,0.8,6.4,16.5,16.6,16.6,15.4,0,0,0,0,0,0.03,0.019,0,100,0,15,0,5,11,12,0,0,0,"2021_10_2_22"
15.757,15.725,1660,351,2397,347,2021,10,39,275,2,6,22,1017.1,16.4,16.6,16.4,86,14.1,14.9,3.2,0.8,6.4,16.4,16.6,16.6,15.3,0,0,0,0,0,0,0.02,0,100,0,14.9,0,6,11,12,0,0,0,"2021_10_2_22"
15.849,15.976,1072,14,1740,0,2021,10,39,275,2,6,22,1017.3,16.3,16.4,16.3,87,14.2,14.9,3.2,0.8,6.4,16.3,16.5,16.5,15.2,0,0,0,0,0,0,0.021,0,100,0,14.9,0,7,11,12,0,0,0,"2021_10_2_22"
16.095,16.18,1072,346,1816,343,2021,10,39,275,2,6,22,1017.2,16.6,16.6,16.3,87,14.4,15.1,3.2,0.8,4.8,16.6,16.7,16.7,15.5,0,0,0,0,0,0,0.019,0,100,0,15.1,0,0,11,12,0,0,0,"2021_10_2_22"
16.606,16.606,747,160,0,0,2021,10,39,275,2,6,23,1017.3,16.9,16.9,16.6,86,14.6,15.4,3.2,0.8,6.4,16.9,17.1,17.1,15.9,0,0,0,0,0,0.03,0.014,0,100,0,15.4,0,1,11,9,0,0,0,"2021_10_2_23"
16.827,16.728,747,200,520,270,2021,10,39,275,2,6,23,1017.2,17.2,17.2,16.9,86,14.9,15.7,3.2,0.8,11.3,17.2,17.5,17.5,16.3,0,0,0,0,0,0,0.012,0,100,0,15.6,0,2,11,10,0,0,0,"2021_10_2_23"
16.455,16.357,1326,169,600,180,2021,10,39,275,2,6,23,1017,17.1,17.2,17.1,86,14.7,15.5,3.2,0.8,8,17.1,17.3,17.3,16.1,0,0,0,0,0,0,0.013,0,100,0,15.4,0,3,11,9,0,0,0,"2021_10_2_23"
16.323,15.998,1326,191,794,221,2021,10,39,275,2,6,23,1016.6,16.8,17.1,16.8,86,14.4,15.2,1.6,0.4,4.8,16.8,17,17,15.7,0,0,0,0,0,0,0.016,0,100,0,15.2,0,4,13,10,0,0,0,"2021_10_2_23"
16,15.879,1660,9,2340,0,2021,10,39,276,3,7,0,1016.5,16.5,16.8,16.5,87,14.3,15.1,1.6,0.4,4.8,16.5,16.7,16.7,15.4,0,0,0,0,0,0.03,0.019,0,100,0,15,0,5,13,10,0,0,0,"2021_10_3_0"
15.372,15.421,1660,351,2397,347,2021,10,39,276,3,7,0,1016.8,16.1,16.4,16.1,87,13.9,14.7,0,0,3.2,16.1,16.2,16.2,15,0,0,0,0,0,0,0.023,0,100,0,14.6,0,6,9,10,0,0,0,"2021_10_3_0"
14.934,14.998,1072,14,1740,0,2021,10,39,276,3,7,0,1016.6,15.4,16.1,15.4,89,13.6,14.3,0,0,3.2,15.4,15.6,15.6,14.3,0,0,0,0,0,0,0.03,0,100,0,14.2,0,7,9,12,0,0,0,"2021_10_3_0"
14.871,15.079,1072,346,1816,343,2021,10,39,276,3,7,0,1016.6,15.3,15.4,15.2,91,13.8,14.3,1.6,0.4,3.2,15.3,15.5,15.5,14.2,0,0,0,0,0,0,0.032,0,100,0,14.1,0,0,14,14,0,0,0,"2021_10_3_0"
14.656,14.656,747,160,0,0,2021,10,39,276,3,7,1,1016.4,15.2,15.3,15.2,90,13.5,14.1,0,0,1.6,15.2,15.3,15.3,14,0,0,0,0,0,0,0.033,0,100,0,13.8,0,1,9,14,0,0,0,"2021_10_3_1"
14.656,14.506,747,200,520,270,2021,10,39,276,3,7,1,1016.3,14.7,15.2,14.7,91,13.2,13.7,0,0,3.2,14.7,14.8,14.8,13.5,0,0,0,0,0,0,0.038,0,100,0,13.6,0,2,9,9,0,0,0,"2021_10_3_1"
14.312,14.466,1326,169,600,180,2021,10,39,276,3,7,1,1016.5,14.3,14.7,14.3,91,12.8,13.4,0,0,0,14.3,14.4,14.4,13.1,0,0,0,0,0,0,0.042,0,100,0,13.3,0,3,9,8,0,0,0,"2021_10_3_1"
14.222,14.381,1326,191,794,221,2021,10,39,276,3,7,1,1016.7,14,14.3,13.9,93,12.9,13.3,0,0,0,14,14.1,14.1,12.8,0,0,0,0,0,0,0.045,0,100,0,13.3,0,4,9,8,0,0,0,"2021_10_3_1"
14.086,14.197,1660,9,2340,0,2021,10,39,276,3,7,2,1016.7,13.8,14,13.8,93,12.7,13.1,0,0,0,13.8,13.9,13.9,12.6,0,0,0,0,0,0,0.047,0,100,0,13.3,0,5,9,8,0,0,0,"2021_10_3_2"
14.423,14.505,1660,351,2397,347,2021,10,39,276,3,7,2,1017.1,13.7,13.8,13.7,94,12.8,13.1,0,0,0,13.7,13.9,13.9,12.5,0,0,0,0,0,0,0.048,0,100,0,13.5,0,6,9,8,0,0,0,"2021_10_3_2"
14.638,14.553,1072,14,1740,0,2021,10,39,276,3,7,2,1016.5,13.8,13.8,13.7,94,12.8,13.2,1.6,0.4,3.2,13.8,13.9,13.9,12.6,0,0,0,0,0,0,0.047,0,100,0,13.6,0,7,11,12,0,0,0,"2021_10_3_2"
14.325,14.189,1072,346,1816,343,2021,10,39,276,3,7,2,1016.5,14.1,14.1,13.8,94,13.1,13.5,1.6,0.4,3.2,14.1,14.2,14.2,12.9,0,0,0,0,0,0,0.045,0,100,0,13.3,0,0,11,10,0,0,0,"2021_10_3_2"
14.128,14.128,747,160,0,0,2021,10,39,276,3,7,3,1016.4,14.1,14.1,14.1,93,13,13.4,1.6,0.4,3.2,14.1,14.3,14.3,13,0,0,0,0,0,0,0.044,0,100,0,13.1,0,1,11,12,0,0,0,"2021_10_3_3"
13.979,13.949,747,200,520,270,2021,10,39,276,3,7,3,1016.2,14.1,14.1,14.1,93,12.9,13.4,1.6,0.4,4.8,14.1,14.2,14.2,12.9,0,0,0,0,0,0,0.045,0,100,0,13,0,2,11,12,0,0,0,"2021_10_3_3"
13.93,13.903,1326,169,600,180,2021,10,39,276,3,7,3,1016,13.9,14.1,13.9,93,12.8,13.2,0,0,1.6,13.9,14,14,12.7,0,0,0,0,0,0,0.046,0,100,0,12.9,0,3,9,9,0,0,0,"2021_10_3_3"
13.493,13.554,1326,191,794,221,2021,10,39,276,3,7,3,1016.2,13.4,13.9,13.4,93,12.3,12.7,0,0,0,13.4,13.5,13.5,12.2,0,0,0,0,0,0,0.052,0,100,0,12.6,0,4,9,8,0,0,0,"2021_10_3_3"
13.236,13.424,1660,9,2340,0,2021,10,39,276,3,7,4,1016.1,13.1,13.4,13.1,93,12,12.4,0,0,0,13.1,13.2,13.2,11.9,0,0,0,0,0,0,0.054,0,100,0,12.4,0,5,9,8,0,0,0,"2021_10_3_4"
12.992,13.206,1660,351,2397,347,2021,10,39,276,3,7,4,1016,12.9,13.1,12.9,94,12,12.4,0,0,0,12.9,13.1,13.1,11.7,0,0,0,0,0,0,0.056,0,100,0,12.3,0,6,9,8,0,0,0,"2021_10_3_4"
13.415,13.395,1072,14,1740,0,2021,10,39,276,3,7,4,1015.8,12.7,12.9,12.7,94,11.8,12.2,0,0,0,12.7,12.9,12.9,11.5,0,0,0,0,0,0,0.058,0,100,0,12.4,0,7,9,8,0,0,0,"2021_10_3_4"
13.383,13.395,1072,346,1816,343,2021,10,39,276,3,7,4,1015.8,12.8,12.8,12.7,95,12,12.3,0,0,0,12.8,12.9,12.9,11.6,0,0,0,0,0,0,0.058,0,100,0,12.6,0,0,9,8,0,0,0,"2021_10_3_4"
13.515,13.515,747,160,0,0,2021,10,39,276,3,7,5,1015.9,12.8,12.8,12.7,95,12,12.3,0,0,0,12.8,12.9,12.9,11.6,0,0,0,0,0,0,0.058,0,100,0,12.6,0,1,9,8,0,0,0,"2021_10_3_5"
14.2,14.143,747,200,520,270,2021,10,39,276,3,7,5,1016,13.1,13.1,12.8,96,12.4,12.7,0,0,0,13.1,13.3,13.3,11.9,0,0,0,0,0,0,0.055,0,100,0,13.1,0,2,9,8,0,0,0,"2021_10_3_5"
14.418,14.393,1326,169,600,180,2021,10,39,276,3,7,5,1015.9,13.4,13.4,13.1,96,12.8,13,0,0,0,13.4,13.6,13.6,12.3,0,0,0,0,0,0,0.052,0,100,0,13.5,0,3,9,8,0,0,0,"2021_10_3_5"
14.566,14.518,1326,191,794,221,2021,10,39,276,3,7,5,1015.5,13.9,13.9,13.4,97,13.4,13.6,0,0,3.2,13.9,14.2,14.2,12.9,0,0,0,0,0,0,0.046,0,100,0,13.6,0,4,9,12,0,0,0,"2021_10_3_5"
14.655,14.628,1660,9,2340,0,2021,10,39,276,3,7,6,1015.4,14.1,14.2,13.9,95,13.3,13.6,0,0,4.8,14.1,14.3,14.3,13,0,0,0,0,0,0,0.044,0,100,0,13.6,0,5,9,10,0,0,0,"2021_10_3_6"
14.976,14.928,1660,351,2397,347,2021,10,39,276,3,7,6,1015.4,14.4,14.4,14.1,95,13.7,13.9,1.6,0.4,3.2,14.4,14.7,14.7,13.4,0,0,0,0,0,0,0.041,0,100,0,13.8,0,6,13,12,0,0,0,"2021_10_3_6"
15.091,15.043,1072,14,1740,0,2021,10,39,276,3,7,6,1015.3,14.7,14.7,14.4,95,13.9,14.2,0,0,1.6,14.7,14.9,14.9,13.6,0,0,0,0,0,0,0.038,0,100,0,14,0,7,9,10,0,0,0,"2021_10_3_6"
15.206,15.081,1072,346,1816,343,2021,10,39,276,3,7,6,1015.4,15,15,14.7,94,14,14.4,1.6,0.4,4.8,15,15.2,15.2,14,0,0,0,0,0,0,0.035,0,100,0,14.2,0,0,13,11,0,0,0,"2021_10_3_6"
15.417,15.417,747,160,0,0,2021,10,39,276,3,7,7,1015.4,15.2,15.2,15,93,14,14.4,1.6,0.4,4.8,15.2,15.4,15.4,14.1,0,0,0,0,0,0,0.033,0,100,0,14.2,0,1,13,10,0,0,0,"2021_10_3_7"
15.616,15.554,747,200,520,270,2021,10,39,276,3,7,7,1015.5,15.3,15.4,15.2,93,14.2,14.6,1.6,0.4,4.8,15.3,15.6,15.6,14.3,0,0,0,0,0,0,0.031,0,100,0,14.4,0,2,12,11,0,0,0,"2021_10_3_7"
15.864,15.707,1326,169,600,180,2021,10,39,276,3,7,7,1015.6,15.7,15.7,15.3,92,14.4,14.8,1.6,0.4,4.8,15.7,15.9,15.9,14.7,0,0,1,0.02,7,0,0.028,0,100,0,14.7,0,3,13,9,0,0,0,"2021_10_3_7"
16.211,15.861,1326,191,794,221,2021,10,39,276,3,7,7,1015.6,16.1,16.1,15.7,91,14.6,15.1,1.6,0.4,3.2,16.1,16.3,16.3,15.3,0,0,18,0.39,25,0,0.024,0,100,0,15,0,4,11,10,0,0,0,"2021_10_3_7"
16.61,16.397,1660,9,2340,0,2021,10,39,276,3,7,8,1015.7,16.4,16.4,16.1,90,14.7,15.3,1.6,0.4,4.8,16.4,16.7,16.7,15.7,0,0,21,0.45,28,0,0.02,0,100,1,15.3,0,5,13,12,0,0,0,"2021_10_3_8"
17.222,17.01,1660,351,2397,347,2021,10,39,276,3,7,8,1015.9,16.8,16.8,16.4,89,15,15.6,1.6,0.4,3.2,16.8,17.1,17.1,17.2,0,0,37,0.8,47,0,0.016,0,100,2,15.7,0,6,13,10,0,0,0,"2021_10_3_8"
17.495,17.052,1072,14,1740,0,2021,10,39,276,3,7,8,1016,17.3,17.3,16.8,86,15,15.8,3.2,0.8,9.7,17.3,17.6,17.6,17.9,0,0,47,1.01,54,0,0.01,0,100,2,16.1,0,7,12,11,0,0,0,"2021_10_3_8"
17.974,17.68,1072,346,1816,343,2021,10,39,276,3,7,8,1016,17.7,17.7,17.3,85,15.1,16,4.8,1.21,11.3,17.7,17.9,17.9,18.6,0,0,65,1.4,77,0,0.007,0,100,3,16.4,0,0,13,10,0,0,0,"2021_10_3_8"
18.821,18.821,747,160,0,0,2021,10,39,276,3,7,9,1016.1,18.1,18.1,17.6,83,15.1,16.1,6.4,1.61,12.9,18.1,18.4,18.4,19.8,0,0,104,2.24,193,0.05,0.003,0,99,3,17.1,0,1,13,12,0,0,0,"2021_10_3_9"
19.801,20.129,747,200,520,270,2021,10,39,276,3,7,9,1016.4,18.7,18.7,18.1,82,15.5,16.5,8,2.01,16.1,18.7,19.1,19.1,21.6,0,0,161,3.46,269,0,0,0.003,94.5,7,17.9,0,2,13,10,0,0,0,"2021_10_3_9"
20.686,19.997,1326,169,600,180,2021,10,39,276,3,7,9,1016.8,19.7,19.7,18.7,78,15.7,16.9,8,2.01,16.1,19.7,20.1,20.1,24.4,0,0,271,5.83,281,0,0,0.014,88.2,6,19.1,0,3,13,11,0,0,0,"2021_10_3_9"
21.53,21.054,1326,191,794,221,2021,10,39,276,3,7,9,1016.5,20.1,20.1,19.7,77,16,17.2,8,2.01,17.7,20.1,20.6,20.6,25,0,0,294,6.32,309,0,0,0.019,84.2,7,19.7,0,4,13,11,0,0,0,"2021_10_3_9"
22.141,21.178,1660,9,2340,0,2021,10,39,276,3,7,10,1016.8,20.4,20.4,20.1,76,16,17.3,9.7,2.41,19.3,20.4,20.9,20.9,25.6,0,0,329,7.08,355,0.18,0,0.021,82.3,9,20.3,0,5,13,12,0,0,0,"2021_10_3_10"
22.392,22.697,1660,351,2397,347,2021,10,39,276,3,7,10,1016.7,20.9,20.9,20.4,74,16.1,17.5,9.7,2.41,22.5,20.9,21.3,21.3,26.4,0,0,374,8.05,387,0,0,0.027,79.5,23,20.8,0,6,13,10,0,0,0,"2021_10_3_10"
22.769,23.004,1072,14,1740,0,2021,10,39,276,3,7,10,1016.6,21.2,21.2,20.9,73,16.2,17.7,9.7,2.41,20.9,21.2,21.5,21.5,26.8,0,0,407,8.75,424,0,0,0.03,74.2,11,21.3,0,7,13,10,0,0,0,"2021_10_3_10"
23.393,24.058,1072,346,1816,343,2021,10,39,276,3,7,10,1016.7,21.3,21.3,21.2,72,16.1,17.6,11.3,2.82,20.9,21.3,21.6,21.6,27,0,0,443,9.53,455,0,0,0.031,73.8,12,21.9,0,0,13,10,0,0,0,"2021_10_3_10"
23.69,23.69,747,160,0,0,2021,10,39,276,3,7,11,1016.8,21.5,21.6,21.3,71,16,17.6,11.3,2.82,20.9,21.5,21.7,21.7,27.2,0,0,466,10.02,480,0.28,0,0.033,73.2,12,22.2,0,1,13,10,0,0,0,"2021_10_3_11"
24.136,25.177,747,200,520,270,2021,10,39,276,3,7,11,1016.7,21.8,21.9,21.5,71,16.3,17.9,11.3,2.82,24.1,21.8,22.1,22.1,27.8,0,0,505,10.86,520,0,0,0.036,69,17,23.1,0,2,13,11,0,0,0,"2021_10_3_11"
24.353,23.289,1326,169,600,180,2021,10,39,276,3,7,11,1016.8,22.2,22.2,21.8,71,16.7,18.2,9.7,2.41,20.9,22.2,22.5,22.5,28.3,0,0,518,11.14,529,0,0,0.04,67.8,14,23.4,0,3,13,11,0,0,0,"2021_10_3_11"
24.531,25.708,1326,191,794,221,2021,10,39,276,3,7,11,1016.9,22.5,22.6,22.2,70,16.8,18.3,8,2.01,17.7,22.5,22.9,22.9,28.8,0,0,543,11.68,563,0,0,0.043,66.2,13,23.8,0,4,13,11,0,0,0,"2021_10_3_11"
24.936,23.999,1660,9,2340,0,2021,10,39,276,3,7,12,1016.7,22.5,22.7,22.4,70,16.8,18.3,9.7,2.41,17.7,22.5,22.9,22.9,28.7,0,0,527,11.34,559,0.36,0,0.043,66.4,13,23.9,0,5,13,10,0,0,0,"2021_10_3_12"
25.401,26.094,1660,351,2397,347,2021,10,39,276,3,7,12,1016.7,22.8,22.8,22.5,69,16.8,18.5,11.3,2.82,22.5,22.8,23.3,23.3,29.3,0,0,588,12.65,608,0,0,0.047,65.8,14,25.1,0,6,13,11,0,0,0,"2021_10_3_12"
25.559,25.525,1072,14,1740,0,2021,10,39,276,3,7,12,1016.7,23.1,23.1,22.8,69,17.1,18.7,9.7,2.41,20.9,23.1,23.6,23.6,29.8,0,0,621,13.36,650,0,0,0.05,63.1,16,25.2,0,7,13,11,0,0,0,"2021_10_3_12"
25.113,23.94,1072,346,1816,343,2021,10,39,276,3,7,12,1016.8,23.4,23.4,23.1,68,17.1,18.8,9.7,2.41,19.3,23.4,23.9,23.9,30.1,0,0,694,14.93,731,0,0,0.053,60.8,7,24.7,0,0,4,13,0,0,0,"2021_10_3_12"
24.104,24.104,747,160,0,0,2021,10,39,276,3,7,13,1016,23.1,23.4,23.1,67,16.6,18.4,8,2.01,17.7,23.1,23.6,23.6,29,0,0,513,11.04,724,0.41,0,0.05,64.5,6,23.7,0,1,12,11,0,0,0,"2021_10_3_13"
22.767,22.875,747,200,520,270,2021,10,39,276,3,7,13,1015.7,22.6,23.1,22.6,69,16.6,18.2,6.4,1.61,17.7,22.6,23,23,25.2,0,0,221,4.75,724,0,0,0.044,70.1,10,22.4,0,2,13,0,0,0,0,"2021_10_3_13"
25.401,25.11,1326,169,600,180,2021,10,39,276,3,7,13,1016.6,23.2,23.2,22.5,69,17.2,18.8,8,2.01,16.1,23.2,23.7,23.7,29.4,0,0,541,11.64,717,0,0,0.05,62.7,22,24.8,0,3,12,12,0,0,0,"2021_10_3_13"
26.135,26.091,1326,191,794,221,2021,10,39,276,3,7,13,1016.4,24.3,24.3,23.2,65,17.3,19.1,8,2.01,19.3,24.3,24.8,24.8,31.1,0,0,764,16.43,789,0,0,0.062,59.9,20,27.5,0,4,4,0,0,0,0,"2021_10_3_13"
26.263,25.36,1660,9,2340,0,2021,10,39,276,3,7,14,1016.1,24.6,24.6,24.2,67,18,19.7,9.7,2.41,20.9,24.6,25.2,25.2,31.6,0,0,761,16.37,788,0.41,0,0.065,55.2,11,27.7,0,5,4,0,0,0,0,"2021_10_3_14"
25.61,25.963,1660,351,2397,347,2021,10,39,276,3,7,14,1015.7,24.3,24.8,24.3,63,16.8,18.8,8,2.01,19.3,24.3,24.7,24.7,30.6,0,0,548,11.79,712,0,0,0.063,57.4,15,27.1,0,6,13,10,0,0,0,"2021_10_3_14"
24.655,24.794,1072,14,1740,0,2021,10,39,276,3,7,14,1016,24.6,24.6,24.3,64,17.3,19.2,6.4,1.61,14.5,24.6,25,25,31.3,0,0,629,13.53,657,0,0,0.065,59.2,19,26,0,7,13,12,0,0,0,"2021_10_3_14"
25.472,25.921,1072,346,1816,343,2021,10,39,276,3,7,14,1015.5,24.3,24.6,24.2,61,16.3,18.3,8,2.01,19.3,24.3,24.6,24.6,29.7,0,0,451,9.7,691,0,0,0.062,58.1,16,27.1,0,0,4,0,0,0,0,"2021_10_3_14"
24.95,24.95,747,160,0,0,2021,10,39,276,3,7,15,1015.5,24.8,24.9,24.2,61,16.8,18.8,8,2.01,17.7,24.8,25.2,25.2,31.3,0,0,587,12.63,606,0.38,0,0.068,53.2,16,26.6,0,1,12,11,0,0,0,"2021_10_3_15"
26.225,26.425,747,200,520,270,2021,10,39,276,3,7,15,1015.6,25.1,25.1,24.7,62,17.3,19.2,8,2.01,17.7,25.1,25.5,25.5,31.7,0,0,592,12.73,622,0,0,0.07,55.4,23,27.6,0,2,13,10,0,0,0,"2021_10_3_15"
25.199,27.701,1326,169,600,180,2021,10,39,276,3,7,15,1014.6,24.6,25.2,24.6,60,16.3,18.4,8,2.01,16.1,24.6,24.9,24.9,29.8,0,0,400,8.6,628,0,0,0.065,55.3,5,25.4,0,3,12,0,0,0,0,"2021_10_3_15"
24.36,23.781,1326,191,794,221,2021,10,39,276,3,7,15,1014.8,24.3,24.7,24.3,62,16.5,18.5,8,2.01,14.5,24.3,24.6,24.6,27.7,0,0,249,5.36,531,0,0,0.062,62.5,4,24.1,0,4,12,11,0,0,0,"2021_10_3_15"
24.306,25.042,1660,9,2340,0,2021,10,39,276,3,7,16,1014.9,24.1,24.3,24.1,63,16.6,18.6,6.4,1.61,11.3,24.1,24.5,24.5,26.6,0,0,173,3.72,427,0.28,0,0.06,62.4,15,23.9,0,5,13,10,0,0,0,"2021_10_3_16"
24.264,23.978,1660,351,2397,347,2021,10,39,276,3,7,16,1014.5,24.2,24.3,24.1,62,16.5,18.5,6.4,1.61,14.5,24.2,24.6,24.6,26.9,0,0,186,4,397,0,0,0.061,66.7,6,23.5,0,6,12,10,0,0,0,"2021_10_3_16"
24.869,25.535,1072,14,1740,0,2021,10,39,276,3,7,16,1014.8,24.4,24.4,24.2,63,16.9,18.9,6.4,1.61,14.5,24.4,24.9,24.9,28,0,0,227,4.88,408,0,0,0.064,65.1,12,24,0,7,12,0,0,0,0,"2021_10_3_16"
23.982,23.554,1072,346,1816,343,2021,10,39,276,3,7,16,1014.4,24.3,24.7,24.3,62,16.5,18.5,6.4,1.61,14.5,24.3,24.6,24.6,27.3,0,0,190,4.09,387,0,0,0.062,62,6,23.2,0,0,13,10,0,0,0,"2021_10_3_16"
23.457,23.457,747,160,0,0,2021,10,39,276,3,7,17,1014.2,23.8,24.3,23.8,64,16.6,18.5,6.4,1.61,14.5,23.8,24.2,24.2,25.4,0,0,102,2.19,165,0.15,0,0.057,69,3,22.5,0,1,12,0,0,0,0,"2021_10_3_17"
23.406,23.178,747,200,520,270,2021,10,39,276,3,7,17,1014.4,23.7,23.8,23.7,63,16.2,18.2,4.8,1.21,16.1,23.7,24,24,25.2,0,0,94,2.02,200,0,0,0.056,70,3,22.3,0,2,12,0,0,0,0,"2021_10_3_17"
23.836,23.719,1326,169,600,180,2021,10,39,276,3,7,17,1014.5,23.6,23.7,23.6,64,16.4,18.3,6.4,1.61,12.9,23.6,24,24,25.3,0,0,95,2.04,151,0,0,0.055,67.7,6,22.4,0,3,12,0,0,0,0,"2021_10_3_17"
24.074,23.351,1326,191,794,221,2021,10,39,276,3,7,17,1014.8,24.1,24.1,23.6,64,16.9,18.8,4.8,1.21,11.3,24.1,24.5,24.5,27.9,0,0,194,4.17,230,0,0,0.06,65,5,22.9,0,4,13,10,0,0,0,"2021_10_3_17"
22.988,22.298,1660,9,2340,0,2021,10,39,276,3,7,18,1014.2,23.5,24.1,23.5,65,16.5,18.4,6.4,1.61,14.5,23.5,23.9,23.9,25.6,0,0,104,2.24,169,0.1,0,0.054,70.9,1,22,0,5,13,10,0,0,0,"2021_10_3_18"
22.178,21.461,1660,351,2397,347,2021,10,39,276,3,7,18,1014.3,22.8,23.5,22.8,68,16.6,18.3,4.8,1.21,12.9,22.8,23.2,23.2,23.2,0,0,35,0.75,84,0,0,0.046,73.9,0,21,0,6,13,10,0,0,0,"2021_10_3_18"
21.628,20.75,1072,14,1740,0,2021,10,39,276,3,7,18,1014.5,22.4,22.8,22.4,70,16.6,18.2,6.4,1.61,14.5,22.4,22.8,22.8,22.2,0,0,14,0.3,19,0,0,0.042,76.5,0,20.4,0,7,12,11,0,0,0,"2021_10_3_18"
21.093,20.144,1072,346,1816,343,2021,10,39,276,3,7,18,1014.3,21.7,22.3,21.7,73,16.6,18.1,3.2,0.8,6.4,21.7,22.1,22.1,21,0,0,7,0.15,11,0,0,0.035,78.2,0,19.9,0,0,13,11,0,0,0,"2021_10_3_18"
20.674,20.674,747,160,0,0,2021,10,39,276,3,7,19,1014.3,21.1,21.7,21.1,75,16.5,17.8,3.2,0.8,6.4,21.1,21.5,21.5,20.4,0,0,0,0,0,0.03,0,0.028,81,0,19.4,0,1,13,10,0,0,0,"2021_10_3_19"
20.409,20.042,747,200,520,270,2021,10,39,276,3,7,19,1014.4,20.6,21.1,20.5,77,16.4,17.6,4.8,1.21,9.7,20.6,21.2,21.2,20.1,0,0,0,0,0,0,0,0.023,85.2,0,18.9,0,2,13,11,0,0,0,"2021_10_3_19"
20.271,19.996,1326,169,600,180,2021,10,39,276,3,7,19,1014.5,20.4,20.6,20.4,78,16.4,17.6,4.8,1.21,11.3,20.4,21,21,19.9,0,0,0,0,0,0,0,0.021,85.3,0,18.7,0,3,13,12,0,0,0,"2021_10_3_19"
20.138,19.594,1326,191,794,221,2021,10,39,276,3,7,19,1014.5,20.2,20.4,20.2,79,16.4,17.5,4.8,1.21,12.9,20.2,20.8,20.8,19.7,0,0,0,0,0,0,0,0.019,87.9,0,18.6,0,4,13,10,0,0,0,"2021_10_3_19"
19.766,19.136,1660,9,2340,0,2021,10,39,276,3,7,20,1014.7,20.1,20.2,20.1,80,16.6,17.6,4.8,1.21,12.9,20.1,20.8,20.8,19.6,0,0,0,0,0,0.03,0,0.019,91.1,0,18.4,0,5,13,10,0,0,0,"2021_10_3_20"
19.808,18.949,1660,351,2397,347,2021,10,39,276,3,7,20,1014.9,20,20.2,20,81,16.6,17.7,4.8,1.21,11.3,20,20.6,20.6,19.5,0,0,0,0,0,0,0,0.017,90.6,0,18.4,0,6,13,12,0,0,0,"2021_10_3_20"
19.972,19.048,1072,14,1740,0,2021,10,39,276,3,7,20,1015.2,19.8,20,19.8,81,16.5,17.5,4.8,1.21,12.9,19.8,20.5,20.5,19.3,0,0,0,0,0,0,0,0.016,89.7,0,18.4,0,7,13,12,0,0,0,"2021_10_3_20"
19.71,19.34,1072,346,1816,343,2021,10,39,276,3,7,20,1015.4,20,20,19.8,81,16.6,17.7,6.4,1.61,14.5,20,20.6,20.6,19.5,0,0,0,0,0,0,0,0.017,92.4,0,18.3,0,0,13,11,0,0,0,"2021_10_3_20"
19.328,19.328,747,160,0,0,2021,10,39,276,3,7,21,1015.2,19.8,20,19.8,81,16.5,17.5,4.8,1.21,11.3,19.8,20.5,20.5,19.3,0,0,0,0,0,0.03,0,0.016,93.6,0,18,0,1,13,12,0,0,0,"2021_10_3_21"
19.094,19.028,747,200,520,270,2021,10,39,276,3,7,21,1015.2,19.6,19.8,19.6,82,16.4,17.4,4.8,1.21,11.3,19.6,20.2,20.2,19.1,0,0,0,0,0,0,0,0.013,94.1,0,17.8,0,2,13,10,0,0,0,"2021_10_3_21"
18.886,18.741,1326,169,600,180,2021,10,39,276,3,7,21,1015.4,19.3,19.6,19.3,83,16.4,17.3,4.8,1.21,11.3,19.3,19.9,19.9,18.8,0,0,0,0,0,0,0,0.01,95.5,0,17.7,0,3,11,12,0,0,0,"2021_10_3_21"
18.863,18.359,1326,191,794,221,2021,10,39,276,3,7,21,1015.5,19.3,19.3,19.2,84,16.5,17.4,4.8,1.21,11.3,19.3,19.9,19.9,18.8,0,0,0,0,0,0,0,0.01,97.2,0,17.4,0,4,11,12,0,0,0,"2021_10_3_21"
19.249,18.38,1660,9,2340,0,2021,10,39,276,3,7,22,1015.6,19.3,19.3,19.2,83,16.3,17.2,4.8,1.21,9.7,19.3,19.9,19.9,18.7,0,0,0,0,0,0.03,0,0.01,95,0,17.7,0,5,11,10,0,0,0,"2021_10_3_22"
18.983,18.316,1660,351,2397,347,2021,10,39,276,3,7,22,1015.6,19.3,19.3,19.3,83,16.3,17.2,4.8,1.21,11.3,19.3,19.9,19.9,18.7,0,0,0,0,0,0,0,0.01,95.9,0,17.7,0,6,13,11,0,0,0,"2021_10_3_22"
18.672,18.594,1072,14,1740,0,2021,10,39,276,3,7,22,1015.6,19.3,19.4,19.3,83,16.3,17.2,4.8,1.21,9.7,19.3,19.9,19.9,18.7,0,0,0,0,0,0,0,0.01,97.4,0,17.4,0,7,11,10,0,0,0,"2021_10_3_22"
18.546,18.347,1072,346,1816,343,2021,10,39,276,3,7,22,1015.6,19.1,19.3,19,85,16.5,17.3,4.8,1.21,8,19.1,19.6,19.6,18.5,0,0,0,0,0,0,0,0.008,99.5,0,17.2,0,0,13,12,0,0,0,"2021_10_3_22"
19.029,19.029,747,160,0,0,2021,10,39,276,3,7,23,1015.7,19.1,19.1,19,86,16.7,17.4,3.2,0.8,9.7,19.1,19.7,19.7,18.5,0,0,0,0,0,0.03,0,0.008,99.7,0,17.5,0,1,13,10,0,0,0,"2021_10_3_23"
19.008,18.744,747,200,520,270,2021,10,39,276,3,7,23,1015.6,18.9,19.1,18.9,87,16.7,17.4,3.2,0.8,8,18.9,19.5,19.5,18.5,0,0,0,0,0,0,0,0.006,100,0,17.6,0,2,11,12,0,0,0,"2021_10_3_23"
18.72,18.503,1326,169,600,180,2021,10,39,276,3,7,23,1015.7,19.1,19.1,18.9,88,17.1,17.7,6.4,1.61,12.9,19.1,19.8,19.8,18.7,0,0,0,0,0,0,0,0.008,100,0,17.4,0,3,11,10,0,0,0,"2021_10_3_23"
18.58,18.186,1326,191,794,221,2021,10,39,276,3,7,23,1015.5,19.1,19.1,19,88,17,17.7,6.4,1.61,12.9,19.1,19.7,19.7,18.7,0,0,0,0,0,0,0,0.008,100,0,17.2,0,4,11,10,0,0,0,"2021_10_3_23"
18.461,18.042,1660,9,2340,0,2021,10,40,277,4,1,0,1015.5,18.9,19.1,18.8,88,16.9,17.5,6.4,1.61,12.9,18.9,19.5,19.5,18.4,0,0,0,0,0,0.03,0,0.006,100,0,17.1,0,5,11,12,0,0,0,"2021_10_4_0"
18.521,17.926,1660,351,2397,347,2021,10,40,277,4,1,0,1015.6,18.8,18.9,18.8,88,16.7,17.4,4.8,1.21,8,18.8,19.4,19.4,18.3,0,0,0,0,0,0,0,0.005,100,0,17.1,0,6,11,12,0,0,0,"2021_10_4_0"
18.182,17.931,1072,14,1740,0,2021,10,40,277,4,1,0,1015.5,18.6,18.8,18.6,88,16.6,17.2,3.2,0.8,6.4,18.6,19.2,19.2,18.1,0,0,0,0,0,0,0,0.003,100,0,17,0,7,13,10,0,0,0,"2021_10_4_0"
17.95,17.916,1072,346,1816,343,2021,10,40,277,4,1,0,1015.7,18.4,18.6,18.4,88,16.4,17,3.2,0.8,6.4,18.4,18.9,18.9,17.8,0,0,0,0,0,0,0,0.001,100,0,16.8,0,0,13,12,0,0,0,"2021_10_4_0"
17.871,17.871,747,160,0,0,2021,10,40,277,4,1,1,1015.6,18.2,18.4,18.2,89,16.4,17,3.2,0.8,8,18.2,18.8,18.8,17.7,0,0,0,0,0,0.03,0.001,0,100,0,16.7,0,1,13,12,0,0,0,"2021_10_4_1"
18.134,18.136,747,200,520,270,2021,10,40,277,4,1,1,1015.5,18.4,18.4,18.2,89,16.6,17.2,4.8,1.21,11.3,18.4,19,19,17.9,0,0,0,0,0,0,0,0.001,100,0,16.8,0,2,11,11,0,0,0,"2021_10_4_1"
18.693,18.516,1326,169,600,180,2021,10,40,277,4,1,1,1015.5,18.8,18.8,18.4,89,16.9,17.5,4.8,1.21,12.9,18.8,19.4,19.4,18.3,0,0,0,0,0,0,0,0.005,100,0,17.2,0,3,13,10,0,0,0,"2021_10_4_1"
18.898,18.432,1326,191,794,221,2021,10,40,277,4,1,1,1015.3,19.1,19.1,18.8,88,17,17.7,6.4,1.61,16.1,19.1,19.7,19.7,18.7,0,0,0,0,0,0,0,0.008,100,0,17.3,0,4,13,11,0,0,0,"2021_10_4_1"
19.23,18.412,1660,9,2340,0,2021,10,40,277,4,1,2,1015.3,19.1,19.2,19.1,87,16.9,17.6,6.4,1.61,12.9,19.1,19.8,19.8,18.7,0,0,0,0,0,0.03,0,0.008,100,0,17.6,0,5,13,10,0,0,0,"2021_10_4_2"
19.087,18.433,1660,351,2397,347,2021,10,40,277,4,1,2,1015.4,19.3,19.3,19.1,86,16.9,17.6,6.4,1.61,16.1,19.3,19.9,19.9,18.9,0,0,0,0,0,0,0,0.01,100,0,17.6,0,6,13,12,0,0,0,"2021_10_4_2"
18.95,18.293,1072,14,1740,0,2021,10,40,277,4,1,2,1015.4,19.3,19.3,19.3,86,16.9,17.6,6.4,1.61,16.1,19.3,19.9,19.9,18.9,0,0,0,0,0,0,0,0.01,100,0,17.6,0,7,12,11,0,0,0,"2021_10_4_2"
19.389,18.365,1072,346,1816,343,2021,10,40,277,4,1,2,1015.4,19.4,19.4,19.2,84,16.6,17.5,6.4,1.61,17.7,19.4,20,20,18.9,0,0,0,0,0,0,0,0.011,97.5,0,17.7,0,0,13,11,0,0,0,"2021_10_4_2"
18.921,18.921,747,160,0,0,2021,10,40,277,4,1,3,1015.2,19.3,19.4,19.3,84,16.6,17.4,8,2.01,16.1,19.3,19.9,19.9,18.8,0,0,0,0,0,0.03,0,0.01,95.2,0,17.7,0,1,12,11,0,0,0,"2021_10_4_3"
18.757,18.539,747,200,520,270,2021,10,40,277,4,1,3,1015.1,18.9,19.3,18.8,86,16.5,17.3,6.4,1.61,12.9,18.9,19.4,19.4,18.3,0,0,0,0,0,0,0,0.006,99.7,0,17.4,0,2,12,0,0,0,0,"2021_10_4_3"
18.918,18.713,1326,169,600,180,2021,10,40,277,4,1,3,1015.2,19.1,19.1,18.9,86,16.7,17.4,6.4,1.61,17.7,19.1,19.7,19.7,18.5,0,0,0,0,0,0,0,0.008,100,0,17.5,0,3,13,10,0,0,0,"2021_10_4_3"
18.713,18.342,1326,191,794,221,2021,10,40,277,4,1,3,1015.2,19,19.1,19,86,16.6,17.4,6.4,1.61,14.5,19,19.6,19.6,18.5,0,0,0,0,0,0,0,0.007,100,0,17.4,0,4,13,9,0,0,0,"2021_10_4_3"
18.478,17.958,1660,9,2340,0,2021,10,40,277,4,1,4,1015.1,18.7,19.1,18.7,88,16.7,17.3,4.8,1.21,11.3,18.7,19.3,19.3,18.2,0,0,0,0,0,0.03,0,0.004,100,0,17.1,0,5,13,12,0,0,0,"2021_10_4_4"
18.356,17.739,1660,351,2397,347,2021,10,40,277,4,1,4,1015.2,18.6,18.7,18.6,88,16.6,17.2,3.2,0.8,9.7,18.6,19.2,19.2,18.1,0,0,0,0,0,0,0,0.003,100,0,17,0,6,13,11,0,0,0,"2021_10_4_4"
18.362,17.828,1072,14,1740,0,2021,10,40,277,4,1,4,1015.2,18.6,18.7,18.6,89,16.8,17.4,4.8,1.21,11.3,18.6,19.2,19.2,18.1,0,0,0,0,0,0,0,0.003,100,0,17,0,7,13,10,0,0,0,"2021_10_4_4"
18.4,17.738,1072,346,1816,343,2021,10,40,277,4,1,4,1015.3,18.4,18.6,18.4,89,16.6,17.2,3.2,0.8,9.7,18.4,19,19,17.9,0,0,0,0,0,0,0,0.001,100,0,17,0,0,12,10,0,0,0,"2021_10_4_4"
18.433,18.433,747,160,0,0,2021,10,40,277,4,1,5,1015.2,18.6,18.6,18.4,88,16.5,17.2,4.8,1.21,11.3,18.6,19.1,19.1,18,0,0,0,0,0,0.03,0,0.002,100,0,17,0,1,12,11,0,0,0,"2021_10_4_5"
18.408,18.249,747,200,520,270,2021,10,40,277,4,1,5,1015.2,18.4,18.6,18.4,88,16.4,17.1,4.8,1.21,9.7,18.4,19,19,17.9,0,0,0,0,0,0,0,0.001,100,0,17.1,0,2,12,11,0,0,0,"2021_10_4_5"
18.227,18.133,1326,169,600,180,2021,10,40,277,4,1,5,1015.3,18.4,18.4,18.4,88,16.4,17,4.8,1.21,11.3,18.4,18.9,18.9,17.8,0,0,0,0,0,0,0,0.001,100,0,16.9,0,3,12,10,0,0,0,"2021_10_4_5"
18.102,17.831,1326,191,794,221,2021,10,40,277,4,1,5,1015.4,18.2,18.4,18.2,89,16.4,17,3.2,0.8,9.7,18.2,18.8,18.8,17.7,0,0,0,0,0,0,0.001,0,100,0,16.9,0,4,13,10,0,0,0,"2021_10_4_5"
18.206,17.674,1660,9,2340,0,2021,10,40,277,4,1,6,1015.3,18.2,18.3,18.2,89,16.3,16.9,3.2,0.8,6.4,18.2,18.7,18.7,17.6,0,0,0,0,0,0.03,0.002,0,100,0,16.8,0,5,13,12,0,0,0,"2021_10_4_6"
17.754,17.315,1660,351,2397,347,2021,10,40,277,4,1,6,1015.3,18.1,18.2,18,89,16.2,16.8,3.2,0.8,8,18.1,18.6,18.6,17.5,0,0,0,0,0,0,0.003,0,100,0,16.5,0,6,13,12,0,0,0,"2021_10_4_6"
17.645,17.329,1072,14,1740,0,2021,10,40,277,4,1,6,1015.1,17.8,18.1,17.8,89,16,16.6,1.6,0.4,4.8,17.8,18.3,18.3,17.2,0,0,0,0,0,0,0.005,0,100,0,16.3,0,7,13,12,0,0,0,"2021_10_4_6"
17.283,17.098,1072,346,1816,343,2021,10,40,277,4,1,6,1015.2,17.6,17.8,17.6,89,15.7,16.3,3.2,0.8,6.4,17.6,18,18,16.8,0,0,0,0,0,0,0.008,0,100,0,16.1,0,0,13,10,0,0,0,"2021_10_4_6"
16.966,16.966,747,160,0,0,2021,10,40,277,4,1,7,1015,17.4,17.6,17.4,89,15.6,16.2,1.6,0.4,4.8,17.4,17.8,17.8,16.7,0,0,0,0,0,0,0.009,0,100,0,15.9,0,1,13,10,0,0,0,"2021_10_4_7"
16.847,16.778,747,200,520,270,2021,10,40,277,4,1,7,1015.1,17.1,17.4,17.1,89,15.2,15.8,0,0,3.2,17.1,17.4,17.4,16.2,0,0,0,0,0,0,0.013,0,100,0,15.8,0,2,9,10,0,0,0,"2021_10_4_7"
16.899,16.823,1326,169,600,180,2021,10,40,277,4,1,7,1015.2,16.7,17.1,16.7,91,15.2,15.8,0,0,3.2,16.7,17.1,17.1,16,0,0,3,0.06,9,0,0.017,0,100,0,15.8,0,3,9,11,0,0,0,"2021_10_4_7"
17.534,16.984,1326,191,794,221,2021,10,40,277,4,1,7,1015.6,17.1,17.1,16.7,90,15.4,16,1.6,0.4,4.8,17.1,17.4,17.4,16.5,0,0,14,0.3,18,0,0.013,0,100,0,15.9,0,4,13,11,0,0,0,"2021_10_4_7"
18.053,17.568,1660,9,2340,0,2021,10,40,277,4,1,8,1015.8,17.8,17.8,17.1,87,15.6,16.3,3.2,0.8,11.3,17.8,18.1,18.1,17.3,0,0,23,0.49,28,0,0.006,0,100,1,16.5,0,5,13,11,0,0,0,"2021_10_4_8"
18.773,18.268,1660,351,2397,347,2021,10,40,277,4,1,8,1015.9,18.6,18.6,17.8,85,16,16.9,4.8,1.21,12.9,18.6,19.1,19.1,19.3,0,0,41,0.88,56,0,0,0.003,100,2,17,0,6,13,12,0,0,0,"2021_10_4_8"
19.453,18.785,1072,14,1740,0,2021,10,40,277,4,1,8,1015.9,19.3,19.3,18.6,82,16.1,17.1,4.8,1.21,14.5,19.3,19.8,19.8,20.8,0,0,73,1.57,90,0,0,0.01,98.7,2,17.7,0,7,13,10,0,0,0,"2021_10_4_8"
20.11,19.555,1072,346,1816,343,2021,10,40,277,4,1,8,1016.2,19.9,19.9,19.3,82,16.8,17.7,6.4,1.61,12.9,19.9,20.6,20.6,22.4,0,0,111,2.39,132,0,0,0.017,95.1,3,18.5,0,0,13,10,0,0,0,"2021_10_4_8"
20.816,20.816,747,160,0,0,2021,10,40,277,4,1,9,1016.3,20.6,20.6,19.9,79,16.8,17.9,6.4,1.61,14.5,20.6,21.3,21.3,23.9,0,0,156,3.36,176,0.08,0,0.023,89.5,4,19.2,0,1,13,11,0,0,0,"2021_10_4_9"
21.613,21.679,747,200,520,270,2021,10,40,277,4,1,9,1016.6,21,21,20.6,77,16.8,18,8,2.01,17.7,21,21.6,21.6,24.9,0,0,203,4.37,229,0,0,0.028,86.8,5,19.9,0,2,12,11,0,0,0,"2021_10_4_9"
22.217,21.576,1326,169,600,180,2021,10,40,277,4,1,9,1016.7,21.4,21.4,21,76,17,18.3,9.7,2.41,17.7,21.4,22,22,26.1,0,0,257,5.53,281,0,0,0.032,80.6,6,20.6,0,3,13,10,0,0,0,"2021_10_4_9"
23.195,22.643,1326,191,794,221,2021,10,40,277,4,1,9,1016.5,21.8,21.8,21.4,76,17.4,18.7,11.3,2.82,19.3,21.8,22.4,22.4,27,0,0,303,6.52,330,0,0,0.036,81,10,21.4,0,4,13,10,0,0,0,"2021_10_4_9"
23.312,22.404,1660,9,2340,0,2021,10,40,277,4,1,10,1016.6,22.1,22.1,21.8,75,17.4,18.7,11.3,2.82,22.5,22.1,22.6,22.6,27.6,0,0,354,7.61,396,0.2,0,0.039,77.9,10,21.9,0,5,13,12,0,0,0,"2021_10_4_10"
23.752,24.597,1660,351,2397,347,2021,10,40,277,4,1,10,1016.4,22,22.1,21.9,76,17.6,18.8,9.7,2.41,24.1,22,22.6,22.6,26.9,0,0,301,6.47,406,0,0,0.038,78.6,31,22.3,0,6,13,11,0,0,0,"2021_10_4_10"
23.477,23.471,1072,14,1740,0,2021,10,40,277,4,1,10,1016.5,22.4,22.6,22,74,17.6,18.9,9.7,2.41,20.9,22.4,23,23,28,0,0,368,7.92,512,0,0,0.043,77.6,14,22.5,0,7,13,11,0,0,0,"2021_10_4_10"
23.453,24.505,1072,346,1816,343,2021,10,40,277,4,1,10,1016.4,22.2,22.4,22.1,76,17.7,19,9.7,2.41,19.3,22.2,22.8,22.8,25.9,0,0,239,5.14,322,0,0,0.04,76.9,29,22.4,0,0,13,10,0,0,0,"2021_10_4_10"
25.838,25.838,747,160,0,0,2021,10,40,277,4,1,11,1017,23.3,23.3,22.2,73,18.2,19.5,11.3,2.82,19.3,23.3,24,24,29.6,0,0,472,10.15,571,0.25,0,0.052,68.5,37,24.9,0,1,11,12,0,0,0,"2021_10_4_11"
25.928,28.693,747,200,520,270,2021,10,40,277,4,1,11,1016.5,23.8,23.9,23.3,70,18,19.6,11.3,2.82,19.3,23.8,24.5,24.5,30.5,0,0,545,11.72,577,0,0,0.057,65.1,25,25.2,0,2,11,10,0,0,0,"2021_10_4_11"
25.978,25.096,1326,169,600,180,2021,10,40,277,4,1,11,1016.1,23.9,24,23.7,70,18.1,19.7,11.3,2.82,25.7,23.9,24.7,24.7,30.6,0,0,541,11.64,561,0,0,0.058,66.4,46,25.1,0,3,13,11,0,0,0,"2021_10_4_11"
24.305,23.972,1326,191,794,221,2021,10,40,277,4,1,11,1015.3,23.4,24,23.4,69,17.4,19,12.9,3.22,24.1,22.9,24,23.5,27.9,0,0,392,8.43,643,0,0,0.053,65.8,12,23.9,0,4,13,11,0,0,0,"2021_10_4_11"
23.309,22.922,1660,9,2340,0,2021,10,40,277,4,1,12,1015.5,23,23.4,23,70,17.2,18.8,11.3,2.82,20.9,23,23.5,23.5,25.7,0,0,199,4.28,288,0.3,0,0.049,71.5,6,22.6,0,5,13,11,0,0,0,"2021_10_4_12"
23.096,22.842,1660,351,2397,347,2021,10,40,277,4,1,12,1015.7,22.8,23,22.8,70,17.1,18.6,9.7,2.41,20.9,22.8,23.3,23.3,24.4,0,0,128,2.75,146,0,0,0.047,73.5,7,22.1,0,6,13,0,0,0,0,"2021_10_4_12"
23.657,23.337,1072,14,1740,0,2021,10,40,277,4,1,12,1016.1,23,23.1,22.8,71,17.5,19,8,2.01,17.7,23,23.6,23.6,25.2,0,0,165,3.55,185,0,0,0.049,73.2,8,22.5,0,7,13,10,0,0,0,"2021_10_4_12"
23.534,23.142,1072,346,1816,343,2021,10,40,277,4,1,12,1016.2,23.1,23.1,23,70,17.3,18.9,8,2.01,17.7,23.1,23.7,23.7,24.9,0,0,143,3.08,186,0,0,0.05,71,6,22.4,0,0,12,13,0,0,0,"2021_10_4_12"
23.671,23.671,747,160,0,0,2021,10,40,277,4,1,13,1016.4,23.3,23.3,23.1,69,17.3,18.9,9.7,2.41,17.7,23.3,23.8,23.8,25.3,0,0,155,3.33,190,0.13,0,0.052,70,7,22.6,0,1,4,0,0,0,0,"2021_10_4_13"
23.306,23.178,747,200,520,270,2021,10,40,277,4,1,13,1016.1,23.1,23.3,23.1,70,17.3,18.9,9.7,2.41,16.1,23.1,23.7,23.7,24.8,0,0,138,2.97,188,0,0,0.05,71.3,5,22.3,0,2,4,0,0,0,0,"2021_10_4_13"
22.875,22.64,1326,169,600,180,2021,10,40,277,4,1,13,1016.1,22.5,23.1,22.5,75,17.8,19.1,8,2.01,17.7,22.5,23.2,23.2,24,0,0,114,2.45,153,0,0,0.043,78.5,8,21.8,0,3,12,11,0,0,0,"2021_10_4_13"
23.201,22.664,1326,191,794,221,2021,10,40,277,4,1,13,1016.3,22.7,22.7,22.5,75,18.1,19.3,4.8,1.21,12.9,22.7,23.4,23.4,24.8,0,0,150,3.23,167,0,0,0.046,79.5,9,22.2,0,4,12,11,0,0,0,"2021_10_4_13"
23.911,23.537,1660,9,2340,0,2021,10,40,277,4,1,14,1016.3,23.2,23.2,22.7,75,18.5,19.8,4.8,1.21,11.3,23.2,24,24,26.4,0,0,220,4.73,234,0.13,0,0.05,73.8,9,22.8,0,5,12,11,0,0,0,"2021_10_4_14"
23.895,23.726,1660,351,2397,347,2021,10,40,277,4,1,14,1015.7,23.3,23.3,23.2,73,18.2,19.6,8,2.01,19.3,23.3,24.1,24.1,26.2,0,0,198,4.26,207,0,0,0.052,73,8,22.9,0,6,12,10,0,0,0,"2021_10_4_14"
23.596,23.66,1072,14,1740,0,2021,10,40,277,4,1,14,1015.5,23.1,23.4,23.1,73,18,19.4,8,2.01,19.3,23.1,23.8,23.8,25.7,0,0,177,3.81,188,0,0,0.05,77.9,9,22.6,0,7,13,11,0,0,0,"2021_10_4_14"
24.006,23.841,1072,346,1816,343,2021,10,40,277,4,1,14,1015.7,23.3,23.3,23.1,72,17.9,19.4,8,2.01,16.1,23.3,24,24,26.3,0,0,209,4.5,234,0,0,0.052,76.7,8,23.1,0,0,13,0,0,0,0,"2021_10_4_14"
24.238,24.238,747,160,0,0,2021,10,40,277,4,1,15,1015.6,23.3,23.3,23.3,71,17.7,19.2,9.7,2.41,17.7,23.3,23.9,23.9,26.3,0,0,207,4.45,325,0.15,0,0.052,70.1,10,23.4,0,1,12,11,0,0,0,"2021_10_4_15"
23.875,23.975,747,200,520,270,2021,10,40,277,4,1,15,1015.5,22.7,23.4,22.7,78,18.6,19.7,11.3,2.82,20.9,22.7,23.5,23.5,26.6,0,0,256,5.51,292,0,0,0.045,75.8,9,23,0,2,4,0,0,0,0,"2021_10_4_15"
23.754,24.142,1326,169,600,180,2021,10,40,277,4,1,15,1015.8,22.2,22.7,22.2,79,18.4,19.5,11.3,2.82,20.9,22.2,23,23,26,0,0,242,5.21,367,0,0,0.041,76.1,24,23,0,3,4,0,0,0,0,"2021_10_4_15"
24.348,23.955,1326,191,794,221,2021,10,40,277,4,1,15,1016,22.9,22.9,22.2,80,19.3,20.2,12.9,3.22,24.1,22.4,23.9,23.3,28.9,0,0,486,10.45,622,0,0,0.047,71.5,18,24.7,0,4,4,13,0,0,0,"2021_10_4_15"
23.453,23.623,1660,9,2340,0,2021,10,40,277,4,1,16,1015.1,22.8,23.1,22.8,78,18.8,19.9,11.3,2.82,22.5,22.8,23.7,23.7,28.9,0,0,410,8.82,534,0.25,0,0.047,74,8,23.5,0,5,12,11,0,0,0,"2021_10_4_16"
23.121,23.372,1660,351,2397,347,2021,10,40,277,4,1,16,1014.7,22.3,22.8,22.3,80,18.7,19.7,11.3,2.82,20.9,22.3,23.1,23.1,25.1,0,0,160,3.44,195,0,0,0.041,79.7,7,22.7,0,6,13,0,0,0,0,"2021_10_4_16"
22.479,22.377,1072,14,1740,0,2021,10,40,277,4,1,16,1014.8,21.9,22.4,21.9,81,18.5,19.5,11.3,2.82,20.9,21.9,22.8,22.8,24.2,0,0,117,2.52,216,0,0,0.038,81.3,4,21.9,0,7,13,0,0,0,0,"2021_10_4_16"
22.375,22.298,1072,346,1816,343,2021,10,40,277,4,1,16,1015,21.9,21.9,21.8,80,18.3,19.3,11.3,2.82,20.9,21.9,22.7,22.7,23.7,0,0,95,2.04,139,0,0,0.037,81.7,4,21.6,0,0,13,10,0,0,0,"2021_10_4_16"
22.389,22.389,747,160,0,0,2021,10,40,277,4,1,17,1014.6,22,22.1,21.8,78,18,19.1,11.3,2.82,22.5,22,22.7,22.7,24.2,0,0,112,2.41,142,0.1,0,0.038,80.8,4,21.6,0,1,13,12,0,0,0,"2021_10_4_17"
21.86,21.733,747,200,520,270,2021,10,40,277,4,1,17,1014.6,21.7,22.1,21.7,78,17.7,18.9,11.3,2.82,20.9,21.7,22.4,22.4,23.1,0,0,71,1.53,105,0,0,0.035,80.1,2,21,0,2,13,0,0,0,0,"2021_10_4_17"
21.46,21.366,1326,169,600,180,2021,10,40,277,4,1,17,1014.6,21.6,21.7,21.6,78,17.6,18.7,11.3,2.82,20.9,21.6,22.2,22.2,22.1,0,0,34,0.73,49,0,0,0.034,83.2,1,20.6,0,3,13,11,0,0,0,"2021_10_4_17"
21.358,20.941,1326,191,794,221,2021,10,40,277,4,1,17,1014.6,21.4,21.6,21.4,79,17.6,18.7,8,2.01,17.7,21.4,22.1,22.1,21.9,0,0,29,0.62,30,0,0,0.032,85.7,1,20.4,0,4,12,10,0,0,0,"2021_10_4_17"
20.889,20.601,1660,9,2340,0,2021,10,40,277,4,1,18,1014.2,21.1,21.4,21.1,78,17.1,18.2,8,2.01,17.7,21.1,21.7,21.7,21.4,0,0,24,0.52,32,0.05,0,0.028,83.3,0,19.9,0,5,13,10,0,0,0,"2021_10_4_18"
20.192,19.967,1660,351,2397,347,2021,10,40,277,4,1,18,1014.2,20.4,21.1,20.4,82,17.3,18.2,9.7,2.41,17.7,20.4,21.3,21.3,20.5,0,0,5,0.11,14,0,0,0.022,89.5,0,19.2,0,6,13,11,0,0,0,"2021_10_4_18"
19.624,19.588,1072,14,1740,0,2021,10,40,277,4,1,18,1014.2,19.8,20.4,19.8,85,17.2,18,9.7,2.41,16.1,19.8,20.6,20.6,19.7,0.2,0,0,0,0,0,0,0.016,95.4,0,18.8,0,7,12,10,0,0,0,"2021_10_4_18"
19.329,19.277,1072,346,1816,343,2021,10,40,277,4,1,18,1014.2,19.4,19.8,19.4,88,17.3,18,8,2.01,16.1,19.4,20.2,20.2,19.1,0.2,0,0,0,0,0,0,0.011,98.8,0,18.4,0,0,12,10,0,0,0,"2021_10_4_18"
19.3,19.3,747,160,0,0,2021,10,40,277,4,1,19,1014.4,19.3,19.4,19.3,88,17.3,17.9,11.3,2.82,22.5,19.3,20.1,20.1,19.1,0,0,0,0,0,0.03,0,0.01,99.1,0,18.3,0,1,13,10,0,0,0,"2021_10_4_19"
19.237,19.19,747,200,520,270,2021,10,40,277,4,1,19,1014.1,19.3,19.4,19.3,88,17.3,17.9,11.3,2.82,20.9,19.3,20.1,20.1,19.1,0,0,0,0,0,0,0,0.01,99.5,0,18.2,0,2,13,11,0,0,0,"2021_10_4_19"
19.185,19.078,1326,169,600,180,2021,10,40,277,4,1,19,1014,19.3,19.3,19.3,86,16.9,17.6,11.3,2.82,20.9,19.3,19.9,19.9,18.9,0,0,0,0,0,0,0,0.01,97,0,18.1,0,3,13,10,0,0,0,"2021_10_4_19"
19.091,18.735,1326,191,794,221,2021,10,40,277,4,1,19,1013.5,19.2,19.3,19.2,85,16.6,17.4,12.9,3.22,27.4,18.9,19.8,19.5,18.5,0,0,0,0,0,0,0,0.009,96.2,0,17.9,0,4,11,10,0,0,0,"2021_10_4_19"
18.989,18.935,1660,9,2340,0,2021,10,40,277,4,1,20,1013.5,19.2,19.3,19.2,84,16.5,17.3,11.3,2.82,19.3,19.2,19.8,19.8,18.7,0,0,0,0,0,0.03,0,0.009,95.8,0,17.8,0,5,13,12,0,0,0,"2021_10_4_20"
19.181,19.008,1660,351,2397,347,2021,10,40,277,4,1,20,1013.1,19.2,19.2,19.1,85,16.6,17.4,11.3,2.82,22.5,19.2,19.8,19.8,18.7,0,0,0,0,0,0,0,0.009,96.9,0,17.9,0,6,13,11,0,0,0,"2021_10_4_20"
19.365,19.344,1072,14,1740,0,2021,10,40,277,4,1,20,1012.8,19.4,19.4,19.2,85,16.9,17.7,12.9,3.22,27.4,19.1,20.1,19.8,18.8,0,0,0,0,0,0,0,0.012,97,0,18.1,0,7,13,12,0,0,0,"2021_10_4_20"
19.551,19.389,1072,346,1816,343,2021,10,40,277,4,1,20,1013.3,19.6,19.6,19.4,86,17.1,17.9,12.9,3.22,24.1,19.2,20.3,19.9,18.9,0,0,0,0,0,0,0,0.013,98.1,0,18.2,0,0,13,10,0,0,0,"2021_10_4_20"
19.526,19.526,747,160,0,0,2021,10,40,277,4,1,21,1013.5,19.7,19.8,19.6,86,17.3,18.1,11.3,2.82,22.5,19.7,20.5,20.5,19.5,0,0,0,0,0,0.03,0,0.014,99.2,0,18.3,0,1,13,10,0,0,0,"2021_10_4_21"
19.701,19.606,747,200,520,270,2021,10,40,277,4,1,21,1013.9,19.8,19.8,19.7,87,17.6,18.2,9.7,2.41,19.3,19.8,20.6,20.6,19.6,0,0,0,0,0,0,0,0.015,99.9,0,18.4,0,2,11,10,0,0,0,"2021_10_4_21"
19.93,19.796,1326,169,600,180,2021,10,40,277,4,1,21,1013.7,20,20,19.7,87,17.8,18.4,11.3,2.82,20.9,20,20.9,20.9,19.9,0,0,0,0,0,0,0,0.017,99.3,0,18.7,0,3,11,9,0,0,0,"2021_10_4_21"
19.937,19.537,1326,191,794,221,2021,10,40,277,4,1,21,1013.5,20.2,20.2,20,86,17.7,18.5,11.3,2.82,22.5,20.2,21.1,21.1,20,0,0,0,0,0,0,0,0.019,100,0,18.8,0,4,11,11,0,0,0,"2021_10_4_21"
20.07,19.967,1660,9,2340,0,2021,10,40,277,4,1,22,1013.3,20.2,20.3,20.2,87,18,18.7,11.3,2.82,19.3,20.2,21.2,21.2,20.2,0,0,0,0,0,0.03,0,0.02,99.5,0,18.9,0,5,11,12,0,0,0,"2021_10_4_22"
20.15,19.952,1660,351,2397,347,2021,10,40,277,4,1,22,1012.9,20.3,20.3,20.2,87,18,18.7,12.9,3.22,22.5,19.9,21.2,20.9,19.9,0,0,0,0,0,0,0,0.02,100,0,18.9,0,6,11,12,0,0,0,"2021_10_4_22"
20.043,20.001,1072,14,1740,0,2021,10,40,277,4,1,22,1013,20.2,20.3,20.2,88,18.2,18.8,11.3,2.82,22.5,20.2,21.2,21.2,20.2,0,0,0,0,0,0,0,0.02,100,0,18.9,0,7,11,10,0,0,0,"2021_10_4_22"
19.903,19.811,1072,346,1816,343,2021,10,40,277,4,1,22,1012.9,20.1,20.3,20.1,89,18.2,18.8,11.3,2.82,27.4,20.1,21.1,21.1,20.1,0.2,0,0,0,0,0,0,0.019,100,0,18.7,0,0,11,10,0,0,0,"2021_10_4_22"
19.862,19.862,747,160,0,0,2021,10,40,277,4,1,23,1013,19.9,20.1,19.9,89,18.1,18.6,11.3,2.82,20.9,19.9,20.9,20.9,19.9,0,0,0,0,0,0.03,0,0.017,100,0,18.6,0,1,11,12,0,0,0,"2021_10_4_23"
19.582,19.497,747,200,520,270,2021,10,40,277,4,1,23,1013,19.9,20,19.9,90,18.2,18.7,8,2.01,16.1,19.9,20.9,20.9,19.9,0.6,6.6,0,0,0,0,0,0.016,100,0,18.5,0,2,11,9,0,0,0,"2021_10_4_23"
19.454,19.417,1326,169,600,180,2021,10,40,277,4,1,23,1012.9,19.8,19.9,19.7,91,18.3,18.7,8,2.01,20.9,19.8,20.8,20.8,19.8,0.4,6.6,0,0,0,0,0,0.015,100,0,18.5,0,3,11,12,0,0,0,"2021_10_4_23"
19.392,19.222,1326,191,794,221,2021,10,40,277,4,1,23,1012.9,19.5,19.7,19.5,93,18.3,18.7,6.4,1.61,12.9,19.5,20.5,20.5,19.5,2.6,31,0,0,0,0,0,0.012,100,0,18.4,0,4,11,12,0,0,0,"2021_10_4_23"
19.41,19.338,1660,9,2340,0,2021,10,40,278,5,2,0,1012.9,19.4,19.6,19.4,94,18.4,18.7,3.2,0.8,9.7,19.4,20.4,20.4,19.4,3.4,22,0,0,0,0.03,0,0.011,100,0,18.4,0,5,3,1,0,0,0,"2021_10_5_0"
19.404,19.335,1660,351,2397,347,2021,10,40,278,5,2,0,1013,19.4,19.4,19.3,94,18.4,18.7,4.8,1.21,17.7,19.4,20.4,20.4,19.4,1.2,15.2,0,0,0,0,0,0.011,100,0,18.4,0,6,4,0,0,0,0,"2021_10_5_0"
19.254,19.273,1072,14,1740,0,2021,10,40,278,5,2,0,1012.6,19.3,19.4,19.3,94,18.3,18.6,3.2,0.8,8,19.3,20.2,20.2,19.2,0.4,1.8,0,0,0,0,0,0.01,100,0,18.3,0,7,12,11,0,0,0,"2021_10_5_0"
19.237,19.196,1072,346,1816,343,2021,10,40,278,5,2,0,1012.3,19.2,19.3,19.2,94,18.2,18.5,3.2,0.8,9.7,19.2,20.2,20.2,19.1,0.8,4.6,0,0,0,0,0,0.009,100,0,18.2,0,0,13,11,0,0,0,"2021_10_5_0"
19.206,19.206,747,160,0,0,2021,10,40,278,5,2,1,1011.8,19.1,19.2,19.1,95,18.3,18.5,4.8,1.21,12.9,19.1,20,20,19,0.4,3,0,0,0,0,0,0.008,100,0,18.2,0,1,13,11,0,0,0,"2021_10_5_1"
19.187,19.155,747,200,520,270,2021,10,40,278,5,2,1,1011.5,19.1,19.2,19.1,95,18.3,18.5,6.4,1.61,12.9,19.1,20,20,19,0.4,1.6,0,0,0,0,0,0.008,100,0,18.2,0,2,13,10,0,0,0,"2021_10_5_1"
19.163,19.109,1326,169,600,180,2021,10,40,278,5,2,1,1011.1,19.1,19.1,19.1,96,18.4,18.6,6.4,1.61,16.1,19.1,20.1,20.1,19.1,0.4,2.8,0,0,0,0,0,0.008,100,0,18.1,0,3,11,12,0,0,0,"2021_10_5_1"
19.102,18.944,1326,191,794,221,2021,10,40,278,5,2,1,1010.9,19.1,19.1,19.1,96,18.4,18.6,4.8,1.21,12.9,19.1,20.1,20.1,19.1,0.4,2,0,0,0,0,0,0.008,100,0,18.1,0,4,11,12,0,0,0,"2021_10_5_1"
19.032,19.138,1660,9,2340,0,2021,10,40,278,5,2,2,1010.8,19.1,19.1,19,95,18.2,18.5,3.2,0.8,6.4,19.1,20,20,19,0.2,1,0,0,0,0,0,0.008,100,0,18,0,5,11,9,0,0,0,"2021_10_5_2"
19.007,19.008,1660,351,2397,347,2021,10,40,278,5,2,2,1011,18.9,19.1,18.9,95,18.1,18.4,3.2,0.8,4.8,18.9,19.8,19.8,18.8,0.2,1,0,0,0,0,0,0.006,100,0,18,0,6,11,12,0,0,0,"2021_10_5_2"
19.02,18.977,1072,14,1740,0,2021,10,40,278,5,2,2,1011.1,18.8,19,18.8,96,18.2,18.4,3.2,0.8,6.4,18.8,19.8,19.8,18.8,0,0.8,0,0,0,0,0,0.005,100,0,18,0,7,11,10,0,0,0,"2021_10_5_2"
18.973,18.872,1072,346,1816,343,2021,10,40,278,5,2,2,1011.1,18.8,18.9,18.8,96,18.2,18.4,3.2,0.8,6.4,18.8,19.8,19.8,18.8,0.2,0.8,0,0,0,0,0,0.005,100,0,17.9,0,0,13,12,0,0,0,"2021_10_5_2"
18.946,18.946,747,160,0,0,2021,10,40,278,5,2,3,1011.2,18.8,18.8,18.8,96,18.1,18.3,1.6,0.4,4.8,18.8,19.7,19.7,18.7,0,0,0,0,0,0,0,0.005,100,0,17.9,0,1,13,10,0,0,0,"2021_10_5_3"
18.94,18.907,747,200,520,270,2021,10,40,278,5,2,3,1010.9,18.8,18.8,18.8,97,18.3,18.4,1.6,0.4,3.2,18.8,19.8,19.8,18.8,0,0,0,0,0,0,0,0.005,100,0,17.9,0,2,13,10,0,0,0,"2021_10_5_3"
18.904,18.869,1326,169,600,180,2021,10,40,278,5,2,3,1010.6,18.7,18.8,18.7,96,18.1,18.3,3.2,0.8,6.4,18.7,19.7,19.7,18.7,0,0,0,0,0,0,0,0.004,100,0,17.9,0,3,11,12,0,0,0,"2021_10_5_3"
18.901,18.733,1326,191,794,221,2021,10,40,278,5,2,3,1010.6,18.7,18.8,18.7,96,18.1,18.3,3.2,0.8,6.4,18.7,19.7,19.7,18.7,0,0,0,0,0,0,0,0.004,100,0,17.9,0,4,13,11,0,0,0,"2021_10_5_3"
18.831,18.892,1660,9,2340,0,2021,10,40,278,5,2,4,1010.4,18.7,18.8,18.7,96,18.1,18.3,3.2,0.8,11.3,18.7,19.7,19.7,18.7,0,0,0,0,0,0,0,0.004,100,0,17.9,0,5,13,11,0,0,0,"2021_10_5_4"
18.736,18.69,1660,351,2397,347,2021,10,40,278,5,2,4,1009.8,18.6,18.7,18.6,95,17.8,18.1,6.4,1.61,16.1,18.6,19.4,19.4,18.4,0,0,0,0,0,0,0,0.003,100,0,17.7,0,6,13,11,0,0,0,"2021_10_5_4"
18.614,18.475,1072,14,1740,0,2021,10,40,278,5,2,4,1009.8,18.6,18.6,18.6,94,17.6,17.9,4.8,1.21,12.9,18.6,19.3,19.3,18.3,0,0,0,0,0,0,0,0.002,100,0,17.5,0,7,12,11,0,0,0,"2021_10_5_4"
18.521,18.423,1072,346,1816,343,2021,10,40,278,5,2,4,1009.9,18.5,18.6,18.4,94,17.5,17.8,3.2,0.8,8,18.5,19.3,19.3,18.2,0,0,0,0,0,0,0,0.002,100,0,17.4,0,0,13,12,0,0,0,"2021_10_5_4"
18.383,18.383,747,160,0,0,2021,10,40,278,5,2,5,1009.8,18.3,18.4,18.3,94,17.4,17.7,3.2,0.8,6.4,18.3,19.1,19.1,18,0,0,0,0,0,0,0,0,100,0,17.4,0,1,13,12,0,0,0,"2021_10_5_5"
18.341,18.322,747,200,520,270,2021,10,40,278,5,2,5,1010,18.3,18.4,18.3,94,17.3,17.6,3.2,0.8,6.4,18.3,19,19,18,0,0,0,0,0,0,0.001,0,100,0,17.3,0,2,11,12,0,0,0,"2021_10_5_5"
18.246,18.175,1326,169,600,180,2021,10,40,278,5,2,5,1009.8,18.2,18.3,18.2,94,17.2,17.6,3.2,0.8,6.4,18.2,18.9,18.9,17.9,0,0,0,0,0,0,0.001,0,100,0,17.3,0,3,13,10,0,0,0,"2021_10_5_5"
18.133,17.983,1326,191,794,221,2021,10,40,278,5,2,5,1009.8,18.1,18.2,18.1,94,17.1,17.4,3.2,0.8,9.7,18.1,18.8,18.8,17.8,0,0,0,0,0,0,0.002,0,100,0,17.1,0,4,13,10,0,0,0,"2021_10_5_5"
18.039,18.045,1660,9,2340,0,2021,10,40,278,5,2,6,1009.9,18.1,18.1,18.1,94,17.1,17.4,3.2,0.8,9.7,18.1,18.7,18.7,17.7,0,0,0,0,0,0,0.003,0,100,0,16.9,0,5,12,11,0,0,0,"2021_10_5_6"
17.966,17.986,1660,351,2397,347,2021,10,40,278,5,2,6,1009.9,17.9,18.1,17.9,94,17,17.3,3.2,0.8,9.7,17.9,18.6,18.6,17.6,0,0,0,0,0,0,0.004,0,100,0,16.9,0,6,13,11,0,0,0,"2021_10_5_6"
17.813,17.69,1072,14,1740,0,2021,10,40,278,5,2,6,1009.8,17.8,17.9,17.8,94,16.9,17.2,3.2,0.8,9.7,17.8,18.5,18.5,17.4,0,0,0,0,0,0,0.005,0,100,0,16.7,0,7,13,11,0,0,0,"2021_10_5_6"
17.654,17.638,1072,346,1816,343,2021,10,40,278,5,2,6,1009.8,17.7,17.8,17.7,94,16.7,17.1,3.2,0.8,9.7,17.7,18.3,18.3,17.3,0,0,0,0,0,0,0.006,0,100,0,16.5,0,0,13,10,0,0,0,"2021_10_5_6"
17.626,17.626,747,160,0,0,2021,10,40,278,5,2,7,1009.9,17.6,17.7,17.6,94,16.6,17,1.6,0.4,4.8,17.6,18.2,18.2,17.1,0,0,0,0,0,0,0.008,0,100,0,16.6,0,1,12,11,0,0,0,"2021_10_5_7"
17.528,17.421,747,200,520,270,2021,10,40,278,5,2,7,1010.1,17.4,17.6,17.4,94,16.5,16.8,0,0,1.6,17.4,18,18,16.9,0,0,0,0,0,0,0.009,0,100,0,16.6,0,2,9,11,0,0,0,"2021_10_5_7"
17.543,17.544,1326,169,600,180,2021,10,40,278,5,2,7,1010.3,17.3,17.4,17.3,95,16.5,16.7,0,0,3.2,17.3,17.8,17.8,16.8,0,0,0,0,0,0,0.011,0,100,0,16.5,0,3,9,11,0,0,0,"2021_10_5_7"
17.61,17.416,1326,191,794,221,2021,10,40,278,5,2,7,1010.5,17.3,17.3,17.2,95,16.5,16.7,0,0,1.6,17.3,17.8,17.8,16.8,0,0,3,0.06,7,0,0.011,0,100,0,16.6,0,4,9,11,0,0,0,"2021_10_5_7"
17.891,17.937,1660,9,2340,0,2021,10,40,278,5,2,8,1010.7,17.3,17.3,17.3,96,16.7,16.9,1.6,0.4,3.2,17.3,18,18,17.1,0,0,15,0.32,19,0,0.01,0,100,1,16.8,0,5,12,11,0,0,0,"2021_10_5_8"
18.31,18.216,1660,351,2397,347,2021,10,40,278,5,2,8,1010.9,17.5,17.5,17.3,96,16.9,17.1,0,0,3.2,17.5,18.2,18.2,18.1,0,0,27,0.58,28,0,0.009,0,100,1,17.1,0,6,9,11,0,0,0,"2021_10_5_8"
18.555,18.328,1072,14,1740,0,2021,10,40,278,5,2,8,1011,17.7,17.7,17.5,97,17.2,17.4,1.6,0.4,3.2,17.7,18.5,18.5,18.6,0,0,33,0.71,37,0,0.006,0,100,1,17.2,0,7,12,11,0,0,0,"2021_10_5_8"
18.372,18.161,1072,346,1816,343,2021,10,40,278,5,2,8,1011,17.8,17.8,17.7,96,17.2,17.4,0,0,0,17.8,18.6,18.6,18.7,0,0,38,0.82,42,0,0.005,0,100,1,17.2,0,0,9,8,0,0,0,"2021_10_5_8"
18.809,18.809,747,160,0,0,2021,10,40,278,5,2,9,1011.4,17.9,17.9,17.8,96,17.2,17.5,0,0,3.2,17.9,18.7,18.7,19.1,0,0,55,1.18,69,0.03,0.005,0,100,2,17.5,0,1,9,11,0,0,0,"2021_10_5_9"
19.755,19.905,747,200,520,270,2021,10,40,278,5,2,9,1011.8,18.1,18.1,17.9,96,17.5,17.7,0,0,4.8,18.1,18.9,18.9,19.8,0,0,76,1.63,104,0,0.002,0,100,5,18.3,0,2,9,5,0,0,0,"2021_10_5_9"
21.628,21.127,1326,169,600,180,2021,10,40,278,5,2,9,1013.6,18.9,18.9,18.1,96,18.3,18.5,1.6,0.4,4.8,18.9,19.9,19.9,22.8,0,0,181,3.89,332,0,0,0.006,100,6,19.7,0,3,10,9,0,0,0,"2021_10_5_9"
22.435,22.1,1326,191,794,221,2021,10,40,278,5,2,9,1012.7,19.6,19.6,18.9,88,17.5,18.1,1.6,0.4,4.8,19.6,20.4,20.4,23.6,0,0,210,4.52,322,0,0,0.013,93.8,2,19.9,0,4,15,9,0,0,0,"2021_10_5_9"
21.551,20.399,1660,9,2340,0,2021,10,40,278,5,2,10,1012.1,19.9,19.9,19.6,83,16.9,17.8,4.8,1.21,14.5,19.9,20.6,20.6,22.7,0,0,155,3.33,313,0.1,0,0.016,91.9,8,19.5,0,5,8,16,0,0,0,"2021_10_5_10"
22.404,22.336,1660,351,2397,347,2021,10,40,278,5,2,10,1013.2,20.4,20.4,19.9,76,16.1,17.4,8,2.01,22.5,20.4,21,21,24.9,0,0,281,6.04,387,0,0,0.022,77.8,26,20.3,0,6,8,6,0,0,0,"2021_10_5_10"
22.838,22.441,1072,14,1740,0,2021,10,40,278,5,2,10,1012.9,20.9,20.9,20.5,72,15.7,17.2,11.3,2.82,20.9,20.9,21.2,21.2,26.5,0,0,416,8.95,512,0,0,0.027,73.3,10,20.8,0,7,8,7,0,0,0,"2021_10_5_10"
21.61,21.461,1072,346,1816,343,2021,10,40,278,5,2,10,1010.3,20.3,20.9,20.3,69,14.4,16.2,9.7,2.41,20.9,20.3,20.4,20.4,23.1,0,0,220,4.73,360,0,0,0.02,79.7,11,20.3,0,0,8,6,0,0,0,"2021_10_5_10"
23.624,23.624,747,160,0,0,2021,10,40,278,5,2,11,1013.1,20.9,20.9,20.3,69,15,16.7,8,2.01,14.5,20.9,21,21,26.1,0,0,418,8.99,545,0.23,0,0.027,69.5,35,21.7,0,1,8,7,0,0,0,"2021_10_5_11"
25.65,29.388,747,200,520,270,2021,10,40,278,5,2,11,1013.7,21.4,21.4,20.9,66,14.8,16.7,4.8,1.21,12.9,21.4,21.4,21.4,27.1,0,0,489,10.52,533,0,0,0.032,64,33,22.6,0,2,8,6,0,0,0,"2021_10_5_11"
26.289,24.803,1326,169,600,180,2021,10,40,278,5,2,11,1013.4,21.7,21.7,21.4,66,15.1,17,4.8,1.21,9.7,21.7,21.8,21.8,27.6,0,0,531,11.42,622,0,0,0.035,65.8,49,23.8,0,3,8,7,0,0,0,"2021_10_5_11"
27.785,27.035,1326,191,794,221,2021,10,40,278,5,2,11,1013.3,22.3,22.3,21.8,63,14.9,17,4.8,1.21,12.9,22.3,22.3,22.3,28.4,0,0,629,13.53,722,0,0,0.041,60.5,22,25.1,0,4,8,7,0,0,0,"2021_10_5_11"
26.514,24.161,1660,9,2340,0,2021,10,40,278,5,2,12,1011.9,22.3,22.4,22.2,63,14.9,17,4.8,1.21,14.5,22.3,22.4,22.4,28.5,0,0,644,13.85,726,0.36,0,0.042,54,31,24.7,0,5,8,6,0,0,0,"2021_10_5_12"
27.862,26.488,1660,351,2397,347,2021,10,40,278,5,2,12,1012.9,22.6,22.6,22.2,66,15.9,17.7,4.8,1.21,11.3,22.6,22.8,22.8,29,0,0,607,13.06,636,0,0,0.044,61.4,33,25.7,0,6,7,4,0,0,0,"2021_10_5_12"
27.596,26.683,1072,14,1740,0,2021,10,40,278,5,2,12,1011.5,22.7,22.8,22.5,64,15.6,17.5,4.8,1.21,11.3,22.7,23,23,29.2,0,0,624,13.42,751,0,0,0.046,62,41,25.7,0,7,7,6,0,0,0,"2021_10_5_12"
25.56,23.948,1072,346,1816,343,2021,10,40,278,5,2,12,1009.7,22.5,22.9,22.4,61,14.6,16.8,4.8,1.21,11.3,22.5,22.6,22.6,25.7,0,0,290,6.24,345,0,0,0.043,59.9,11,24.4,0,0,2,5,0,0,0,"2021_10_5_12"
25.504,25.504,747,160,0,0,2021,10,40,278,5,2,13,1010.5,22.4,22.4,22.3,62,14.8,16.9,3.2,0.8,6.4,22.4,22.5,22.5,25.4,0,0,270,5.81,339,0.3,0,0.043,61.8,17,24.2,0,1,2,5,0,0,0,"2021_10_5_13"
25.831,25.562,747,200,520,270,2021,10,40,278,5,2,13,1012.8,22.9,22.9,22.4,59,14.5,16.8,3.2,0.8,9.7,22.9,23.1,23.1,27.7,0,0,429,9.23,796,0,0,0.048,61.6,18,24.8,0,2,2,3,0,0,0,"2021_10_5_13"
25.784,25.139,1326,169,600,180,2021,10,40,278,5,2,13,1011.1,23,23,22.9,63,15.6,17.6,3.2,0.8,12.9,23,23.3,23.3,27,0,0,332,7.14,406,0,0,0.049,66.3,13,24.6,0,3,2,4,0,0,0,"2021_10_5_13"
25.143,22.525,1326,191,794,221,2021,10,40,278,5,2,13,1010.2,22.6,23,22.6,61,14.7,16.9,4.8,1.21,9.7,22.6,22.7,22.7,25.7,0,0,274,5.89,306,0,0,0.045,68.5,12,24.1,0,4,6,5,0,0,0,"2021_10_5_13"
24.08,22.726,1660,9,2340,0,2021,10,40,278,5,2,14,1010.7,22.5,22.6,22.5,62,14.9,17,1.6,0.4,6.4,22.5,22.6,22.6,24.9,0,0,220,4.73,274,0.23,0,0.043,67,8,23.1,0,5,6,6,0,0,0,"2021_10_5_14"
24.552,24.446,1660,351,2397,347,2021,10,40,278,5,2,14,1011.6,22.7,22.7,22.4,64,15.6,17.5,3.2,0.8,8,22.7,23,23,25.9,0,0,261,5.61,707,0,0,0.046,61.4,18,23.8,0,6,3,13,0,0,0,"2021_10_5_14"
22.033,21.701,1072,14,1740,0,2021,10,40,278,5,2,14,1009.7,21.8,22.8,21.8,70,16.1,17.7,9.7,2.41,20.9,21.8,22.1,22.1,23.9,0,0,178,3.83,332,0,0,0.036,68.4,5,21.8,0,7,4,13,0,0,0,"2021_10_5_14"
21.704,21.305,1072,346,1816,343,2021,10,40,278,5,2,14,1009.6,21.3,21.8,21.3,73,16.3,17.7,6.4,1.61,14.5,21.3,21.7,21.7,22.4,0,0,108,2.32,116,0,0,0.031,70.7,2,21.1,0,0,4,0,0,0,0,"2021_10_5_14"
20.79,20.79,747,160,0,0,2021,10,40,278,5,2,15,1009.7,20.8,21.3,20.8,73,15.8,17.3,6.4,1.61,14.5,20.8,21.2,21.2,21,0,0,46,0.99,77,0.13,0,0.026,79.3,3,20.2,0,1,4,0,0,0,0,"2021_10_5_15"
21.124,21.069,747,200,520,270,2021,10,40,278,5,2,15,1010.3,20.7,20.8,20.7,76,16.3,17.6,3.2,0.8,8,20.7,21.3,21.3,21.6,0,0,81,1.74,91,0,0,0.025,75.6,3,20.2,0,2,4,0,0,0,0,"2021_10_5_15"
20.686,20.546,1326,169,600,180,2021,10,40,278,5,2,15,1010.3,20.6,20.8,20.6,78,16.6,17.8,3.2,0.8,6.4,20.6,21.3,21.3,21.5,0,0,68,1.46,83,0,0,0.024,79.9,2,19.9,0,3,12,0,0,0,0,"2021_10_5_15"
20.546,19.282,1326,191,794,221,2021,10,40,278,5,2,15,1010.3,20.3,20.6,20.3,79,16.5,17.6,3.2,0.8,11.3,20.3,20.9,20.9,21,0,0,61,1.31,63,0,0,0.02,85.2,3,19.8,0,4,12,10,0,0,0,"2021_10_5_15"
21.261,21.023,1660,9,2340,0,2021,10,40,278,5,2,16,1010.4,20.2,20.3,20.2,83,17.2,18.1,6.4,1.61,16.1,20.2,20.9,20.9,21.9,0,0,105,2.26,146,0.05,0,0.019,84.5,3,20.3,0,5,12,11,0,0,0,"2021_10_5_16"
20.091,20.015,1660,351,2397,347,2021,10,40,278,5,2,16,1009.8,19.9,20.3,19.9,80,16.4,17.5,6.4,1.61,14.5,19.9,20.6,20.6,20.7,0,0,57,1.23,105,0,0,0.017,86.6,0,19.6,0,6,13,11,0,0,0,"2021_10_5_16"
19.634,19.509,1072,14,1740,0,2021,10,40,278,5,2,16,1009.8,19.7,19.9,19.6,79,15.9,17.1,3.2,0.8,11.3,19.7,20.2,20.2,19.6,0,0,22,0.47,25,0,0,0.014,88.2,1,19,0,7,13,10,0,0,0,"2021_10_5_16"
19.83,19.57,1072,346,1816,343,2021,10,40,278,5,2,16,1010,19.5,19.7,19.5,80,16,17,3.2,0.8,9.7,19.5,20.1,20.1,19.9,0,0,38,0.82,62,0,0,0.012,84.3,2,18.8,0,0,13,11,0,0,0,"2021_10_5_16"
19.54,19.54,747,160,0,0,2021,10,40,278,5,2,17,1010.1,19.5,19.6,19.4,81,16.2,17.2,3.2,0.8,9.7,19.5,20.1,20.1,20.1,0,0,43,0.92,62,0.03,0,0.012,86,0,18.7,0,1,12,10,0,0,0,"2021_10_5_17"
19.225,19.124,747,200,520,270,2021,10,40,278,5,2,17,1009.9,19.2,19.4,19.2,81,15.9,16.9,3.2,0.8,9.7,19.2,19.8,19.8,19.2,0,0,19,0.41,30,0,0,0.009,89.2,1,18.4,0,2,4,11,0,0,0,"2021_10_5_17"
19.465,19.173,1326,169,600,180,2021,10,40,278,5,2,17,1010.2,19.3,19.3,19.2,78,15.3,16.6,1.6,0.4,12.9,19.3,19.7,19.7,19.5,0,0,32,0.69,37,0,0,0.01,85.4,2,18.4,0,3,4,13,0,0,0,"2021_10_5_17"
19.601,133.321,1326,191,794,221,2021,10,40,278,5,2,17,1010.5,19.6,19.6,19.3,78,15.6,16.8,3.2,0.8,8,19.6,20,20,20.2,0,0,45,0.97,53,0,0,0.013,84.9,1,18.5,0,4,4,13,0,0,0,"2021_10_5_17"
19.115,19.109,1660,9,2340,0,2021,10,40,278,5,2,18,1010.2,19.6,19.6,19.6,78,15.6,16.8,3.2,0.8,8,19.6,20,20,20.1,0,0,40,0.86,44,0.03,0,0.013,85.1,1,18.2,0,5,0,13,0,0,0,"2021_10_5_18"
18.992,18.843,1660,351,2397,347,2021,10,40,278,5,2,18,1010.7,19.8,19.8,19.4,71,14.4,16,4.8,1.21,14.5,19.8,19.9,19.9,19.7,0,0,28,0.6,32,0,0,0.015,84.8,1,18,0,6,4,2,0,0,0,"2021_10_5_18"
18.625,18.754,1072,14,1740,0,2021,10,40,278,5,2,18,1010.7,20.1,20.2,19.8,64,13.1,15.2,11.3,2.82,20.9,20.1,20,20,19.6,0,0,21,0.45,25,0,0,0.019,80.1,0,17.8,0,7,2,2,0,0,0,"2021_10_5_18"
17.791,17.622,1072,346,1816,343,2021,10,40,278,5,2,18,1010.2,19.6,20.2,19.6,66,13,15,6.4,1.61,17.7,19.6,19.5,19.5,18.3,0,0,7,0.15,16,0,0,0.013,82.2,0,17.1,0,0,2,2,0,0,0,"2021_10_5_18"
17.442,17.442,747,160,0,0,2021,10,40,278,5,2,19,1010.4,19.2,19.6,19.2,64,12.2,14.4,4.8,1.21,11.3,19.2,19,19,17.7,0,0,0,0,0,0.05,0,0.009,84.8,0,16.6,0,1,2,4,0,0,0,"2021_10_5_19"
16.941,17.077,747,200,520,270,2021,10,40,278,5,2,19,1010.4,18.9,19.3,18.9,67,12.7,14.7,3.2,0.8,6.4,18.9,18.8,18.8,17.5,0,0,0,0,0,0,0,0.006,89.2,0,16.2,0,2,5,4,0,0,0,"2021_10_5_19"
16.859,16.563,1326,169,600,180,2021,10,40,278,5,2,19,1010.5,18.4,18.9,18.3,70,12.8,14.6,0,0,3.2,18.4,18.2,18.2,17,0,0,0,0,0,0,0,0.001,95.1,0,16,0,3,9,4,0,0,0,"2021_10_5_19"
16.917,118.611,1326,191,794,221,2021,10,40,278,5,2,19,1010.6,18.1,18.3,18.1,71,12.7,14.5,0,0,3.2,18.1,17.9,17.9,16.6,0,0,0,0,0,0,0.003,0,97.7,0,16,0,4,9,4,0,0,0,"2021_10_5_19"
16.717,16.868,1660,9,2340,0,2021,10,40,278,5,2,20,1010.7,18.1,18.1,18,72,12.9,14.6,0,0,3.2,18.1,17.9,17.9,16.7,0,0,0,0,0,0.03,0.003,0,97.2,0,15.9,0,5,9,4,0,0,0,"2021_10_5_20"
16.844,16.774,1660,351,2397,347,2021,10,40,278,5,2,20,1010.8,17.9,18.1,17.9,78,14.1,15.3,0,0,1.6,17.9,18.1,18.1,16.8,0,0,0,0,0,0,0.004,0,92.3,0,15.9,0,6,9,4,0,0,0,"2021_10_5_20"
17.17,16.756,1072,14,1740,0,2021,10,40,278,5,2,20,1011,17.8,17.9,17.8,77,13.7,15,1.6,0.4,3.2,17.8,17.8,17.8,16.6,0,0,0,0,0,0,0.006,0,84.9,0,16.2,0,7,5,3,0,0,0,"2021_10_5_20"
16.978,16.938,1072,346,1816,343,2021,10,40,278,5,2,20,1010.9,17.5,17.8,17.5,78,13.6,14.9,1.6,0.4,4.8,17.5,17.6,17.6,16.3,0,0,0,0,0,0,0.009,0,88.7,0,16.1,0,0,4,13,0,0,0,"2021_10_5_20"
16.954,16.954,747,160,0,0,2021,10,40,278,5,2,21,1010.8,17.3,17.6,17.3,79,13.6,14.8,1.6,0.4,6.4,17.3,17.4,17.4,16.1,0,0,0,0,0,0.03,0.011,0,91,0,16,0,1,4,0,0,0,0,"2021_10_5_21"
16.857,16.768,747,200,520,270,2021,10,40,278,5,2,21,1010.9,17.2,17.3,17.2,79,13.5,14.8,1.6,0.4,4.8,17.2,17.3,17.3,16,0,0,0,0,0,0,0.012,0,85.8,0,15.9,0,2,4,0,0,0,0,"2021_10_5_21"
16.769,16.601,1326,169,600,180,2021,10,40,278,5,2,21,1011,17.1,17.2,17.1,79,13.4,14.7,1.6,0.4,4.8,17.1,17.2,17.2,15.9,0,0,0,0,0,0,0.013,0,92.9,0,15.8,0,3,4,0,0,0,0,"2021_10_5_21"
16.668,118.058,1326,191,794,221,2021,10,40,278,5,2,21,1011.1,17.1,17.1,17.1,80,13.6,14.8,0,0,3.2,17.1,17.2,17.2,16,0,0,0,0,0,0,0.013,0,95.6,0,15.8,0,4,9,0,0,0,0,"2021_10_5_21"
16.616,16.734,1660,9,2340,0,2021,10,40,278,5,2,22,1011.2,17.1,17.2,17.1,81,13.8,14.9,1.6,0.4,3.2,17.1,17.2,17.2,15.9,0,0,0,0,0,0.03,0.013,0,97.2,0,15.7,0,5,10,11,0,0,0,"2021_10_5_22"
16.588,16.536,1660,351,2397,347,2021,10,40,278,5,2,22,1011,17,17.1,16.9,80,13.5,14.7,1.6,0.4,4.8,17,17.1,17.1,15.8,0,0,0,0,0,0,0.014,0,94.7,0,15.6,0,6,11,12,0,0,0,"2021_10_5_22"
16.161,16.239,1072,14,1740,0,2021,10,40,278,5,2,22,1010.9,17.2,17.3,16.9,76,13,14.4,1.6,0.4,6.4,17.2,17.2,17.2,15.9,0,0,0,0,0,0,0.012,0,95.2,0,15.2,0,7,12,14,0,0,0,"2021_10_5_22"
15.87,15.904,1072,346,1816,343,2021,10,40,278,5,2,22,1010.8,17.3,17.6,17.2,76,13,14.4,1.6,0.4,6.4,17.3,17.2,17.2,15.9,0,0,0,0,0,0,0.011,0,98.4,0,15,0,0,10,14,0,0,0,"2021_10_5_22"
15.488,15.488,747,160,0,0,2021,10,40,278,5,2,23,1010.9,16.6,17.3,16.6,82,13.5,14.5,1.6,0.4,4.8,16.6,16.6,16.6,15.4,0,0,0,0,0,0.03,0.019,0,97.7,0,14.6,0,1,14,9,0,0,0,"2021_10_5_23"
15.069,14.97,747,200,520,270,2021,10,40,278,5,2,23,1011,16,16.6,16,83,13.1,14.1,0,0,3.2,16,16,16,14.7,0,0,0,0,0,0,0.024,0,100,0,14.1,0,2,9,9,0,0,0,"2021_10_5_23"
15.136,14.987,1326,169,600,180,2021,10,40,278,5,2,23,1011.3,15.3,15.9,15.3,87,13.1,13.9,0,0,1.6,15.3,15.3,15.3,14,0,0,0,0,0,0,0.032,0,100,0,14.1,0,3,9,14,0,0,0,"2021_10_5_23"
15.236,114.011,1326,191,794,221,2021,10,40,278,5,2,23,1011.8,15.3,15.3,15.2,87,13.2,14,1.6,0.4,3.2,15.3,15.4,15.4,14.1,0,0,0,0,0,0,0.031,0,100,0,14.3,0,4,11,14,0,0,0,"2021_10_5_23"
15.261,15.01,1660,9,2340,0,2021,10,40,279,6,3,0,1011.7,15.4,15.4,15.3,87,13.3,14.1,1.6,0.4,4.8,15.4,15.5,15.5,14.2,0,0,0,0,0,0.03,0.03,0,100,0,14.1,0,5,10,15,0,0,0,"2021_10_6_0"
14.816,14.691,1660,351,2397,347,2021,10,40,279,6,3,0,1011.4,15.4,15.4,15.4,88,13.4,14.1,0,0,1.6,15.4,15.5,15.5,14.2,0,0,0,0,0,0,0.031,0,100,0,13.8,0,6,9,12,0,0,0,"2021_10_6_0"
14.674,14.889,1072,14,1740,0,2021,10,40,279,6,3,0,1011.3,15.1,15.4,15.1,88,13.1,13.8,1.6,0.4,3.2,15.1,15.1,15.1,13.8,0,0,0,0,0,0,0.034,0,100,0,13.6,0,7,15,9,0,0,0,"2021_10_6_0"
15.103,15.019,1072,346,1816,343,2021,10,40,279,6,3,0,1011.3,14.8,15.1,14.8,89,13,13.7,1.6,0.4,4.8,14.8,14.9,14.9,13.6,0,0,0,0,0,0,0.036,0,100,0,13.8,0,0,13,10,0,0,0,"2021_10_6_0"
15.318,15.318,747,160,0,0,2021,10,40,279,6,3,1,1011.5,14.6,14.8,14.6,91,13.2,13.7,0,0,1.6,14.6,14.7,14.7,13.5,0,0,0,0,0,0,0.039,0,100,0,14.1,0,1,9,10,0,0,0,"2021_10_6_1"
15.637,15.527,747,200,520,270,2021,10,40,279,6,3,1,1011.8,14.9,14.9,14.6,92,13.6,14.1,0,0,1.6,14.9,15.1,15.1,13.8,0,0,0,0,0,0,0.036,0,100,0,14.5,0,2,9,10,0,0,0,"2021_10_6_1"
15.703,15.53,1326,169,600,180,2021,10,40,279,6,3,1,1011.8,15.3,15.3,14.9,92,14,14.5,1.6,0.4,3.2,15.3,15.5,15.5,14.3,0,0,0,0,0,0,0.032,0,100,0,14.6,0,3,13,10,0,0,0,"2021_10_6_1"
15.888,116.864,1326,191,794,221,2021,10,40,279,6,3,1,1011.9,15.6,15.6,15.3,91,14.1,14.6,3.2,0.8,4.8,15.6,15.8,15.8,14.5,0,0,0,0,0,0,0.029,0,100,0,14.7,0,4,13,10,0,0,0,"2021_10_6_1"
15.956,15.897,1660,9,2340,0,2021,10,40,279,6,3,2,1011.7,15.8,15.9,15.6,90,14.2,14.8,3.2,0.8,6.4,15.8,16,16,14.8,0,0,0,0,0,0,0.026,0,100,0,14.8,0,5,13,11,0,0,0,"2021_10_6_2"
15.806,15.818,1660,351,2397,347,2021,10,40,279,6,3,2,1011.4,15.9,15.9,15.8,90,14.3,14.9,3.2,0.8,9.7,15.9,16.1,16.1,14.9,0,0,0,0,0,0,0.025,0,100,0,14.7,0,6,13,10,0,0,0,"2021_10_6_2"
15.97,15.828,1072,14,1740,0,2021,10,40,279,6,3,2,1011.5,15.9,15.9,15.8,90,14.3,14.8,1.6,0.4,6.4,15.9,16.1,16.1,14.9,0,0,0,0,0,0,0.025,0,100,0,14.7,0,7,13,11,0,0,0,"2021_10_6_2"
16.037,15.855,1072,346,1816,343,2021,10,40,279,6,3,2,1011.5,15.8,15.9,15.8,90,14.2,14.8,1.6,0.4,4.8,15.8,16,16,14.8,0,0,0,0,0,0,0.026,0,100,0,14.8,0,0,13,11,0,0,0,"2021_10_6_2"
15.964,15.964,747,160,0,0,2021,10,40,279,6,3,3,1011.5,15.9,15.9,15.8,90,14.3,14.8,1.6,0.4,6.4,15.9,16.1,16.1,14.9,0,0,0,0,0,0,0.025,0,100,0,14.8,0,1,12,11,0,0,0,"2021_10_6_3"
16.061,16.031,747,200,520,270,2021,10,40,279,6,3,3,1011.3,15.9,15.9,15.9,89,14.1,14.8,1.6,0.4,4.8,15.9,16.1,16.1,14.9,0,0,0,0,0,0,0.025,0,100,0,14.9,0,2,12,11,0,0,0,"2021_10_6_3"
16.079,15.949,1326,169,600,180,2021,10,40,279,6,3,3,1011,16.1,16.1,15.9,89,14.2,14.9,3.2,0.8,6.4,16.1,16.2,16.2,15,0,0,0,0,0,0,0.024,0,100,0,14.9,0,3,12,11,0,0,0,"2021_10_6_3"
16.037,118.531,1326,191,794,221,2021,10,40,279,6,3,3,1010.9,16.1,16.1,16.1,89,14.2,14.9,1.6,0.4,4.8,16.1,16.2,16.2,15,0,0,0,0,0,0,0.024,0,100,0,14.9,0,4,12,11,0,0,0,"2021_10_6_3"
15.976,15.883,1660,9,2340,0,2021,10,40,279,6,3,4,1010.7,16,16.1,15.9,89,14.2,14.8,1.6,0.4,4.8,16,16.2,16.2,14.9,0,0,0,0,0,0,0.024,0,100,0,14.9,0,5,4,10,0,0,0,"2021_10_6_4"
15.98,15.809,1660,351,2397,347,2021,10,40,279,6,3,4,1010.7,15.9,16,15.9,89,14.1,14.8,1.6,0.4,6.4,15.9,16.1,16.1,14.9,0,0,0,0,0,0,0.025,0,100,0,14.8,0,6,12,11,0,0,0,"2021_10_6_4"
15.976,15.846,1072,14,1740,0,2021,10,40,279,6,3,4,1010.6,15.9,16,15.9,89,14.1,14.8,1.6,0.4,4.8,15.9,16.1,16.1,14.9,0,0,0,0,0,0,0.025,0,100,0,14.8,0,7,12,0,0,0,0,"2021_10_6_4"
15.992,15.873,1072,346,1816,343,2021,10,40,279,6,3,4,1010.8,15.9,15.9,15.9,89,14.1,14.8,3.2,0.8,6.4,15.9,16.1,16.1,14.9,0,0,0,0,0,0,0.025,0,100,0,14.9,0,0,4,0,0,0,0,"2021_10_6_4"
15.98,15.98,747,160,0,0,2021,10,40,279,6,3,5,1010.6,16.1,16.1,15.9,88,14.1,14.8,3.2,0.8,6.4,16.1,16.2,16.2,15,0,0,0,0,0,0,0.024,0,100,0,14.8,0,1,12,0,0,0,0,"2021_10_6_5"
15.907,15.828,747,200,520,270,2021,10,40,279,6,3,5,1010.3,16,16.1,16,87,13.8,14.6,3.2,0.8,9.7,16,16.1,16.1,14.9,0,0,0,0,0,0,0.024,0,100,0,14.7,0,2,12,11,0,0,0,"2021_10_6_5"
15.606,15.445,1326,169,600,180,2021,10,40,279,6,3,5,1010,15.9,16,15.8,87,13.7,14.5,3.2,0.8,6.4,15.9,16,16,14.7,0,0,0,0,0,0,0.025,0,100,0,14.4,0,3,13,10,0,0,0,"2021_10_6_5"
15.254,116.701,1326,191,794,221,2021,10,40,279,6,3,5,1009.9,15.5,15.9,15.5,88,13.5,14.2,3.2,0.8,4.8,15.5,15.6,15.6,14.3,0,0,0,0,0,0,0.03,0,100,0,14,0,4,13,10,0,0,0,"2021_10_6_5"
15.139,15.093,1660,9,2340,0,2021,10,40,279,6,3,6,1010.2,15.1,15.6,15.1,90,13.4,14,3.2,0.8,8,15.1,15.2,15.2,13.9,0,0,0,0,0,0.03,0.034,0,100,0,14,0,5,12,0,0,0,0,"2021_10_6_6"
14.852,14.801,1660,351,2397,347,2021,10,40,279,6,3,6,1010,14.9,15.1,14.9,89,13.1,13.8,3.2,0.8,6.4,14.9,15,15,13.7,0,0,0,0,0,0,0.035,0,100,0,13.8,0,6,12,0,0,0,0,"2021_10_6_6"
14.563,14.596,1072,14,1740,0,2021,10,40,279,6,3,6,1010.1,14.8,14.9,14.8,90,13.2,13.7,1.6,0.4,4.8,14.8,14.9,14.9,13.6,0,0,0,0,0,0,0.037,0,100,0,13.6,0,7,12,11,0,0,0,"2021_10_6_6"
14.496,14.514,1072,346,1816,343,2021,10,40,279,6,3,6,1010.1,14.6,14.8,14.6,91,13.2,13.7,1.6,0.4,6.4,14.6,14.7,14.7,13.5,0,0,0,0,0,0,0.039,0,100,0,13.5,0,0,12,11,0,0,0,"2021_10_6_6"
14.954,14.954,747,160,0,0,2021,10,40,279,6,3,7,1010.1,14.7,14.7,14.6,91,13.3,13.8,3.2,0.8,6.4,14.7,14.9,14.9,13.6,0,0,0,0,0,0,0.038,0,100,0,13.7,0,1,12,10,0,0,0,"2021_10_6_7"
15.176,14.97,747,200,520,270,2021,10,40,279,6,3,7,1009.9,15.1,15.1,14.7,90,13.4,14,3.2,0.8,9.7,15.1,15.2,15.2,13.9,0,0,0,0,0,0,0.034,0,100,0,13.8,0,2,13,10,0,0,0,"2021_10_6_7"
15.393,15.105,1326,169,600,180,2021,10,40,279,6,3,7,1010.2,15.2,15.2,15,89,13.4,14,3.2,0.8,9.7,15.2,15.3,15.3,14,0,0,0,0,0,0,0.033,0,100,0,13.9,0,3,13,10,0,0,0,"2021_10_6_7"
15.497,119.145,1326,191,794,221,2021,10,40,279,6,3,7,1010.2,15.3,15.4,15.2,89,13.5,14.2,3.2,0.8,11.3,15.3,15.4,15.4,14.2,0,0,3,0.06,7,0,0.031,0,100,0,14.2,0,4,12,10,0,0,0,"2021_10_6_7"
16.123,15.871,1660,9,2340,0,2021,10,40,279,6,3,8,1010.3,15.9,16,15.3,87,13.8,14.5,6.4,1.61,14.5,15.9,16,16,15,0,0,12,0.26,16,0,0.025,0,100,0,14.7,0,5,13,10,0,0,0,"2021_10_6_8"
16.83,17.066,1660,351,2397,347,2021,10,40,279,6,3,8,1010.4,16.5,16.5,15.9,86,14.1,15,6.4,1.61,14.5,16.5,16.6,16.6,16.6,0,0,33,0.71,56,0,0.019,0,100,3,15.3,0,6,13,11,0,0,0,"2021_10_6_8"
17.57,17.678,1072,14,1740,0,2021,10,40,279,6,3,8,1010.4,17.2,17.2,16.5,85,14.6,15.5,8,2.01,17.7,17.2,17.4,17.4,18.6,0,0,87,1.87,105,0,0.012,0,98.9,2,16.3,0,7,11,0,0,0,0,"2021_10_6_8"
20.488,20.851,1072,346,1816,343,2021,11,46,322,18,4,10,1024.7,11.4,11.4,10.4,98,11.1,11.2,3.2,0.8,9.7,11.4,11.7,11.7,16.5,0,0,343,7.38,369,0,0.072,0,78.5,12,19.9,0,0,4,11,0,0,0,"2021_11_18_10"
22.076,22.076,747,160,0,0,2021,11,46,322,18,4,11,1024.7,12.1,12.1,11.4,92,10.8,11.3,4.8,1.21,11.3,12.1,12.2,12.2,16.7,0,0,322,6.93,357,0.15,0.065,0,71.7,17,19.1,0,1,4,0,0,0,0,"2021_11_18_11"
22.681,25.071,747,200,520,270,2021,11,46,322,18,4,11,1025,13.1,13.1,12.1,89,11.3,12,3.2,0.8,9.7,13.1,13.1,13.1,17.8,0,0,333,7.16,366,0,0.054,0,58.2,17,21.1,0,2,0,1,0,0,0,"2021_11_18_11"
23.34,24.003,1326,169,600,180,2021,11,46,322,18,4,11,1024.9,13.9,13.9,13.1,81,10.7,11.9,6.4,1.61,14.5,13.9,13.7,13.7,19,0,0,411,8.84,434,0,0.046,0,58.6,19,22.4,0,3,4,0,0,0,0,"2021_11_18_11"
22.85,23.166,1326,191,794,221,2021,11,46,322,18,4,11,1024.2,13.4,14.1,13.4,88,11.5,12.2,6.4,1.61,11.3,13.4,13.4,13.3,18.3,0,0,372,8,390,0,0.051,0,61.2,19,22.4,0,4,5,1,0,0,0,"2021_11_18_11"
23.991,25.838,1660,9,2340,0,2021,11,46,322,18,4,12,1024.6,13.2,13.4,12.9,89,11.4,12.1,6.4,1.61,12.9,13,13.2,13.1,18.3,0,0,400,8.6,438,0.2,0.054,0,62.7,19,23.7,0,5,6,4,0,0,0,"2021_11_18_12"
26.173,21.546,1660,351,2397,347,2021,11,46,322,18,4,12,1024.6,13.6,13.6,13.2,87,11.4,12.3,6.4,1.61,11.3,13.5,13.5,13.4,18.2,0,0,362,7.79,408,0,0.05,0,57.4,19,23.4,0,6,6,5,0,0,0,"2021_11_18_12"
23.746,21.951,1072,14,1740,0,2021,11,46,322,18,4,12,1024.1,14.3,14.3,13.6,83,11.4,12.5,3.2,0.8,8,14.3,14.2,14.2,19.1,0,0,371,7.98,413,0,0.042,0,59,16,22.9,0,7,2,2,0,0,0,"2021_11_18_12"
25.415,19.566,1072,346,1816,343,2021,11,46,322,18,4,12,1024.4,14.9,14.9,14.3,80,11.5,12.7,4.8,1.21,11.3,14.9,14.8,14.8,19.3,0,0,342,7.36,403,0,0.036,0,47.2,16,24.5,0,0,1,4,0,0,0,"2021_11_18_12"
24.761,24.761,747,160,0,0,2021,11,46,322,18,4,13,1024.7,15.3,15.3,14.9,77,11.3,12.8,3.2,0.8,8,15.3,15.1,15.1,20.1,0,0,378,8.13,413,0.2,0.031,0,51.2,21,23.1,0,1,0,1,0,0,0,"2021_11_18_13"
25.44,26.599,747,200,520,270,2021,11,46,322,18,4,13,1024.6,15.3,15.4,15.2,75,10.9,12.5,3.2,0.8,8,15.3,15,15,19.9,0,0,375,8.07,403,0,0.032,0,50.3,21,24.3,0,2,4,13,0,0,0,"2021_11_18_13"
25.933,25.333,1326,169,600,180,2021,11,46,322,18,4,13,1024.4,15.7,15.8,15.3,73,10.8,12.6,1.6,0.4,8,15.7,15.3,15.3,20.6,0,0,409,8.8,425,0,0.028,0,49,18,25.2,0,3,0,0,0,0,0,"2021_11_18_13"
24.767,25.433,1326,191,794,221,2021,11,46,322,18,4,13,1024,15.6,15.8,15.6,74,10.9,12.6,4.8,1.21,9.7,15.6,15.2,15.2,20.1,0,0,355,7.64,403,0,0.029,0,51.7,18,24.3,0,4,0,13,0,0,0,"2021_11_18_13"
23.648,23.838,1660,9,2340,0,2021,11,46,322,18,4,14,1024.1,15.9,15.9,15.5,73,11.1,12.8,1.6,0.4,8,15.9,15.6,15.6,20.2,0,0,330,7.1,353,0.2,0.025,0,56.5,14,22.7,0,5,2,1,0,0,0,"2021_11_18_14"
22.784,21.801,1660,351,2397,347,2021,11,46,322,18,4,14,1024.1,15.6,15.9,15.6,71,10.4,12.2,3.2,0.8,8,15.6,15.2,15.2,19,0,0,265,5.7,295,0,0.028,0,56.5,14,22.6,0,6,3,0,0,0,0,"2021_11_18_14"
21.325,18.77,1072,14,1740,0,2021,11,46,322,18,4,14,1023.6,15.4,15.7,15.4,71,10.2,12.1,1.6,0.4,6.4,15.4,15,15,17.7,0,0,188,4.04,239,0,0.03,0,62.7,9,20.6,0,7,4,0,0,0,0,"2021_11_18_14"
21.39,19.713,1072,346,1816,343,2021,11,46,322,18,4,14,1024.2,15.6,15.7,15.4,71,10.4,12.2,1.6,0.4,4.8,15.6,15.2,15.2,18.2,0,0,203,4.37,230,0,0.028,0,62.1,9,20.6,0,0,0,1,0,0,0,"2021_11_18_14"
21.127,21.127,747,160,0,0,2021,11,46,322,18,4,15,1024.4,15.8,15.8,15.6,70,10.3,12.3,1.6,0.4,4.8,15.8,15.4,15.4,18.5,0,0,208,4.47,221,0.13,0.027,0,56.4,11,19.3,0,1,4,2,0,0,0,"2021_11_18_15"
18.927,19.176,747,200,520,270,2021,11,46,322,18,4,15,1024.3,15.7,15.8,15.7,72,10.7,12.5,0,0,3.2,15.7,15.4,15.4,18,0,0,170,3.66,209,0,0.027,0,61.8,11,19.1,0,2,9,0,0,0,0,"2021_11_18_15"
16.564,16.83,1326,169,600,180,2021,11,46,322,18,4,15,1024,15.6,15.7,15.6,71,10.3,12.2,0,0,1.6,15.6,15.1,15.1,15.9,0,0,78,1.68,97,0,0.029,0,70.3,4,16.8,0,3,9,0,0,0,0,"2021_11_18_15"
16.016,16.043,1326,191,794,221,2021,11,46,322,18,4,15,1024.1,15.2,15.6,15.2,76,11,12.5,0,0,3.2,15.2,14.9,14.9,15.5,0,0,69,1.48,72,0,0.033,0,77.9,4,15.2,0,4,9,0,0,0,0,"2021_11_18_15"
14.438,14.625,1660,9,2340,0,2021,11,46,322,18,4,16,1024.2,14.8,15.2,14.8,79,11.2,12.6,0,0,3.2,14.8,14.7,14.7,14.9,0,0,50,1.08,60,0.05,0.036,0,83.7,2,14,0,5,9,13,0,0,0,"2021_11_18_16"
13.577,13.661,1660,351,2397,347,2021,11,46,322,18,4,16,1024,14,14.8,14,81,10.8,12,3.2,0.8,4.8,14,13.8,13.8,13.6,0,0,32,0.69,40,0,0.045,0,91.2,2,12.8,0,6,1,3,0,0,0,"2021_11_18_16"
12.145,11.987,1072,14,1740,0,2021,11,46,322,18,4,16,1024.2,13.5,14,13.5,82,10.5,11.6,1.6,0.4,4.8,13.5,13.4,13.4,12.2,0,0,16,0.34,23,0,0.05,0,93.2,0,11.6,0,7,1,2,0,0,0,"2021_11_18_16"
11.504,11.209,1072,346,1816,343,2021,11,46,322,18,4,16,1024.5,13.2,13.5,13.2,84,10.5,11.6,1.6,0.4,4.8,13.2,13,13,11.7,0,0,4,0.09,9,0,0.054,0,96.8,0,10.5,0,0,2,2,0,0,0,"2021_11_18_16"
11.561,11.561,747,160,0,0,2021,11,46,322,18,4,17,1025,12.8,13.2,12.8,88,10.8,11.6,1.6,0.4,4.8,12.8,12.8,12.8,11.4,0,0,0,0,0,0.03,0.058,0,100,0,10.2,0,1,6,6,0,0,0,"2021_11_18_17"
11.569,11.467,747,200,520,270,2021,11,46,322,18,4,17,1024.8,12.3,12.8,12.3,90,10.7,11.3,3.2,0.8,4.8,12.3,12.3,12.3,10.9,0,0,0,0,0,0,0.063,0,100,0,10.2,0,2,6,5,0,0,0,"2021_11_18_17"
10.82,10.991,1326,169,600,180,2021,11,46,322,18,4,17,1024.9,11.8,12.3,11.8,92,10.6,11.1,3.2,0.8,6.4,11.8,11.9,11.9,10.5,0,0,0,0,0,0,0.068,0,100,0,9.8,0,3,6,6,0,0,0,"2021_11_18_17"
10.724,10.525,1326,191,794,221,2021,11,46,322,18,4,17,1025.1,11.4,11.8,11.4,92,10.2,10.7,3.2,0.8,6.4,11.4,11.6,11.6,10.2,0,0,0,0,0,0,0.072,0,100,0,9.5,0,4,7,7,0,0,0,"2021_11_18_17"
10.669,10.501,1660,9,2340,0,2021,11,46,322,18,4,18,1025.4,11.2,11.4,11.2,93,10.1,10.5,3.2,0.8,6.4,11.2,11.3,11.3,9.9,0,0,0,0,0,0,0.075,0,100,0,9.1,0,5,7,6,0,0,0,"2021_11_18_18"
10.222,10.361,1660,351,2397,347,2021,11,46,322,18,4,18,1025.5,10.8,11.2,10.8,94,9.9,10.3,3.2,0.8,6.4,10.8,11,11,9.6,0,0,0,0,0,0,0.078,0,100,0,9.1,0,6,6,5,0,0,0,"2021_11_18_18"
10.314,10.021,1072,14,1740,0,2021,11,46,322,18,4,18,1025.5,10.6,10.8,10.6,94,9.7,10.1,3.2,0.8,6.4,10.6,10.8,10.8,9.4,0,0,0,0,0,0,0.08,0,100,0,8.8,0,7,7,5,0,0,0,"2021_11_18_18"
10.211,10.096,1072,346,1816,343,2021,11,46,322,18,4,18,1025.7,10.4,10.6,10.4,95,9.6,10,3.2,0.8,6.4,10.4,10.6,10.6,9.2,0,0,0,0,0,0,0.083,0,100,0,8.9,0,0,7,5,0,0,0,"2021_11_18_18"
10.086,10.086,747,160,0,0,2021,11,46,322,18,4,19,1025.8,10.3,10.4,10.3,95,9.5,9.8,4.8,1.21,9.7,10.1,10.5,10.4,8.9,0,0,0,0,0,0,0.084,0,100,0,8.7,0,1,7,5,0,0,0,"2021_11_18_19"
9.946,9.969,747,200,520,270,2021,11,46,322,18,4,19,1025.8,10,10.3,10,95,9.2,9.6,4.8,1.21,8,9.8,10.3,10.1,8.6,0,0,0,0,0,0,0.087,0,100,0,8.6,0,2,7,6,0,0,0,"2021_11_18_19"
9.748,9.858,1326,169,600,180,2021,11,46,322,18,4,19,1025.8,9.8,10,9.8,95,9,9.3,3.2,0.8,6.4,9.8,10.1,10.1,8.6,0,0,0,0,0,0,0.089,0,100,0,8.3,0,3,7,5,0,0,0,"2021_11_18_19"
9.466,9.551,1326,191,794,221,2021,11,46,322,18,4,19,1026,9.6,9.8,9.6,96,8.9,9.2,3.2,0.8,6.4,9.6,9.8,9.8,8.4,0,0,0,0,0,0,0.091,0,100,0,8.3,0,4,7,6,0,0,0,"2021_11_18_19"
9.427,9.49,1660,9,2340,0,2021,11,46,322,18,4,20,1026,9.4,9.6,9.4,95,8.6,9,1.6,0.4,8,9.4,9.7,9.7,8.2,0,0,0,0,0,0,0.093,0,100,0,8.2,0,5,7,6,0,0,0,"2021_11_18_20"
8.143,8.311,1660,351,2397,347,2021,11,46,322,18,4,20,1026.1,9.1,9.4,9.1,95,8.4,8.7,3.2,0.8,4.8,9.1,9.4,9.4,7.9,0,0,0,0,0,0,0.096,0,100,0,7.5,0,6,7,5,0,0,0,"2021_11_18_20"
7.654,7.677,1072,14,1740,0,2021,11,46,322,18,4,20,1026.3,8.6,9.1,8.6,95,7.9,8.2,0,0,3.2,8.6,8.8,8.8,7.3,0,0,0,0,0,0,0.101,0,100,0,6.9,0,7,9,6,0,0,0,"2021_11_18_20"
8.054,7.401,1072,346,1816,343,2021,11,46,322,18,4,20,1026.4,8.4,8.6,8.4,95,7.6,8,0,0,1.6,8.4,8.6,8.6,7,0,0,0,0,0,0,0.104,0,100,0,6.3,0,0,9,15,0,0,0,"2021_11_18_20"
7.957,7.957,747,160,0,0,2021,11,46,322,18,4,21,1026.8,8.2,8.4,8.2,96,7.6,7.8,1.6,0.4,4.8,8.2,8.4,8.4,6.8,0,0,0,0,0,0,0.106,0,100,0,6.4,0,1,7,6,0,0,0,"2021_11_18_21"
8.61,8.495,747,200,520,270,2021,11,46,322,18,4,21,1026.8,7.6,8.2,7.6,96,7,7.2,3.2,0.8,4.8,7.6,7.7,7.7,6.2,0,0,0,0,0,0,0.112,0,100,0,6.7,0,2,6,5,0,0,0,"2021_11_18_21"
8.593,8.806,1326,169,600,180,2021,11,46,322,18,4,21,1026.8,7.4,7.5,7.3,96,6.8,7.1,4.8,1.21,6.4,6.9,7.5,7,5.5,0,0,0,0,0,0,0.114,0,100,0,7,0,3,6,5,0,0,0,"2021_11_18_21"
8.613,8.573,1326,191,794,221,2021,11,46,322,18,4,21,1026.8,7.4,7.4,7.3,97,6.9,7.2,3.2,0.8,4.8,7.4,7.6,7.6,6,0,0,0,0,0,0,0.114,0,100,0,7.1,0,4,6,4,0,0,0,"2021_11_18_21"
8.669,8.7,1660,9,2340,0,2021,11,46,322,18,4,22,1026.9,7.4,7.4,7.3,97,7,7.2,3.2,0.8,9.7,7.4,7.6,7.6,6.1,0,0,0,0,0,0,0.113,0,100,0,7.2,0,5,6,5,0,0,0,"2021_11_18_22"
8.789,8.63,1660,351,2397,347,2021,11,46,322,18,4,22,1026.8,7.5,7.5,7.4,97,7.1,7.3,4.8,1.21,9.7,7,7.7,7.2,5.6,0,0,0,0,0,0,0.113,0,100,0,7.2,0,6,6,5,0,0,0,"2021_11_18_22"
9.389,8.677,1072,14,1740,0,2021,11,46,322,18,4,22,1027.1,7.6,7.6,7.4,97,7.1,7.3,3.2,0.8,6.4,7.6,7.7,7.7,6.2,0,0,0,0,0,0,0.112,0,100,0,7.5,0,7,6,4,0,0,0,"2021_11_18_22"
9.547,9.424,1072,346,1816,343,2021,11,46,322,18,4,22,1027,7.8,7.8,7.6,98,7.5,7.6,1.6,0.4,4.8,7.8,8,8,6.5,0,0,0,0,0,0,0.11,0,100,0,8,0,0,6,7,0,0,0,"2021_11_18_22"
9.606,9.606,747,160,0,0,2021,11,46,322,18,4,23,1027,7.9,7.9,7.7,98,7.6,7.8,3.2,0.8,9.7,7.9,8.2,8.2,6.6,0,0,0,0,0,0,0.108,0,100,0,8.2,0,1,6,5,0,0,0,"2021_11_18_23"
9.652,9.641,747,200,520,270,2021,11,46,322,18,4,23,1027.2,8.1,8.1,7.9,98,7.8,7.9,3.2,0.8,9.7,8.1,8.3,8.3,6.7,0,0,0,0,0,0,0.107,0,100,0,8.3,0,2,7,5,0,0,0,"2021_11_18_23"
9.966,9.997,1326,169,600,180,2021,11,46,322,18,4,23,1027.3,8.2,8.2,8,98,7.9,8,3.2,0.8,6.4,8.2,8.4,8.4,6.9,0,0,0,0,0,0,0.106,0,100,0,8.4,0,3,6,5,0,0,0,"2021_11_18_23"
9.898,9.952,1326,191,794,221,2021,11,46,322,18,4,23,1027.5,8.3,8.4,8.2,98,8,8.2,1.6,0.4,4.8,8.3,8.6,8.6,7.1,0,0,0,0,0,0,0.104,0,100,0,8.7,0,4,7,7,0,0,0,"2021_11_18_23"
10.127,10.309,1660,9,2340,0,2021,11,46,323,19,5,0,1027.4,8.4,8.5,8.3,98,8.1,8.3,1.6,0.4,6.4,8.4,8.7,8.7,7.2,0,0,0,0,0,0,0.103,0,100,0,8.9,0,5,6,5,0,0,0,"2021_11_19_0"
10.28,10.194,1660,351,2397,347,2021,11,46,323,19,5,0,1027.3,8.4,8.5,8.4,98,8.1,8.3,3.2,0.8,6.4,8.4,8.7,8.7,7.2,0,0,0,0,0,0,0.103,0,100,0,8.9,0,6,6,5,0,0,0,"2021_11_19_0"
10.101,10.256,1072,14,1740,0,2021,11,46,323,19,5,0,1027.3,8.6,8.6,8.4,98,8.3,8.4,3.2,0.8,4.8,8.6,8.8,8.8,7.3,0,0,0,0,0,0,0.102,0,100,0,8.9,0,7,6,6,0,0,0,"2021_11_19_0"
10.243,10.193,1072,346,1816,343,2021,11,46,323,19,5,0,1027,8.7,8.7,8.6,98,8.4,8.5,4.8,1.21,11.3,8.3,8.9,8.6,7.1,0,0,0,0,0,0,0.101,0,100,0,8.8,0,0,6,4,0,0,0,"2021_11_19_0"
10.245,10.245,747,160,0,0,2021,11,46,323,19,5,1,1027,8.6,8.7,8.6,98,8.3,8.4,4.8,1.21,11.3,8.2,8.8,8.4,6.9,0,0,0,0,0,0,0.102,0,100,0,8.9,0,1,6,5,0,0,0,"2021_11_19_1"
10.188,10.075,747,200,520,270,2021,11,46,323,19,5,1,1027.2,8.5,8.6,8.4,98,8.2,8.3,4.8,1.21,9.7,8.1,8.8,8.4,6.9,0,0,0,0,0,0,0.102,0,100,0,8.9,0,2,6,5,0,0,0,"2021_11_19_1"
10.127,10.176,1326,169,600,180,2021,11,46,323,19,5,1,1027.3,8.5,8.6,8.4,98,8.2,8.3,4.8,1.21,11.3,8.1,8.8,8.4,6.9,0,0,0,0,0,0,0.102,0,100,0,8.8,0,3,7,6,0,0,0,"2021_11_19_1"
10.236,10.233,1326,191,794,221,2021,11,46,323,19,5,1,1027.3,8.6,8.6,8.5,98,8.3,8.4,3.2,0.8,6.4,8.6,8.9,8.9,7.4,0,0,0,0,0,0,0.101,0,100,0,8.8,0,4,6,5,0,0,0,"2021_11_19_1"
10.314,10.236,1660,9,2340,0,2021,11,46,323,19,5,2,1027.4,8.7,8.7,8.6,98,8.4,8.5,1.6,0.4,4.8,8.7,8.9,8.9,7.5,0,0,0,0,0,0,0.101,0,100,0,9,0,5,6,5,0,0,0,"2021_11_19_2"
10.214,10.247,1660,351,2397,347,2021,11,46,323,19,5,2,1027.3,8.8,8.8,8.7,98,8.5,8.6,3.2,0.8,6.4,8.8,9.1,9.1,7.6,0,0,0,0,0,0,0.1,0,100,0,8.9,0,6,5,4,0,0,0,"2021_11_19_2"
10.609,9.878,1072,14,1740,0,2021,11,46,323,19,5,2,1027.1,8.9,8.9,8.8,98,8.6,8.7,1.6,0.4,6.4,8.9,9.2,9.2,7.7,0,0,0,0,0,0,0.098,0,100,0,9.1,0,7,5,2,0,0,0,"2021_11_19_2"
10.055,9.584,1072,346,1816,343,2021,11,46,323,19,5,2,1027.1,8.9,8.9,8.9,98,8.6,8.8,0,0,0,8.9,9.2,9.2,7.8,0,0,0,0,0,0,0.098,0,100,0,9.2,0,0,9,8,0,0,0,"2021_11_19_2"
10.488,10.488,747,160,0,0,2021,11,46,323,19,5,3,1027.1,9.1,9.1,8.9,98,8.8,8.9,0,0,3.2,9.1,9.4,9.4,7.9,0,0,0,0,0,0,0.097,0,100,0,9,0,1,9,13,0,0,0,"2021_11_19_3"
10.302,10.389,747,200,520,270,2021,11,46,323,19,5,3,1027.1,9.1,9.1,9,98,8.8,8.9,0,0,3.2,9.1,9.4,9.4,7.9,0,0,0,0,0,0,0.097,0,100,0,9.2,0,2,9,0,0,0,0,"2021_11_19_3"
10.369,10.492,1326,169,600,180,2021,11,46,323,19,5,3,1027.1,9.2,9.2,9.1,99,9,9.1,0,0,0,9.2,9.5,9.5,8,0,0,0,0,0,0,0.095,0,100,0,9,0,3,9,8,0,0,0,"2021_11_19_3"
10.672,10.612,1326,191,794,221,2021,11,46,323,19,5,3,1027.1,9.3,9.3,9.2,99,9.1,9.2,0,0,0,9.3,9.6,9.6,8.1,0,0,0,0,0,0,0.094,0,100,0,9.1,0,4,9,8,0,0,0,"2021_11_19_3"
10.937,10.242,1660,9,2340,0,2021,11,46,323,19,5,4,1027,9.4,9.4,9.3,98,9.1,9.2,0,0,3.2,9.4,9.7,9.7,8.2,0,0,0,0,0,0,0.093,0,100,0,9.2,0,5,9,16,0,0,0,"2021_11_19_4"
10.974,10.721,1660,351,2397,347,2021,11,46,323,19,5,4,1027,9.4,9.4,9.3,99,9.3,9.4,1.6,0.4,4.8,9.4,9.8,9.8,8.3,0,0,0,0,0,0,0.093,0,100,0,9.5,0,6,7,6,0,0,0,"2021_11_19_4"
10.722,10.739,1072,14,1740,0,2021,11,46,323,19,5,4,1026.8,9.4,9.5,9.4,99,9.3,9.4,3.2,0.8,6.4,9.4,9.8,9.8,8.3,0,0,0,0,0,0,0.093,0,100,0,9.5,0,7,6,4,0,0,0,"2021_11_19_4"
10.854,10.193,1072,346,1816,343,2021,11,46,323,19,5,4,1027,9.5,9.6,9.5,98,9.2,9.3,3.2,0.8,4.8,9.5,9.8,9.8,8.4,0,0,0,0,0,0,0.092,0,100,0,9.6,0,0,6,5,0,0,0,"2021_11_19_4"
11.015,11.015,747,160,0,0,2021,11,46,323,19,5,5,1027,9.6,9.6,9.5,98,9.3,9.4,1.6,0.4,3.2,9.6,9.9,9.9,8.4,0,0,0,0,0,0,0.091,0,100,0,9.4,0,1,7,5,0,0,0,"2021_11_19_5"
11.107,11.067,747,200,520,270,2021,11,46,323,19,5,5,1027.1,9.6,9.6,9.6,98,9.3,9.4,0,0,3.2,9.6,9.9,9.9,8.4,0,0,0,0,0,0,0.091,0,100,0,9.7,0,2,9,6,0,0,0,"2021_11_19_5"
10.864,11.018,1326,169,600,180,2021,11,46,323,19,5,5,1027.1,9.6,9.6,9.6,98,9.3,9.4,1.6,0.4,3.2,9.6,9.9,9.9,8.5,0,0,0,0,0,0,0.091,0,100,0,9.7,0,3,7,6,0,0,0,"2021_11_19_5"
10.375,10.363,1326,191,794,221,2021,11,46,323,19,5,5,1027.1,9.6,9.6,9.6,98,9.3,9.4,1.6,0.4,3.2,9.6,9.9,9.9,8.4,0,0,0,0,0,0,0.091,0,100,0,9.5,0,4,8,7,0,0,0,"2021_11_19_5"
10.202,9.737,1660,9,2340,0,2021,11,46,323,19,5,6,1027.2,9.4,9.6,9.4,98,9.1,9.3,0,0,3.2,9.4,9.8,9.8,8.3,0,0,0,0,0,0,0.093,0,100,0,9,0,5,9,9,0,0,0,"2021_11_19_6"
10.676,10.309,1660,351,2397,347,2021,11,46,323,19,5,6,1027,9.4,9.5,9.4,99,9.3,9.4,0,0,1.6,9.4,9.8,9.8,8.3,0,0,0,0,0,0,0.093,0,100,0,9.2,0,6,9,12,0,0,0,"2021_11_19_6"
10.908,10.461,1072,14,1740,0,2021,11,46,323,19,5,6,1027,9.4,9.5,9.3,99,9.2,9.3,0,0,3.2,9.4,9.7,9.7,8.3,0,0,0,0,0,0,0.093,0,100,0,9.3,0,7,9,9,0,0,0,"2021_11_19_6"
10.573,10.059,1072,346,1816,343,2021,11,46,323,19,5,6,1027,9.4,9.4,9.3,98,9.1,9.2,0,0,1.6,9.4,9.7,9.7,8.2,0,0,0,0,0,0,0.093,0,100,0,9.4,0,0,9,9,0,0,0,"2021_11_19_6"
10.65,10.65,747,160,0,0,2021,11,46,323,19,5,7,1027.1,9.6,9.6,9.4,99,9.4,9.5,0,0,3.2,9.6,9.9,9.9,8.4,0,0,0,0,0,0,0.091,0,100,0,9.5,0,1,9,9,0,0,0,"2021_11_19_7"
10.704,10.759,747,200,520,270,2021,11,46,323,19,5,7,1027.2,9.5,9.6,9.5,99,9.4,9.4,0,0,1.6,9.5,9.8,9.8,8.4,0,0,0,0,0,0,0.092,0,100,0,9.3,0,2,9,9,0,0,0,"2021_11_19_7"
10.922,10.98,1326,169,600,180,2021,11,46,323,19,5,7,1027.3,9.7,9.7,9.5,99,9.5,9.6,1.6,0.4,4.8,9.7,10,10,8.6,0,0,0,0,0,0,0.09,0,100,0,9.5,0,3,5,5,0,0,0,"2021_11_19_7"
11.139,11.047,1326,191,794,221,2021,11,46,323,19,5,7,1027.5,9.7,9.7,9.6,99,9.6,9.6,3.2,0.8,4.8,9.7,10.1,10.1,8.7,0,0,4,0.09,7,0,0.09,0,100,0,9.7,0,4,6,5,0,0,0,"2021_11_19_7"
11.276,11.244,1660,9,2340,0,2021,11,46,323,19,5,8,1027.6,9.8,9.8,9.7,99,9.6,9.7,4.8,1.21,6.4,9.6,10.1,9.9,8.6,0,0,10,0.22,12,0,0.089,0,100,0,9.8,0,5,6,5,0,0,0,"2021_11_19_8"
11.727,11.605,1660,351,2397,347,2021,11,46,323,19,5,8,1027.8,9.8,9.8,9.7,99,9.6,9.7,4.8,1.21,9.7,9.6,10.1,9.9,8.7,0,0,16,0.34,23,0,0.089,0,100,1,10.1,0,6,6,6,0,0,0,"2021_11_19_8"
11.975,12.018,1072,14,1740,0,2021,11,46,323,19,5,8,1027.8,9.8,9.8,9.7,99,9.6,9.7,4.8,1.21,11.3,9.6,10.1,9.9,8.9,0,0,29,0.62,32,0,0.089,0,100,2,10.4,0,7,7,6,0,0,0,"2021_11_19_8"
12.458,11.642,1072,346,1816,343,2021,11,46,323,19,5,8,1027.8,9.7,9.8,9.7,99,9.6,9.6,6.4,1.61,12.9,9.1,10.1,9.4,9.4,0,0,41,0.88,53,0,0.09,0,100,2,10.8,0,0,7,7,0,0,0,"2021_11_19_8"
12.207,12.207,747,160,0,0,2021,11,46,323,19,5,9,1027.9,9.8,9.9,9.7,99,9.7,9.7,6.4,1.61,12.9,9.2,10.2,9.5,9.8,0,0,55,1.18,79,0.03,0.089,0,100,2,11,0,1,7,6,0,0,0,"2021_11_19_9"
12.358,12.316,747,200,520,270,2021,11,46,323,19,5,9,1028,9.9,10,9.8,99,9.8,9.9,6.4,1.61,11.3,9.3,10.3,9.7,9.6,0,0,43,0.92,51,0,0.087,0,100,2,10.9,0,2,7,6,0,0,0,"2021_11_19_9"
12.9,13.305,1326,169,600,180,2021,11,46,323,19,5,9,1028,10,10,9.9,99,9.9,9.9,6.4,1.61,11.3,9.4,10.4,9.7,9.6,0,0,41,0.88,49,0,0.087,0,100,3,11.2,0,3,7,6,0,0,0,"2021_11_19_9"
13.49,13.654,1326,191,794,221,2021,11,46,323,19,5,9,1028,10.1,10.1,9.9,98,9.8,9.9,6.4,1.61,11.3,9.4,10.4,9.8,10,0,0,60,1.29,69,0,0.086,0,100,3,11.9,0,4,6,6,0,0,0,"2021_11_19_9"
13.478,13.237,1660,9,2340,0,2021,11,46,323,19,5,10,1028,10.3,10.3,10.1,98,10,10.1,6.4,1.61,12.9,9.7,10.6,10,10,0,0,52,1.12,62,0.03,0.084,0,100,3,11.8,0,5,6,5,0,0,0,"2021_11_19_10"
13.91,14.033,1660,351,2397,347,2021,11,46,323,19,5,10,1028.2,10.3,10.4,10.2,98,10,10.2,6.4,1.61,12.9,9.8,10.6,10.1,10.4,0,0,67,1.44,79,0,0.083,0,100,3,12.4,0,6,6,5,0,0,0,"2021_11_19_10"
13.802,13.826,1072,14,1740,0,2021,11,46,323,19,5,10,1028.2,10.3,10.4,10.3,98,10,10.2,6.4,1.61,12.9,9.8,10.6,10.1,10.3,0,0,63,1.36,70,0,0.083,0,99.5,4,12.5,0,7,7,5,0,0,0,"2021_11_19_10"
14.288,13.702,1072,346,1816,343,2021,11,46,323,19,5,10,1028.1,10.3,10.4,10.3,97,9.9,10.1,8,2.01,16.1,9.4,10.6,9.7,10.2,0,0,79,1.7,83,0,0.083,0,98.6,4,12.7,0,0,8,7,0,0,0,"2021_11_19_10"
15.061,15.061,747,160,0,0,2021,11,46,323,19,5,11,1027.7,10.4,10.5,10.3,97,10,10.2,9.7,2.41,16.1,9.2,10.7,9.5,10.3,0,0,94,2.02,120,0.03,0.082,0,94.6,9,13.3,0,1,7,6,0,0,0,"2021_11_19_11"
17.477,17.784,747,200,520,270,2021,11,46,323,19,5,11,1027.5,10.7,10.7,10.4,96,10.1,10.3,9.7,2.41,16.1,9.5,10.9,9.7,11.7,0,0,157,3.38,206,0,0.08,0,89.2,9,14.9,0,2,6,6,0,0,0,"2021_11_19_11"
19.94,20.5,1326,169,600,180,2021,11,46,323,19,5,11,1027.7,10.9,10.9,10.6,95,10.1,10.4,8,2.01,16.1,10.1,11.1,10.3,12.9,0,0,202,4.35,355,0,0.078,0,80.5,17,16.3,0,3,7,7,0,0,0,"2021_11_19_11"
21.5,20.829,1660,351,2397,347,2021,11,46,323,19,5,12,1027.2,12.6,12.6,11.8,86,10.3,11.2,11.3,2.82,19.3,11.6,12.5,11.5,16.4,0,0,380,8.17,399,0,0.06,0,61.4,19,20.5,0,6,6,5,0,0,0,"2021_11_19_12"
17.473,18.228,1072,14,1740,0,2021,11,46,323,19,5,12,1026.3,12.7,12.9,12.6,86,10.4,11.3,12.9,3.22,20.9,11.3,12.6,11.2,14.9,0,0,294,6.32,408,0,0.058,0,67.7,8,18.3,0,7,6,5,0,0,0,"2021_11_19_12"
20.823,21.858,1072,346,1816,343,2021,11,46,323,19,5,12,1027.1,12.6,12.8,12.5,88,10.7,11.4,11.3,2.82,17.7,11.6,12.6,11.6,14.4,0,0,223,4.8,371,0,0.06,0,66,8,19.6,0,0,7,5,0,0,0,"2021_11_19_12"
20.527,20.527,747,160,0,0,2021,11,46,323,19,5,13,1026.8,12.7,12.8,12.6,86,10.4,11.3,14.5,3.62,20.9,10.9,12.6,10.8,15.2,0,0,374,8.05,406,0.18,0.059,0,62.3,20,20.2,0,1,6,5,0,0,0,"2021_11_19_13"
18.503,18.861,747,200,520,270,2021,11,46,323,19,5,13,1026.3,12.6,12.7,12.6,87,10.4,11.3,14.5,3.62,20.9,10.7,12.5,10.7,13.8,0,0,259,5.57,359,0,0.06,0,70.1,20,17.5,0,2,6,5,0,0,0,"2021_11_19_13"
17.182,17.894,1326,169,600,180,2021,11,46,323,19,5,13,1026.4,12.6,12.6,12.4,87,10.4,11.3,14.5,3.62,22.5,10.7,12.5,10.7,12.7,0,0,177,3.81,206,0,0.06,0,71.5,9,16.8,0,3,6,5,0,0,0,"2021_11_19_13"
16.67,16.772,1326,191,794,221,2021,11,46,323,19,5,13,1026.1,12.4,12.6,12.4,87,10.3,11.2,11.3,2.82,20.9,11.4,12.4,11.4,12.3,0,0,104,2.24,156,0,0.061,0,76.8,9,15.6,0,4,6,5,0,0,0,"2021_11_19_13"
16.382,16.375,1660,9,2340,0,2021,11,46,323,19,5,14,1026,12.4,12.5,12.4,86,10.1,11,11.3,2.82,20.9,11.3,12.3,11.3,12,0,0,92,1.98,109,0.1,0.062,0,79.4,7,15,0,5,6,5,0,0,0,"2021_11_19_14"
16.819,16.829,1660,351,2397,347,2021,11,46,323,19,5,14,1026,12.4,12.4,12.3,86,10.1,11,11.3,2.82,19.3,11.3,12.3,11.3,12.3,0,0,106,2.28,109,0,0.062,0,77.5,7,15,0,6,6,5,0,0,0,"2021_11_19_14"
16.044,16.912,1072,346,1816,343,2021,11,46,323,19,5,14,1025.7,12.6,12.6,12.5,86,10.3,11.2,11.3,2.82,16.1,11.5,12.5,11.5,12.8,0,0,117,2.52,134,0,0.06,0,77.3,7,15.4,0,0,6,4,0,0,0,"2021_11_19_14"
16.448,16.448,747,160,0,0,2021,11,46,323,19,5,15,1025.8,12.6,12.6,12.4,86,10.3,11.2,11.3,2.82,19.3,11.5,12.5,11.5,13,0,0,121,2.6,142,0.08,0.06,0,78.2,9,15.5,0,1,6,4,0,0,0,"2021_11_19_15"
15.798,16.004,747,200,520,270,2021,11,46,323,19,5,15,1025.7,12.5,12.6,12.5,86,10.2,11.1,12.9,3.22,17.7,11.1,12.4,11,12.9,0,0,141,3.03,160,0,0.061,0,78.2,9,15.1,0,2,6,5,0,0,0,"2021_11_19_15"
14.992,15.385,1326,169,600,180,2021,11,46,323,19,5,15,1025.5,12.4,12.6,12.3,87,10.3,11.1,12.9,3.22,19.3,10.9,12.4,10.9,12.2,0,0,105,2.26,121,0,0.062,0,82.5,5,14.2,0,3,6,4,0,0,0,"2021_11_19_15"
14.122,14.345,1326,191,794,221,2021,11,46,323,19,5,15,1025.6,12.3,12.4,12.2,87,10.2,11,11.3,2.82,17.7,11.2,12.3,11.2,12.1,0,0,85,1.83,100,0,0.063,0,85.1,5,13.5,0,4,6,5,0,0,0,"2021_11_19_15"
13.407,13.646,1660,9,2340,0,2021,11,46,323,19,5,16,1025.6,12.2,12.3,12.2,88,10.2,11,11.3,2.82,17.7,11,12.2,11.1,11.4,0,0,55,1.18,65,0.08,0.064,0,89.1,2,12.7,0,5,6,4,0,0,0,"2021_11_19_16"
13.005,13.225,1660,351,2397,347,2021,11,46,323,19,5,16,1025.5,11.9,12.2,11.9,89,10.2,10.9,8,2.01,14.5,11.3,12,11.3,11.3,0,0,39,0.84,44,0,0.067,0,93.6,2,12.1,0,6,6,4,0,0,0,"2021_11_19_16"
12.227,12.524,1072,14,1740,0,2021,11,46,323,19,5,16,1025.5,11.8,11.9,11.8,89,10,10.7,8,2.01,12.9,11.1,11.8,11.1,9.9,0,0,19,0.41,26,0,0.068,0,95.1,0,11.5,0,7,5,5,0,0,0,"2021_11_19_16"
11.909,11.875,1072,346,1816,343,2021,11,46,323,19,5,16,1025.6,11.6,11.8,11.6,89,9.9,10.6,9.7,2.41,14.5,10.6,11.7,10.7,9.3,0,0,5,0.11,11,0,0.07,0,99.1,0,10.7,0,0,5,5,0,0,0,"2021_11_19_16"
11.557,11.557,747,160,0,0,2021,11,46,323,19,5,17,1025.6,11.5,11.6,11.4,90,9.9,10.6,8,2.01,12.9,10.8,11.6,10.8,9.4,0,0,0,0,0,0.03,0.071,0,100,0,10.5,0,1,5,4,0,0,0,"2021_11_19_17"
11.665,11.646,747,200,520,270,2021,11,46,323,19,5,17,1025.8,11.3,11.5,11.3,91,9.9,10.5,8,2.01,12.9,10.6,11.4,10.7,9.2,0,0,0,0,0,0,0.073,0,100,0,10.4,0,2,5,4,0,0,0,"2021_11_19_17"
11.909,12.05,1326,169,600,180,2021,11,46,323,19,5,17,1025.8,11.3,11.3,11.3,91,9.9,10.5,8,2.01,12.9,10.6,11.4,10.7,9.2,0,0,0,0,0,0,0.073,0,100,0,10.5,0,3,5,4,0,0,0,"2021_11_19_17"
12.217,12.186,1326,191,794,221,2021,11,46,323,19,5,17,1025.9,11.3,11.3,11.3,91,9.9,10.5,8,2.01,14.5,10.6,11.4,10.7,9.2,0,0,0,0,0,0,0.073,0,100,0,10.9,0,4,5,5,0,0,0,"2021_11_19_17"
12.251,12.273,1660,9,2340,0,2021,11,46,323,19,5,18,1026,11.4,11.4,11.3,91,10,10.6,9.7,2.41,14.5,10.4,11.5,10.5,9,0,0,0,0,0,0.03,0.072,0,100,0,11,0,5,6,4,0,0,0,"2021_11_19_18"
12.308,12.301,1660,351,2397,347,2021,11,46,323,19,5,18,1026,11.4,11.4,11.3,91,10,10.6,8,2.01,14.5,10.6,11.5,10.7,9.3,0,0,0,0,0,0,0.072,0,100,0,11,0,6,6,5,0,0,0,"2021_11_19_18"
12.276,12.242,1072,14,1740,0,2021,11,46,323,19,5,18,1026,11.4,11.4,11.4,91,10,10.6,8,2.01,14.5,10.6,11.5,10.7,9.3,0,0,0,0,0,0,0.072,0,100,0,11,0,7,6,5,0,0,0,"2021_11_19_18"
12.228,12.249,1072,346,1816,343,2021,11,46,323,19,5,18,1026.1,11.3,11.4,11.3,91,9.9,10.5,8,2.01,12.9,10.6,11.4,10.7,9.2,0,0,0,0,0,0,0.073,0,100,0,11,0,0,6,5,0,0,0,"2021_11_19_18"
12.233,12.233,747,160,0,0,2021,11,46,323,19,5,19,1026.2,11.3,11.3,11.3,92,10,10.5,6.4,1.61,11.3,10.8,11.4,11,9.6,0,0,0,0,0,0,0.073,0,100,0,11,0,1,6,5,0,0,0,"2021_11_19_19"
12.003,11.936,747,200,520,270,2021,11,46,323,19,5,19,1026.2,11.3,11.3,11.3,92,10,10.5,4.8,1.21,9.7,11.3,11.4,11.4,10,0,0,0,0,0,0,0.073,0,100,0,11,0,2,6,5,0,0,0,"2021_11_19_19"
11.971,12.169,1326,169,600,180,2021,11,46,323,19,5,19,1026.2,11.3,11.3,11.3,91,9.9,10.5,4.8,1.21,11.3,11.3,11.4,11.4,9.9,0,0,0,0,0,0,0.073,0,100,0,11,0,3,7,5,0,0,0,"2021_11_19_19"
11.907,12.025,1326,191,794,221,2021,11,46,323,19,5,19,1026.3,11.3,11.3,11.2,91,9.9,10.5,8,2.01,12.9,10.5,11.4,10.6,9.1,0,0,0,0,0,0,0.073,0,100,0,10.9,0,4,7,6,0,0,0,"2021_11_19_19"
11.757,11.654,1660,9,2340,0,2021,11,46,323,19,5,20,1026.1,11.2,11.3,11.2,91,9.8,10.4,8,2.01,12.9,10.4,11.3,10.6,9.1,0,0,0,0,0,0,0.074,0,100,0,10.8,0,5,7,5,0,0,0,"2021_11_19_20"
11.333,11.225,1660,351,2397,347,2021,11,46,323,19,5,20,1026,11.1,11.2,11.1,92,9.9,10.4,4.8,1.21,11.3,11.1,11.3,11.2,9.7,0,0,0,0,0,0,0.075,0,100,0,10.4,0,6,6,5,0,0,0,"2021_11_19_20"
11.062,10.569,1072,14,1740,0,2021,11,46,323,19,5,20,1026.2,11,11.1,10.9,92,9.7,10.3,6.4,1.61,12.9,10.5,11.2,10.7,9.2,0,0,0,0,0,0,0.076,0,100,0,9.9,0,7,7,5,0,0,0,"2021_11_19_20"
11.271,10.979,1072,346,1816,343,2021,11,46,323,19,5,20,1026.5,10.8,11,10.8,92,9.6,10.1,6.4,1.61,11.3,10.3,11,10.5,9.1,0,0,0,0,0,0,0.078,0,100,0,9.9,0,0,6,5,0,0,0,"2021_11_19_20"
11.26,11.26,747,160,0,0,2021,11,46,323,19,5,21,1026.4,10.8,10.8,10.7,93,9.7,10.2,6.4,1.61,11.3,10.3,11,10.4,9,0,0,0,0,0,0,0.079,0,100,0,10.1,0,1,6,5,0,0,0,"2021_11_19_21"
11.338,11.291,747,200,520,270,2021,11,46,323,19,5,21,1026.3,10.8,10.8,10.7,93,9.7,10.2,4.8,1.21,9.7,10.7,11,10.9,9.4,0,0,0,0,0,0,0.079,0,100,0,10,0,2,7,6,0,0,0,"2021_11_19_21"
11.297,11.38,1326,169,600,180,2021,11,46,323,19,5,21,1026.4,10.7,10.8,10.7,93,9.6,10.1,4.8,1.21,11.3,10.6,10.9,10.8,9.4,0,0,0,0,0,0,0.079,0,100,0,9.9,0,3,7,5,0,0,0,"2021_11_19_21"
11.033,11.058,1326,191,794,221,2021,11,46,323,19,5,21,1026.6,10.6,10.7,10.6,93,9.5,10,6.4,1.61,12.9,10.1,10.8,10.3,8.8,0,0,0,0,0,0,0.08,0,100,0,10,0,4,7,5,0,0,0,"2021_11_19_21"
10.625,10.565,1660,9,2340,0,2021,11,46,323,19,5,22,1026.4,10.5,10.7,10.5,93,9.4,9.9,6.4,1.61,12.9,9.9,10.7,10.1,8.7,0,0,0,0,0,0,0.082,0,100,0,9.6,0,5,6,5,0,0,0,"2021_11_19_22"
10.443,10.127,1660,351,2397,347,2021,11,46,323,19,5,22,1026.3,10.4,10.6,10.4,93,9.3,9.8,4.8,1.21,11.3,10.3,10.6,10.5,9,0,0,0,0,0,0,0.083,0,100,0,9.2,0,6,7,6,0,0,0,"2021_11_19_22"
10.179,9.84,1072,14,1740,0,2021,11,46,323,19,5,22,1026.1,10.1,10.4,10.1,94,9.2,9.6,4.8,1.21,9.7,9.9,10.4,10.2,8.7,0,0,0,0,0,0,0.086,0,100,0,9.1,0,7,6,5,0,0,0,"2021_11_19_22"
10.254,10.159,1072,346,1816,343,2021,11,46,323,19,5,22,1026,10.1,10.1,10.1,94,9.1,9.5,6.4,1.61,11.3,9.4,10.3,9.7,8.2,0,0,0,0,0,0,0.086,0,100,0,9,0,0,6,6,0,0,0,"2021_11_19_22"
10.368,10.368,747,160,0,0,2021,11,46,323,19,5,23,1026.1,10,10.1,9.9,94,9.1,9.5,8,2.01,12.9,9,10.3,9.3,7.8,0,0,0,0,0,0,0.087,0,100,0,9,0,1,6,5,0,0,0,"2021_11_19_23"
10.748,10.751,747,200,520,270,2021,11,46,323,19,5,23,1026.2,10,10,9.9,95,9.2,9.6,6.4,1.61,12.9,9.4,10.3,9.7,8.2,0,0,0,0,0,0,0.087,0,100,0,9.3,0,2,6,5,0,0,0,"2021_11_19_23"
10.939,11.091,1326,169,600,180,2021,11,46,323,19,5,23,1026.3,10.1,10.1,10,95,9.3,9.6,6.4,1.61,11.3,9.4,10.3,9.7,8.2,0,0,0,0,0,0,0.086,0,100,0,9.6,0,3,7,5,0,0,0,"2021_11_19_23"
10.951,10.934,1326,191,794,221,2021,11,46,323,19,5,23,1026.3,10.1,10.1,10.1,95,9.3,9.7,8,2.01,14.5,9.1,10.4,9.4,7.9,0,0,0,0,0,0,0.086,0,100,0,9.7,0,4,6,6,0,0,0,"2021_11_19_23"
10.852,10.878,1660,9,2340,0,2021,11,46,324,20,6,0,1026.2,10.1,10.1,10.1,94,9.1,9.5,8,2.01,14.5,9.1,10.3,9.3,7.9,0,0,0,0,0,0,0.086,0,100,0,9.8,0,5,6,5,0,0,0,"2021_11_20_0"
10.741,11.001,1660,351,2397,347,2021,11,46,324,20,6,0,1026,10,10.1,10,94,9.1,9.5,6.4,1.61,14.5,9.4,10.3,9.6,8.2,0,0,0,0,0,0,0.087,0,100,0,9.7,0,6,7,5,0,0,0,"2021_11_20_0"
10.779,10.817,1072,14,1740,0,2021,11,46,324,20,6,0,1025.9,9.9,10,9.9,95,9.2,9.5,8,2.01,14.5,8.9,10.2,9.2,7.8,0,0,0,0,0,0,0.087,0,100,0,9.6,0,7,7,6,0,0,0,"2021_11_20_0"
10.857,10.847,1072,346,1816,343,2021,11,46,324,20,6,0,1025.9,9.9,9.9,9.9,95,9.1,9.5,6.4,1.61,11.3,9.2,10.2,9.5,8.1,0,0,0,0,0,0,0.088,0,100,0,9.6,0,0,7,5,0,0,0,"2021_11_20_0"
10.863,10.863,747,160,0,0,2021,11,46,324,20,6,1,1025.7,9.9,9.9,9.9,95,9.1,9.5,4.8,1.21,11.3,9.7,10.2,10,8.5,0,0,0,0,0,0,0.088,0,100,0,9.6,0,1,6,5,0,0,0,"2021_11_20_1"
10.721,10.634,747,200,520,270,2021,11,46,324,20,6,1,1025.6,9.8,9.9,9.8,96,9.2,9.5,6.4,1.61,11.3,9.2,10.1,9.5,8,0,0,0,0,0,0,0.089,0,100,0,9.6,0,2,6,5,0,0,0,"2021_11_20_1"
10.881,11,1326,169,600,180,2021,11,46,324,20,6,1,1025.7,9.8,9.9,9.8,95,9.1,9.4,4.8,1.21,11.3,9.6,10.1,9.9,8.4,0,0,0,0,0,0,0.089,0,100,0,9.6,0,3,7,5,0,0,0,"2021_11_20_1"
10.937,10.977,1326,191,794,221,2021,11,46,324,20,6,1,1025.6,9.8,9.9,9.8,95,9.1,9.4,6.4,1.61,12.9,9.2,10.1,9.5,8,0,0,0,0,0,0,0.089,0,100,0,9.6,0,4,6,4,0,0,0,"2021_11_20_1"
10.904,10.843,1660,9,2340,0,2021,11,46,324,20,6,2,1025.6,9.8,9.9,9.8,95,9.1,9.4,4.8,1.21,9.7,9.6,10.1,9.9,8.4,0,0,0,0,0,0,0.089,0,100,0,9.6,0,5,6,5,0,0,0,"2021_11_20_2"
10.727,10.875,1660,351,2397,347,2021,11,46,324,20,6,2,1025.6,9.8,9.9,9.8,95,9,9.3,6.4,1.61,11.3,9.1,10.1,9.4,7.9,0,0,0,0,0,0,0.089,0,100,0,9.6,0,6,6,5,0,0,0,"2021_11_20_2"
10.519,10.754,1072,14,1740,0,2021,11,46,324,20,6,2,1025.6,9.7,9.8,9.7,95,8.9,9.2,4.8,1.21,11.3,9.4,9.9,9.7,8.2,0,0,0,0,0,0,0.09,0,100,0,9.5,0,7,7,7,0,0,0,"2021_11_20_2"
10.476,10.299,1072,346,1816,343,2021,11,46,324,20,6,2,1025.5,9.6,9.7,9.6,95,8.8,9.1,4.8,1.21,9.7,9.3,9.8,9.6,8.1,0,0,0,0,0,0,0.091,0,100,0,9.4,0,0,7,5,0,0,0,"2021_11_20_2"
10.608,10.608,747,160,0,0,2021,11,46,324,20,6,3,1025.3,9.6,9.6,9.6,94,8.7,9.1,3.2,0.8,6.4,9.6,9.9,9.9,8.3,0,0,0,0,0,0,0.091,0,100,0,9.4,0,1,7,6,0,0,0,"2021_11_20_3"
10.779,10.66,747,200,520,270,2021,11,46,324,20,6,3,1025.2,9.7,9.7,9.6,94,8.8,9.2,3.2,0.8,8,9.7,10,10,8.4,0,0,0,0,0,0,0.09,0,100,0,9.5,0,2,7,7,0,0,0,"2021_11_20_3"
10.884,10.928,1326,169,600,180,2021,11,46,324,20,6,3,1025,9.7,9.8,9.7,95,8.9,9.2,4.8,1.21,11.3,9.4,9.9,9.7,8.2,0,0,0,0,0,0,0.09,0,100,0,9.5,0,3,7,5,0,0,0,"2021_11_20_3"
10.693,10.815,1326,191,794,221,2021,11,46,324,20,6,3,1024.8,9.6,9.7,9.6,95,8.8,9.2,4.8,1.21,8,9.4,9.9,9.7,8.1,0,0,0,0,0,0,0.091,0,100,0,9.5,0,4,7,6,0,0,0,"2021_11_20_3"
10.6,10.568,1660,9,2340,0,2021,11,46,324,20,6,4,1024.8,9.7,9.7,9.5,95,8.9,9.2,4.8,1.21,8,9.4,9.9,9.7,8.2,0,0,0,0,0,0,0.09,0,100,0,9.4,0,5,6,7,0,0,0,"2021_11_20_4"
10.632,10.698,1660,351,2397,347,2021,11,46,324,20,6,4,1024.6,9.6,9.7,9.6,95,8.8,9.2,4.8,1.21,9.7,9.4,9.9,9.7,8.1,0,0,0,0,0,0,0.091,0,100,0,9.3,0,6,6,5,0,0,0,"2021_11_20_4"
10.716,10.741,1072,14,1740,0,2021,11,46,324,20,6,4,1024.5,9.6,9.6,9.6,96,8.9,9.2,4.8,1.21,9.7,9.3,9.8,9.6,8.1,0,0,0,0,0,0,0.091,0,100,0,9.5,0,7,6,5,0,0,0,"2021_11_20_4"
10.625,10.716,1072,346,1816,343,2021,11,46,324,20,6,4,1024.4,9.6,9.6,9.5,96,8.9,9.2,4.8,1.21,9.7,9.3,9.8,9.6,8.1,0,0,0,0,0,0,0.091,0,100,0,9.4,0,0,6,5,0,0,0,"2021_11_20_4"
10.638,10.638,747,160,0,0,2021,11,46,324,20,6,5,1024.3,9.6,9.6,9.5,96,8.9,9.2,4.8,1.21,8,9.3,9.8,9.6,8.1,0,0,0,0,0,0,0.091,0,100,0,9.4,0,1,6,4,0,0,0,"2021_11_20_5"
10.669,10.702,747,200,520,270,2021,11,46,324,20,6,5,1024.1,9.6,9.6,9.5,96,8.9,9.2,4.8,1.21,9.7,9.3,9.8,9.6,8.1,0,0,0,0,0,0,0.091,0,100,0,9.4,0,2,6,5,0,0,0,"2021_11_20_5"
10.709,10.82,1326,169,600,180,2021,11,46,324,20,6,5,1024.2,9.4,9.6,9.4,96,8.8,9.1,6.4,1.61,11.3,8.7,9.7,9,7.5,0,0,0,0,0,0,0.093,0,100,0,9.5,0,3,6,5,0,0,0,"2021_11_20_5"
10.603,10.661,1326,191,794,221,2021,11,46,324,20,6,5,1024.2,9.4,9.5,9.4,96,8.8,9.1,4.8,1.21,9.7,9.2,9.7,9.5,8,0,0,0,0,0,0,0.093,0,100,0,9.4,0,4,6,5,0,0,0,"2021_11_20_5"
10.534,10.482,1660,9,2340,0,2021,11,46,324,20,6,6,1024.3,9.4,9.5,9.4,96,8.8,9.1,4.8,1.21,11.3,9.2,9.7,9.5,8,0,0,0,0,0,0,0.093,0,100,0,9.4,0,5,6,5,0,0,0,"2021_11_20_6"
10.484,10.433,1660,351,2397,347,2021,11,46,324,20,6,6,1024.2,9.4,9.4,9.4,96,8.8,9.1,3.2,0.8,9.7,9.4,9.7,9.7,8.2,0,0,0,0,0,0,0.093,0,100,0,9.3,0,6,6,6,0,0,0,"2021_11_20_6"
10.652,10.208,1072,14,1740,0,2021,11,46,324,20,6,6,1024.2,9.4,9.4,9.4,96,8.8,9.1,4.8,1.21,9.7,9.1,9.7,9.4,7.9,0,0,0,0,0,0,0.093,0,100,0,9.3,0,7,6,5,0,0,0,"2021_11_20_6"
10.655,10.47,1072,346,1816,343,2021,11,46,324,20,6,6,1024.2,9.4,9.4,9.4,96,8.8,9.1,3.2,0.8,6.4,9.4,9.7,9.7,8.2,0,0,0,0,0,0,0.093,0,100,0,9.2,0,0,7,5,0,0,0,"2021_11_20_6"
10.501,10.501,747,160,0,0,2021,11,46,324,20,6,7,1024.1,9.4,9.4,9.4,95,8.7,9,4.8,1.21,9.7,9.2,9.7,9.5,8,0,0,0,0,0,0,0.093,0,100,0,9.3,0,1,6,5,0,0,0,"2021_11_20_7"
10.485,10.439,747,200,520,270,2021,11,46,324,20,6,7,1024,9.4,9.5,9.4,95,8.7,9,3.2,0.8,6.4,9.4,9.7,9.7,8.2,0,0,0,0,0,0,0.093,0,100,0,9.2,0,2,7,5,0,0,0,"2021_11_20_7"
10.505,10.681,1326,169,600,180,2021,11,46,324,20,6,7,1024,9.4,9.4,9.4,95,8.6,9,4.8,1.21,11.3,9.1,9.7,9.4,7.9,0,0,0,0,0,0,0.093,0,100,0,9.2,0,3,7,6,0,0,0,"2021_11_20_7"
10.621,10.783,1326,191,794,221,2021,11,46,324,20,6,7,1024.1,9.4,9.4,9.3,95,8.6,9,4.8,1.21,11.3,9.1,9.7,9.4,8,0,0,4,0.09,7,0,0.093,0,100,0,9.3,0,4,7,5,0,0,0,"2021_11_20_7"
10.828,10.972,1660,9,2340,0,2021,11,46,324,20,6,8,1024,9.4,9.4,9.4,95,8.7,9,3.2,0.8,9.7,9.4,9.7,9.7,8.4,0,0,11,0.24,14,0,0.093,0,100,0,9.6,0,5,7,5,0,0,0,"2021_11_20_8"
10.925,11.058,1660,351,2397,347,2021,11,46,324,20,6,8,1024,9.4,9.4,9.4,94,8.5,8.9,4.8,1.21,9.7,9.2,9.7,9.4,8.2,0,0,18,0.39,21,0,0.093,0,100,0,9.7,0,6,7,5,0,0,0,"2021_11_20_8"
11.342,11.393,1072,14,1740,0,2021,11,46,324,20,6,8,1024.2,9.5,9.5,9.4,94,8.6,9,4.8,1.21,11.3,9.3,9.8,9.5,8.3,0,0,23,0.49,25,0,0.092,0,100,1,10,0,7,7,5,0,0,0,"2021_11_20_8"
11.81,11.757,1072,346,1816,343,2021,11,46,324,20,6,8,1024.3,9.4,9.5,9.4,93,8.4,8.8,6.4,1.61,11.3,8.7,9.7,9,8.6,0,0,28,0.6,35,0,0.093,0,100,1,10.1,0,0,6,4,0,0,0,"2021_11_20_8"
12.118,12.118,747,160,0,0,2021,11,46,324,20,6,9,1024.2,9.6,9.6,9.4,93,8.5,9,6.4,1.61,9.7,8.9,9.8,9.1,9,0,0,42,0.9,47,0.03,0.091,0,98.9,2,10.6,0,1,6,5,0,0,0,"2021_11_20_9"
12.677,12.73,747,200,520,270,2021,11,46,324,20,6,9,1024,9.5,9.6,9.5,93,8.4,8.9,6.4,1.61,14.5,8.8,9.7,9,9.1,0,0,50,1.08,54,0,0.092,0,97.1,2,11,0,2,6,5,0,0,0,"2021_11_20_9"
12.154,12.764,1326,169,600,180,2021,11,46,324,20,6,9,1023.9,9.6,9.7,9.5,92,8.3,8.9,6.4,1.61,14.5,8.9,9.8,9.1,9.4,0,0,61,1.31,70,0,0.091,0,94,3,11.2,0,3,6,6,0,0,0,"2021_11_20_9"
12.447,12.6,1326,191,794,221,2021,11,46,324,20,6,9,1024,9.6,9.6,9.4,92,8.3,8.9,6.4,1.61,12.9,8.9,9.8,9.1,9.4,0,0,63,1.36,72,0,0.091,0,92.6,3,11.3,0,4,7,5,0,0,0,"2021_11_20_9"
13.026,12.77,1660,9,2340,0,2021,11,46,324,20,6,10,1024,9.5,9.6,9.5,92,8.3,8.8,8,2.01,14.5,8.4,9.7,8.6,9,0,0,67,1.44,76,0.03,0.092,0,93.1,4,11.3,0,5,7,6,0,0,0,"2021_11_20_10"
13.584,13.882,1660,351,2397,347,2021,11,46,324,20,6,10,1024,9.7,9.8,9.4,91,8.3,8.9,8,2.01,16.1,8.7,9.9,8.9,9.7,0,0,91,1.96,104,0,0.09,0,88.9,4,12.3,0,6,6,5,0,0,0,"2021_11_20_10"
13.323,11.787,1072,14,1740,0,2021,11,46,324,20,6,10,1023.9,9.8,9.9,9.7,91,8.4,9,6.4,1.61,14.5,9.2,10,9.4,9.9,0,0,79,1.7,100,0,0.089,0,86.8,4,12,0,7,6,7,0,0,0,"2021_11_20_10"
14.779,12.329,1072,346,1816,343,2021,11,46,324,20,6,10,1023.8,9.9,9.9,9.8,91,8.5,9.1,8,2.01,12.9,8.9,10.1,9.1,9.9,0,0,95,2.04,107,0,0.088,0,88,4,12.6,0,0,6,5,0,0,0,"2021_11_20_10"
15.061,15.061,747,160,0,0,2021,11,46,324,20,6,11,1023.7,10,10,9.8,91,8.6,9.2,4.8,1.21,12.9,9.8,10.2,10,11.2,0,0,117,2.52,142,0.05,0.087,0,85,8,12.4,0,1,6,6,0,0,0,"2021_11_20_11"
15.754,16.122,747,200,520,270,2021,11,46,324,20,6,11,1023.4,10.1,10.1,10,90,8.5,9.2,8,2.01,14.5,9.1,10.3,9.3,11,0,0,147,3.16,158,0,0.086,0,81.5,8,13.7,0,2,6,5,0,0,0,"2021_11_20_11"
15.579,16.503,1326,169,600,180,2021,11,46,324,20,6,11,1023.3,10.3,10.3,10.1,89,8.5,9.3,6.4,1.61,12.9,9.7,10.4,9.8,11.6,0,0,157,3.38,174,0,0.084,0,78.7,9,14.8,0,3,6,5,0,0,0,"2021_11_20_11"
16.153,16.844,1326,191,794,221,2021,11,46,324,20,6,11,1023,10.4,10.4,10.3,89,8.7,9.4,6.4,1.61,14.5,9.8,10.5,9.9,11.9,0,0,168,3.61,183,0,0.083,0,75.3,9,15.3,0,4,6,5,0,0,0,"2021_11_20_11"
15.303,15.067,1660,9,2340,0,2021,11,46,324,20,6,12,1023,10.7,10.7,10.4,89,8.9,9.7,4.8,1.21,9.7,10.6,10.8,10.7,12.9,0,0,184,3.96,216,0.08,0.08,0,75.8,8,15.3,0,5,6,5,0,0,0,"2021_11_20_12"
16.951,16.149,1660,351,2397,347,2021,11,46,324,20,6,12,1022.7,10.8,10.8,10.7,87,8.7,9.6,4.8,1.21,12.9,10.7,10.8,10.7,12.8,0,0,175,3.76,204,0,0.079,0,77.8,8,14.3,0,6,7,5,0,0,0,"2021_11_20_12"
17.851,20.46,1072,14,1740,0,2021,11,46,324,20,6,12,1023,11.2,11.2,10.8,88,9.3,10.1,6.4,1.61,14.5,10.8,11.3,10.8,14.9,0,0,309,6.65,496,0,0.074,0,65,14,18.9,0,7,5,4,0,0,0,"2021_11_20_12"
15.552,16.732,1072,346,1816,343,2021,11,46,324,20,6,12,1021.9,11.1,11.2,11,88,9.1,9.9,8,2.01,14.5,10.2,11.1,10.3,11.8,0,0,139,2.99,230,0,0.076,0,75.9,14,14.7,0,0,6,4,0,0,0,"2021_11_20_12"
19.878,19.878,747,160,0,0,2021,11,46,324,20,6,13,1022.2,11.5,11.5,11,87,9.4,10.3,6.4,1.61,12.9,11.1,11.5,11.1,14.1,0,0,233,5.01,425,0.1,0.071,0,72,20,16.2,0,1,6,4,0,0,0,"2021_11_20_13"
19.441,20.391,747,200,520,270,2021,11,46,324,20,6,13,1021.9,11.7,11.8,11.4,85,9.2,10.2,8,2.01,14.5,11,11.6,10.9,15.7,0,0,361,7.77,448,0,0.069,0,66.3,20,17.8,0,2,5,2,0,0,0,"2021_11_20_13"
18.655,19.328,1326,169,600,180,2021,11,46,324,20,6,13,1021.4,11.9,11.9,11.7,86,9.6,10.5,8,2.01,16.1,11.2,11.9,11.2,15.7,0,0,333,7.16,394,0,0.067,0,68.4,14,17.2,0,3,6,5,0,0,0,"2021_11_20_13"
18.313,19.062,1326,191,794,221,2021,11,46,324,20,6,13,1021.2,12.1,12.1,11.9,86,9.8,10.7,8,2.01,14.5,11.4,12,11.4,15.9,0,0,329,7.08,376,0,0.065,0,66.7,14,17.7,0,4,5,5,0,0,0,"2021_11_20_13"
17.757,18.035,1660,9,2340,0,2021,11,46,324,20,6,14,1021.1,12.2,12.2,12.1,86,9.9,10.9,8,2.01,14.5,11.6,12.2,11.6,15.9,0,0,307,6.6,338,0.18,0.064,0,68.4,11,17,0,5,5,2,0,0,0,"2021_11_20_14"
17.742,17.895,1660,351,2397,347,2021,11,46,324,20,6,14,1020.8,12.2,12.3,12.2,85,9.8,10.8,8,2.01,14.5,11.6,12.2,11.6,15.5,0,0,276,5.94,304,0,0.064,0,70,11,16.8,0,6,5,4,0,0,0,"2021_11_20_14"
16.865,17.534,1072,14,1740,0,2021,11,46,324,20,6,14,1020.6,12.3,12.3,12.2,85,9.8,10.8,8,2.01,12.9,11.7,12.2,11.6,15.2,0,0,245,5.27,279,0,0.063,0,72,8,16.2,0,7,5,4,0,0,0,"2021_11_20_14"
15.84,17.045,1072,346,1816,343,2021,11,46,324,20,6,14,1020.3,12.2,12.3,12.2,85,9.7,10.7,8,2.01,14.5,11.6,12.1,11.5,15,0,0,231,4.97,250,0,0.064,0,74.1,8,15.5,0,0,5,4,0,0,0,"2021_11_20_14"
15.287,15.287,747,160,0,0,2021,11,46,324,20,6,15,1020,11.9,12.2,11.9,85,9.5,10.5,9.7,2.41,14.5,11,11.9,11,14,0,0,197,4.24,213,0.13,0.067,0,76.6,6,14.8,0,1,5,4,0,0,0,"2021_11_20_15"
14.213,14.578,747,200,520,270,2021,11,46,324,20,6,15,1020,11.8,12.1,11.8,85,9.4,10.4,9.7,2.41,16.1,10.9,11.8,10.8,13.3,0,0,164,3.53,181,0,0.068,0,79.8,6,13.8,0,2,5,4,0,0,0,"2021_11_20_15"
13.943,13.861,1326,169,600,180,2021,11,46,324,20,6,15,1020,11.4,11.8,11.4,86,9.2,10.1,9.7,2.41,16.1,10.4,11.4,10.4,12.2,0,0,126,2.71,146,0,0.072,0,84.8,4,12.8,0,3,5,5,0,0,0,"2021_11_20_15"
12.812,12.832,1326,191,794,221,2021,11,46,324,20,6,15,1019.7,11.2,11.5,11.2,88,9.3,10.1,9.7,2.41,14.5,10.2,11.3,10.2,11.4,0,0,95,2.04,111,0,0.074,0,88.2,4,12.1,0,4,5,4,0,0,0,"2021_11_20_15"
11.884,11.709,1660,9,2340,0,2021,11,46,324,20,6,16,1019.6,10.8,11.2,10.8,88,8.9,9.7,8,2.01,14.5,10,10.9,10.1,10.5,0,0,62,1.33,79,0.08,0.078,0,91.7,1,11.1,0,5,5,4,0,0,0,"2021_11_20_16"
11.167,11.221,1660,351,2397,347,2021,11,46,324,20,6,16,1019.3,10.4,10.8,10.4,90,8.9,9.5,6.4,1.61,14.5,9.9,10.6,10,9.8,0,0,36,0.77,47,0,0.082,0,95.4,1,10.3,0,6,5,4,0,0,0,"2021_11_20_16"
10.762,10.56,1072,14,1740,0,2021,11,46,324,20,6,16,1019.5,10,10.4,10,90,8.4,9.1,6.4,1.61,12.9,9.4,10.2,9.5,8.3,0,0,17,0.37,25,0,0.087,0,97.3,0,9.6,0,7,5,4,0,0,0,"2021_11_20_16"
10.254,9.7,1072,346,1816,343,2021,11,46,324,20,6,16,1019.3,9.6,10,9.6,91,8.2,8.8,6.4,1.61,12.9,8.9,9.7,9,7.6,0,0,5,0.11,11,0,0.091,0,99.8,0,9,0,0,5,5,0,0,0,"2021_11_20_16"
9.915,9.915,747,160,0,0,2021,11,46,324,20,6,17,1019.4,9.2,9.6,9.2,92,8,8.5,4.8,1.21,11.3,8.9,9.4,9.1,7.6,0,0,0,0,0,0.03,0.095,0,100,0,8.7,0,1,6,5,0,0,0,"2021_11_20_17"
9.447,9.583,747,200,520,270,2021,11,46,324,20,6,17,1019.3,8.8,9.2,8.8,93,7.8,8.2,3.2,0.8,6.4,8.8,9,9,7.5,0,0,0,0,0,0,0.099,0,100,0,8.5,0,2,6,5,0,0,0,"2021_11_20_17"
9.444,9.267,1326,169,600,180,2021,11,46,324,20,6,17,1019.4,8.6,8.9,8.5,93,7.5,8,3.2,0.8,6.4,8.6,8.7,8.7,7.2,0,0,0,0,0,0,0.102,0,100,0,7.9,0,3,6,5,0,0,0,"2021_11_20_17"
9.148,8.874,1326,191,794,221,2021,11,46,324,20,6,17,1019.3,8.3,8.6,8.3,94,7.4,7.8,3.2,0.8,4.8,8.3,8.5,8.5,6.9,0,0,0,0,0,0,0.104,0,99.9,0,7.4,0,4,6,5,0,0,0,"2021_11_20_17"
9.944,8.807,1660,9,2340,0,2021,11,46,324,20,6,18,1019.4,8.2,8.3,8.2,95,7.5,7.8,3.2,0.8,6.4,8.2,8.4,8.4,6.8,0,0,0,0,0,0,0.105,0,100,0,7.7,0,5,6,2,0,0,0,"2021_11_20_18"
10.462,9.926,1660,351,2397,347,2021,11,46,324,20,6,18,1019.3,8.3,8.3,8.2,95,7.6,7.9,4.8,1.21,9.7,7.9,8.5,8.1,6.6,0,0,0,0,0,0,0.104,0,100,0,8.6,0,6,6,5,0,0,0,"2021_11_20_18"
10.443,10.024,1072,14,1740,0,2021,11,46,324,20,6,18,1019.2,8.3,8.3,8.2,96,7.7,8,6.4,1.61,11.3,7.4,8.5,7.6,6,0,0,0,0,0,0,0.105,0,100,0,9,0,7,6,5,0,0,0,"2021_11_20_18"
10.435,10.006,1072,346,1816,343,2021,11,46,324,20,6,18,1019,8.2,8.3,8.2,96,7.6,7.9,6.4,1.61,12.9,7.3,8.4,7.5,6,0,0,0,0,0,0,0.105,0,100,0,9.1,0,0,6,5,0,0,0,"2021_11_20_18"
10.297,10.297,747,160,0,0,2021,11,46,324,20,6,19,1019,8.2,8.2,8.2,96,7.6,7.8,6.4,1.61,11.3,7.3,8.4,7.4,5.9,0,0,0,0,0,0,0.106,0,100,0,9,0,1,6,5,0,0,0,"2021_11_20_19"
10.368,10.369,747,200,520,270,2021,11,46,324,20,6,19,1018.8,8.2,8.2,8.2,96,7.6,7.8,6.4,1.61,11.3,7.3,8.4,7.4,5.9,0,0,0,0,0,0,0.106,0,100,0,9.4,0,2,6,5,0,0,0,"2021_11_20_19"
10.357,10.767,1326,169,600,180,2021,11,46,324,20,6,19,1018.7,8.1,8.2,8.1,96,7.5,7.8,8,2.01,12.9,6.8,8.3,7,5.4,0,0,0,0,0,0,0.106,0,100,0,9.3,0,3,6,4,0,0,0,"2021_11_20_19"
10.181,10.354,1326,191,794,221,2021,11,46,324,20,6,19,1018.7,8.1,8.2,8,97,7.6,7.8,6.4,1.61,11.3,7.1,8.3,7.3,5.8,0,0,0,0,0,0,0.107,0,100,0,9.2,0,4,6,5,0,0,0,"2021_11_20_19"
9.805,10.623,1660,9,2340,0,2021,11,46,324,20,6,20,1018.5,7.9,8.1,7.9,97,7.5,7.7,6.4,1.61,11.3,7,8.1,7.2,5.7,0,0,0,0,0,0,0.108,0,100,0,9.1,0,5,8,6,0,0,0,"2021_11_20_20"
9.728,10.392,1660,351,2397,347,2021,11,46,324,20,6,20,1018.4,7.8,7.9,7.8,97,7.4,7.6,6.4,1.61,12.9,6.9,8,7.1,5.5,0,0,0,0,0,0,0.109,0,100,0,9,0,6,8,7,0,0,0,"2021_11_20_20"
9.969,10.072,1072,14,1740,0,2021,11,46,324,20,6,20,1018.2,7.8,7.9,7.8,97,7.4,7.6,4.8,1.21,9.7,7.4,8,7.6,6,0,0,0,0,0,0,0.109,0,100,0,9.1,0,7,6,5,0,0,0,"2021_11_20_20"
10.035,10.221,1072,346,1816,343,2021,11,46,324,20,6,20,1018.2,7.7,7.8,7.7,97,7.3,7.5,4.8,1.21,8,7.2,7.9,7.4,5.9,0,0,0,0,0,0,0.111,0,100,0,9,0,0,7,6,0,0,0,"2021_11_20_20"
9.551,9.551,747,160,0,0,2021,11,46,324,20,6,21,1018.1,7.7,7.8,7.6,98,7.4,7.5,3.2,0.8,6.4,7.7,7.9,7.9,6.3,0,0,0,0,0,0,0.111,0,100,0,9.1,0,1,7,6,0,0,0,"2021_11_20_21"
10.021,9.907,747,200,520,270,2021,11,46,324,20,6,21,1018.3,7.6,7.7,7.6,97,7.1,7.3,3.2,0.8,6.4,7.6,7.7,7.7,6.2,0,0,0,0,0,0,0.112,0,100,0,8.9,0,2,7,5,0,0,0,"2021_11_20_21"
9.692,10.17,1326,169,600,180,2021,11,46,324,20,6,21,1018.3,7.6,7.6,7.5,98,7.3,7.4,3.2,0.8,6.4,7.6,7.7,7.7,6.2,0,0,0,0,0,0,0.112,0,100,0,9,0,3,6,4,0,0,0,"2021_11_20_21"
9.711,9.931,1326,191,794,221,2021,11,46,324,20,6,21,1018.1,7.4,7.6,7.4,97,7,7.2,3.2,0.8,6.4,7.4,7.6,7.6,6.1,0,0,0,0,0,0,0.113,0,100,0,8.9,0,4,5,4,0,0,0,"2021_11_20_21"
9.794,10.537,1660,9,2340,0,2021,11,46,324,20,6,22,1018,7.4,7.5,7.4,98,7.1,7.3,1.6,0.4,9.7,7.4,7.6,7.6,6.1,0,0,0,0,0,0,0.113,0,100,0,8.9,0,5,5,6,0,0,0,"2021_11_20_22"
9.453,10.316,1660,351,2397,347,2021,11,46,324,20,6,22,1018,7.6,7.6,7.4,98,7.3,7.4,1.6,0.4,4.8,7.6,7.7,7.7,6.2,0,0,0,0,0,0,0.112,0,100,0,8.9,0,6,6,5,0,0,0,"2021_11_20_22"
9.715,9.977,1072,14,1740,0,2021,11,46,324,20,6,22,1018,7.6,7.6,7.6,98,7.3,7.5,3.2,0.8,4.8,7.6,7.8,7.8,6.3,0,0,0,0,0,0,0.112,0,100,0,8.9,0,7,6,5,0,0,0,"2021_11_20_22"
9.7,9.954,1072,346,1816,343,2021,11,46,324,20,6,22,1017.9,7.6,7.7,7.6,98,7.3,7.4,4.8,1.21,8,7.1,7.7,7.2,5.7,0,0,0,0,0,0,0.112,0,100,0,8.8,0,0,7,7,0,0,0,"2021_11_20_22"
9.626,9.626,747,160,0,0,2021,11,46,324,20,6,23,1017.7,7.5,7.6,7.4,98,7.2,7.3,3.2,0.8,9.7,7.5,7.7,7.7,6.1,0,0,0,0,0,0,0.113,0,100,0,8.9,0,1,7,5,0,0,0,"2021_11_20_23"
9.43,9.455,747,200,520,270,2021,11,46,324,20,6,23,1017.7,7.6,7.6,7.4,98,7.3,7.4,4.8,1.21,9.7,7.1,7.7,7.2,5.7,0,0,0,0,0,0,0.112,0,100,0,8.8,0,2,6,5,0,0,0,"2021_11_20_23"
9.66,10.07,1326,169,600,180,2021,11,46,324,20,6,23,1017.5,7.6,7.6,7.5,98,7.3,7.5,4.8,1.21,8,7.1,7.8,7.3,5.8,0,0,0,0,0,0,0.112,0,100,0,8.8,0,3,6,4,0,0,0,"2021_11_20_23"
9.532,9.788,1326,191,794,221,2021,11,46,324,20,6,23,1017.2,7.6,7.6,7.6,98,7.3,7.5,4.8,1.21,9.7,7.1,7.8,7.3,5.8,0,0,0,0,0,0,0.112,0,100,0,8.9,0,4,6,5,0,0,0,"2021_11_20_23"
9.515,10.148,1660,9,2340,0,2021,11,46,325,21,7,0,1017.2,7.5,7.6,7.5,98,7.2,7.3,6.4,1.61,8,6.5,7.7,6.7,5.1,0,0,0,0,0,0,0.113,0,100,0,8.7,0,5,8,6,0,0,0,"2021_11_21_0"
9.621,9.957,1660,351,2397,347,2021,11,46,325,21,7,0,1017.1,7.4,7.5,7.4,98,7.1,7.2,4.8,1.21,8,6.9,7.6,7.1,5.5,0,0,0,0,0,0,0.114,0,100,0,8.7,0,6,8,7,0,0,0,"2021_11_21_0"
9.435,9.498,1072,14,1740,0,2021,11,46,325,21,7,0,1016.9,7.3,7.4,7.3,98,7,7.2,4.8,1.21,8,6.8,7.5,7,5.4,0,0,0,0,0,0,0.115,0,100,0,8.6,0,7,8,7,0,0,0,"2021_11_21_0"
9.443,9.705,1072,346,1816,343,2021,11,46,325,21,7,0,1016.9,7.3,7.3,7.2,98,7,7.1,3.2,0.8,8,7.3,7.5,7.5,5.9,0,0,0,0,0,0,0.115,0,100,0,8.6,0,0,7,6,0,0,0,"2021_11_21_0"
9.332,9.332,747,160,0,0,2021,11,46,325,21,7,1,1016.6,7.3,7.3,7.3,98,7,7.2,3.2,0.8,9.7,7.3,7.5,7.5,6,0,0,0,0,0,0,0.115,0,100,0,8.6,0,1,7,5,0,0,0,"2021_11_21_1"
9.438,9.39,747,200,520,270,2021,11,46,325,21,7,1,1016.5,7.3,7.3,7.2,98,7,7.1,3.2,0.8,6.4,7.3,7.5,7.5,5.9,0,0,0,0,0,0,0.115,0,100,0,8.6,0,2,7,7,0,0,0,"2021_11_21_1"
9.56,9.775,1326,169,600,180,2021,11,46,325,21,7,1,1016.3,7.3,7.4,7.3,98,7,7.2,3.2,0.8,6.4,7.3,7.5,7.5,6,0,0,0,0,0,0,0.115,0,100,0,8.5,0,3,8,7,0,0,0,"2021_11_21_1"
9.494,9.608,1326,191,794,221,2021,11,46,325,21,7,1,1016.1,7.4,7.4,7.3,98,7.1,7.2,3.2,0.8,11.3,7.4,7.6,7.6,6,0,0,0,0,0,0,0.114,0,100,0,8.6,0,4,7,6,0,0,0,"2021_11_21_1"
9.472,9.609,1660,9,2340,0,2021,11,46,325,21,7,2,1016,7.4,7.4,7.4,98,7.1,7.3,4.8,1.21,9.7,6.9,7.6,7.1,5.6,0,0,0,0,0,0,0.113,0,100,0,8.6,0,5,8,7,0,0,0,"2021_11_21_2"
9.339,9.927,1660,351,2397,347,2021,11,46,325,21,7,2,1015.9,7.4,7.4,7.4,98,7.1,7.2,4.8,1.21,9.7,6.9,7.6,7.1,5.5,0,0,0,0,0,0,0.114,0,100,0,8.6,0,6,7,7,0,0,0,"2021_11_21_2"
9.288,9.692,1072,14,1740,0,2021,11,46,325,21,7,2,1015.6,7.5,7.5,7.4,98,7.2,7.3,3.2,0.8,8,7.5,7.7,7.7,6.1,0,0,0,0,0,0,0.113,0,100,0,8.5,0,7,7,7,0,0,0,"2021_11_21_2"
9.328,9.671,1072,346,1816,343,2021,11,46,325,21,7,2,1015.4,7.6,7.6,7.4,98,7.3,7.4,4.8,1.21,11.3,7.1,7.7,7.2,5.7,0,0,0,0,0,0,0.112,0,100,0,8.4,0,0,8,6,0,0,0,"2021_11_21_2"
9.651,9.651,747,160,0,0,2021,11,46,325,21,7,3,1015.2,7.6,7.6,7.5,98,7.3,7.5,3.2,0.8,9.7,7.6,7.8,7.8,6.3,0,0,0,0,0,0,0.112,0,100,0,8.5,0,1,7,5,0,0,0,"2021_11_21_3"
9.426,9.409,747,200,520,270,2021,11,46,325,21,7,3,1015,7.6,7.6,7.6,98,7.3,7.5,3.2,0.8,6.4,7.6,7.8,7.8,6.3,0,0,0,0,0,0,0.112,0,100,0,8.7,0,2,6,5,0,0,0,"2021_11_21_3"
9.426,9.797,1326,169,600,180,2021,11,46,325,21,7,3,1015,7.6,7.6,7.6,98,7.3,7.4,3.2,0.8,6.4,7.6,7.7,7.7,6.2,0,0,0,0,0,0,0.112,0,100,0,8.6,0,3,8,7,0,0,0,"2021_11_21_3"
9.25,9.393,1326,191,794,221,2021,11,46,325,21,7,3,1014.8,7.5,7.6,7.5,98,7.2,7.3,4.8,1.21,11.3,7,7.7,7.2,5.6,0,0,0,0,0,0,0.113,0,100,0,8.6,0,4,8,7,0,0,0,"2021_11_21_3"
9.259,9.957,1660,9,2340,0,2021,11,46,325,21,7,4,1014.6,7.4,7.5,7.3,98,7.1,7.2,4.8,1.21,8,6.9,7.6,7.1,5.5,0,0,0,0,0,0,0.114,0,100,0,8.5,0,5,8,7,0,0,0,"2021_11_21_4"
9.199,9.808,1660,351,2397,347,2021,11,46,325,21,7,4,1014.4,7.2,7.4,7.2,98,6.9,7.1,4.8,1.21,9.7,6.7,7.4,6.9,5.3,0,0,0,0,0,0,0.116,0,100,0,8.5,0,6,5,5,0,0,0,"2021_11_21_4"
9.183,9.749,1072,14,1740,0,2021,11,46,325,21,7,4,1014.4,7.2,7.3,7.2,99,7.1,7.1,3.2,0.8,8,7.2,7.4,7.4,5.9,0,0,0,0,0,0,0.116,0,100,0,8.5,0,7,5,4,0,0,0,"2021_11_21_4"
9.236,9.598,1072,346,1816,343,2021,11,46,325,21,7,4,1014.2,7.2,7.3,7.2,98,6.9,7,4.8,1.21,11.3,6.6,7.3,6.8,5.2,0,0,0,0,0,0,0.116,0,100,0,8.5,0,0,5,5,0,0,0,"2021_11_21_4"
9.386,9.386,747,160,0,0,2021,11,46,325,21,7,5,1014,7.2,7.2,7.1,99,7,7.1,4.8,1.21,11.3,6.6,7.4,6.8,5.3,0,0,0,0,0,0,0.116,0,100,0,8.5,0,1,6,5,0,0,0,"2021_11_21_5"
9.251,9.162,747,200,520,270,2021,11,46,325,21,7,5,1014,7.2,7.3,7.2,99,7,7.1,3.2,0.8,9.7,7.2,7.4,7.4,5.8,0,0,0,0,0,0,0.116,0,100,0,8.5,0,2,5,5,0,0,0,"2021_11_21_5"
9.058,9.617,1326,169,600,180,2021,11,46,325,21,7,5,1013.9,7.2,7.3,7.2,99,7,7.1,4.8,1.21,11.3,6.6,7.4,6.8,5.3,0,0,0,0,0,0,0.116,0,100,0,8.5,0,3,6,5,0,0,0,"2021_11_21_5"
9.262,9.395,1326,191,794,221,2021,11,46,325,21,7,5,1013.6,7.2,7.2,7.1,99,7,7.1,3.2,0.8,8,7.2,7.4,7.4,5.8,0,0,0,0,0,0,0.116,0,100,0,8.3,0,4,7,6,0,0,0,"2021_11_21_5"
9.228,9.157,1660,9,2340,0,2021,11,46,325,21,7,6,1013.6,7.1,7.2,7.1,98,6.8,6.9,4.8,1.21,8,6.5,7.2,6.7,5.1,0,0,0,0,0,0,0.117,0,100,0,8.3,0,5,8,6,0,0,0,"2021_11_21_6"
9.188,9.332,1660,351,2397,347,2021,11,46,325,21,7,6,1013.5,7.1,7.1,7.1,98,6.8,6.9,3.2,0.8,6.4,7.1,7.2,7.2,5.7,0,0,0,0,0,0,0.117,0,100,0,8.2,0,6,7,7,0,0,0,"2021_11_21_6"
9.233,9.386,1072,14,1740,0,2021,11,46,325,21,7,6,1013.4,7.1,7.2,7,99,7,7,3.2,0.8,6.4,7.1,7.3,7.3,5.7,0,0,0,0,0,0,0.117,0,100,0,8.4,0,7,6,5,0,0,0,"2021_11_21_6"
9.135,9.279,1072,346,1816,343,2021,11,46,325,21,7,6,1013.3,7.2,7.2,7.1,98,6.9,7,3.2,0.8,6.4,7.2,7.3,7.3,5.8,0,0,0,0,0,0,0.116,0,100,0,8.4,0,0,6,6,0,0,0,"2021_11_21_6"
9.253,9.253,747,160,0,0,2021,11,46,325,21,7,7,1013.3,7.2,7.3,7.2,99,7.1,7.1,3.2,0.8,4.8,7.2,7.4,7.4,5.9,0,0,0,0,0,0,0.116,0,100,0,8.3,0,1,6,5,0,0,0,"2021_11_21_7"
9.333,9.27,747,200,520,270,2021,11,46,325,21,7,7,1013.3,7.3,7.3,7.2,98,7,7.2,3.2,0.8,6.4,7.3,7.5,7.5,6,0,0,0,0,0,0,0.115,0,100,0,8.3,0,2,6,6,0,0,0,"2021_11_21_7"
9.284,9.609,1326,169,600,180,2021,11,46,325,21,7,7,1013.1,7.3,7.4,7.3,98,7,7.1,4.8,1.21,12.9,6.7,7.5,6.9,5.4,0,0,0,0,0,0,0.115,0,100,0,8.4,0,3,6,5,0,0,0,"2021_11_21_7"
9.157,9.429,1326,191,794,221,2021,11,46,325,21,7,7,1013,7.2,7.3,7.2,98,6.9,7,8,2.01,16.1,5.7,7.3,5.9,4.3,0,0,0,0,0,0,0.116,0,100,0,8.4,0,4,6,5,0,0,0,"2021_11_21_7"
9.211,9.457,1660,9,2340,0,2021,11,46,325,21,7,8,1013,6.9,7.2,6.9,98,6.6,6.7,8,2.01,12.9,5.4,7.1,5.5,4,0,0,2,0.04,7,0,0.119,0,100,0,8.1,0,5,6,5,0,0,0,"2021_11_21_8"
9.203,9.591,1660,351,2397,347,2021,11,46,325,21,7,8,1012.9,6.8,6.9,6.8,98,6.5,6.7,8,2.01,12.9,5.3,7,5.5,4,0,0,8,0.17,11,0,0.12,0,100,0,8.2,0,6,6,4,0,0,0,"2021_11_21_8"
9.143,9.611,1072,14,1740,0,2021,11,46,325,21,7,8,1013,6.8,6.9,6.8,98,6.5,6.7,6.4,1.61,11.3,5.7,7,5.9,4.5,0,0,13,0.28,16,0,0.12,0,100,0,8.5,0,7,6,6,0,0,0,"2021_11_21_8"
9.404,9.794,1072,346,1816,343,2021,11,46,325,21,7,8,1013.1,6.7,6.8,6.7,98,6.4,6.6,6.4,1.61,11.3,5.6,6.9,5.8,5,0,0,17,0.37,21,0,0.121,0,100,0,8.3,0,0,6,6,0,0,0,"2021_11_21_8"
9.654,9.654,747,160,0,0,2021,11,46,325,21,7,9,1013.1,6.7,6.7,6.7,98,6.4,6.6,6.4,1.61,11.3,5.6,6.9,5.8,5.2,0,0,26,0.56,30,0,0.121,0,100,1,8.9,0,1,5,5,0,0,0,"2021_11_21_9"
9.614,9.654,747,200,520,270,2021,11,46,325,21,7,9,1012.9,6.8,6.8,6.7,98,6.5,6.6,4.8,1.21,8,6.2,7,6.4,5.8,0,0,29,0.62,33,0,0.12,0,100,1,9.1,0,2,5,4,0,0,0,"2021_11_21_9"
10.696,11.113,1326,169,600,180,2021,11,46,325,21,7,9,1013,6.7,6.8,6.7,98,6.4,6.6,1.6,0.4,6.4,6.7,6.9,6.9,6.5,0,0,37,0.8,40,0,0.121,0,100,2,9.3,0,3,5,6,0,0,0,"2021_11_21_9"
10.757,10.915,1326,191,794,221,2021,11,46,325,21,7,9,1013,6.8,6.9,6.7,98,6.5,6.7,3.2,0.8,6.4,6.8,7,7,6.8,0,0,45,0.97,54,0,0.12,0,100,2,9.8,0,4,5,2,0,0,0,"2021_11_21_9"
11.721,11.64,1660,9,2340,0,2021,11,46,325,21,7,10,1012.9,6.9,6.9,6.8,98,6.6,6.7,1.6,0.4,6.4,6.9,7.1,7.1,7,0,0,53,1.14,56,0.03,0.119,0,100,3,10.3,0,5,2,2,0,0,0,"2021_11_21_10"
12.429,11.444,1660,351,2397,347,2021,11,46,325,21,7,10,1012.9,6.9,6.9,6.8,98,6.6,6.7,1.6,0.4,4.8,6.9,7.1,7.1,7,0,0,55,1.18,62,0,0.119,0,99.5,3,10.7,0,6,1,4,0,0,0,"2021_11_21_10"
12.74,11.347,1072,14,1740,0,2021,11,46,325,21,7,10,1013,7.1,7.1,6.9,98,6.8,6.9,1.6,0.4,4.8,7.1,7.2,7.2,7.3,0,0,61,1.31,63,0,0.117,0,98.4,3,11.1,0,7,3,13,0,0,0,"2021_11_21_10"
12.684,11.627,1072,346,1816,343,2021,11,46,325,21,7,10,1013,7.1,7.1,7,98,6.8,6.9,1.6,0.4,3.2,7.1,7.2,7.2,7.3,0,0,63,1.36,69,0,0.117,0,100,3,11.6,0,0,1,13,0,0,0,"2021_11_21_10"
11.801,11.801,747,160,0,0,2021,11,46,325,21,7,11,1013,7.1,7.2,7.1,98,6.8,7,1.6,0.4,3.2,7.1,7.3,7.3,7.4,0,0,68,1.46,74,0.03,0.117,0,97.2,3,11.7,0,1,1,3,0,0,0,"2021_11_21_11"
11.687,11.904,747,200,520,270,2021,11,46,325,21,7,11,1012.7,7.2,7.2,7.1,97,6.8,7,3.2,0.8,4.8,7.2,7.4,7.4,7.3,0,0,61,1.31,69,0,0.116,0,95.6,3,11.2,0,2,4,0,0,0,0,"2021_11_21_11"
12.236,12.591,1326,169,600,180,2021,11,46,325,21,7,11,1012.6,7.3,7.3,7.2,98,7,7.1,3.2,0.8,6.4,7.3,7.5,7.5,7.4,0,0,63,1.36,65,0,0.115,0,93.5,3,11.1,0,3,4,0,0,0,0,"2021_11_21_11"
11.651,12.509,1326,191,794,221,2021,11,46,325,21,7,11,1012.4,7.3,7.3,7.2,97,6.8,7,3.2,0.8,8,7.3,7.4,7.4,7.4,0,0,62,1.33,63,0,0.115,0,98.4,3,11.8,0,4,3,13,0,0,0,"2021_11_21_11"
11.481,12.56,1660,9,2340,0,2021,11,46,325,21,7,12,1012.2,7.3,7.3,7.2,97,6.8,7,3.2,0.8,6.4,7.3,7.4,7.4,7.4,0,0,62,1.33,63,0.03,0.115,0,91.5,3,11.1,0,5,3,13,0,0,0,"2021_11_21_12"
11.484,12.711,1660,351,2397,347,2021,11,46,325,21,7,12,1012,7.3,7.3,7.2,97,6.8,7,3.2,0.8,6.4,7.3,7.4,7.4,7.4,0,0,62,1.33,63,0,0.115,0,93.7,3,11.2,0,6,4,1,0,0,0,"2021_11_21_12"
11.26,12.006,1072,14,1740,0,2021,11,46,325,21,7,12,1011.8,7.4,7.4,7.3,97,6.9,7.2,3.2,0.8,6.4,7.4,7.6,7.6,7.5,0,0,62,1.33,67,0,0.114,0,92.3,4,10.9,0,7,3,1,0,0,0,"2021_11_21_12"
11.707,12.423,1072,346,1816,343,2021,11,46,325,21,7,12,1011.6,7.4,7.4,7.3,96,6.8,7.1,3.2,0.8,6.4,7.4,7.5,7.5,7.6,0,0,68,1.46,70,0,0.114,0,92.9,4,10.9,0,0,4,0,0,0,0,"2021_11_21_12"
11.836,11.836,747,160,0,0,2021,11,46,325,21,7,13,1011.3,7.4,7.4,7.4,96,6.8,7.1,3.2,0.8,11.3,7.4,7.5,7.5,7.5,0,0,62,1.33,70,0.03,0.114,0,93.5,3,11.1,0,1,4,0,0,0,0,"2021_11_21_13"
10.944,11.428,747,200,520,270,2021,11,46,325,21,7,13,1011.1,7.4,7.4,7.4,96,6.8,7.1,3.2,0.8,11.3,7.4,7.5,7.5,7.3,0,0,55,1.18,65,0,0.114,0,92,3,11.1,0,2,4,0,0,0,0,"2021_11_21_13"
10.96,11.71,1326,169,600,180,2021,11,46,325,21,7,13,1011,7.4,7.5,7.4,95,6.6,7,4.8,1.21,11.3,6.9,7.5,7,6.8,0,0,55,1.18,62,0,0.114,0,92.9,3,10.5,0,3,4,0,0,0,0,"2021_11_21_13"
11.508,12.05,1326,191,794,221,2021,11,46,325,21,7,13,1011,7.6,7.6,7.4,96,7,7.2,3.2,0.8,9.7,7.6,7.7,7.7,7.6,0,0,56,1.2,63,0,0.112,0,92,3,10.9,0,4,4,1,0,0,0,"2021_11_21_13"
12.352,12.656,1660,9,2340,0,2021,11,46,325,21,7,14,1010.9,7.6,7.6,7.4,96,7,7.2,3.2,0.8,8,7.6,7.7,7.7,7.7,0,0,61,1.31,67,0.03,0.112,0,97,3,11.6,0,5,0,1,0,0,0,"2021_11_21_14"
10.782,12.382,1660,351,2397,347,2021,11,46,325,21,7,14,1010.7,7.7,7.7,7.6,95,6.9,7.3,3.2,0.8,11.3,7.7,7.8,7.8,7.6,0,0,49,1.05,65,0,0.111,0,90.7,3,11,0,6,4,0,0,0,0,"2021_11_21_14"
10.412,11.323,1072,14,1740,0,2021,11,46,325,21,7,14,1010.7,7.7,7.7,7.6,95,7,7.3,4.8,1.21,11.3,7.2,7.9,7.4,6.9,0,0,35,0.75,40,0,0.111,0,94.7,1,10.3,0,7,4,0,0,0,0,"2021_11_21_14"
10.023,10.614,1072,346,1816,343,2021,11,46,325,21,7,14,1010.5,7.6,7.7,7.6,95,6.9,7.2,4.8,1.21,9.7,7.1,7.8,7.3,6.5,0,0,21,0.45,30,0,0.112,0,95.7,1,9.8,0,0,13,10,0,0,0,"2021_11_21_14"
10.383,10.383,747,160,0,0,2021,11,46,325,21,7,15,1010.4,7.6,7.7,7.5,95,6.8,7.2,6.4,1.61,11.3,6.5,7.7,6.7,5.8,0,0,16,0.34,23,0.03,0.112,0,97.6,1,9.5,0,1,13,10,0,0,0,"2021_11_21_15"
10.289,10.559,747,200,520,270,2021,11,46,325,21,7,15,1010.3,7.5,7.6,7.5,95,6.8,7.1,6.4,1.61,12.9,6.5,7.6,6.6,5.7,0,0,16,0.34,19,0,0.113,0,97.7,1,9.4,0,2,13,11,0,0,0,"2021_11_21_15"
9.783,10.182,1326,169,600,180,2021,11,46,325,21,7,15,1010.4,7.5,7.6,7.5,95,6.8,7.1,6.4,1.61,12.9,6.5,7.6,6.6,5.8,0,0,17,0.37,21,0,0.113,0,96.7,0,9.3,0,3,13,10,0,0,0,"2021_11_21_15"
9.68,10.029,1326,191,794,221,2021,11,46,325,21,7,15,1010.3,7.4,7.5,7.4,95,6.7,7,6.4,1.61,11.3,6.4,7.6,6.6,5.4,0,0,7,0.15,11,0,0.113,0,99,0,9,0,4,13,10,0,0,0,"2021_11_21_15"
9.177,10.055,1660,9,2340,0,2021,11,46,325,21,7,16,1010.3,7.3,7.4,7.3,95,6.6,6.9,8,2.01,16.1,5.9,7.5,6,4.8,0,0,5,0.11,5,0,0.115,0,98.6,0,8.7,0,5,12,11,0,0,0,"2021_11_21_16"
9.475,9.628,1660,351,2397,347,2021,11,46,325,21,7,16,1010.4,7.3,7.4,7.3,95,6.5,6.9,9.7,2.41,16.1,5.5,7.4,5.6,4.4,0,0,4,0.09,5,0,0.115,0,99.2,0,8.5,0,6,13,10,0,0,0,"2021_11_21_16"
9.395,8.83,1072,14,1740,0,2021,11,46,325,21,7,16,1010.3,7.2,7.3,7.2,95,6.5,6.8,8,2.01,17.7,5.7,7.3,5.9,4.4,0,0,2,0.04,5,0,0.116,0,99.9,0,8.4,0,7,13,10,0,0,0,"2021_11_21_16"
8.926,9.05,1072,346,1816,343,2021,11,46,325,21,7,16,1010.6,7.2,7.3,7.2,95,6.5,6.8,6.4,1.61,12.9,6.2,7.3,6.3,4.8,0,0,0,0,0,0,0.116,0,100,0,8.3,0,0,13,12,0,0,0,"2021_11_21_16"
8.854,8.854,747,160,0,0,2021,11,46,325,21,7,17,1010.3,7.1,7.2,7.1,96,6.5,6.7,9.7,2.41,17.7,5.2,7.2,5.3,3.8,0,0,0,0,0,0,0.117,0,100,0,8,0,1,13,0,0,0,0,"2021_11_21_17"
8.438,8.489,747,200,520,270,2021,11,46,325,21,7,17,1010.4,6.9,7.1,6.9,96,6.4,6.6,8,2.01,16.1,5.4,7.1,5.6,4.1,0,0,0,0,0,0,0.119,0,100,0,7.9,0,2,13,9,0,0,0,"2021_11_21_17"
8.461,8.778,1326,169,600,180,2021,11,46,325,21,7,17,1010.4,6.9,6.9,6.8,96,6.3,6.6,9.7,2.41,17.7,5,7,5.1,3.6,0,0,0,0,0,0,0.119,0,100,0,7.7,0,3,13,11,0,0,0,"2021_11_21_17"
8.604,8.821,1326,191,794,221,2021,11,46,325,21,7,17,1010.5,6.9,6.9,6.8,96,6.3,6.6,9.7,2.41,17.7,5,7,5.1,3.6,0,0,0,0,0,0,0.119,0,100,0,7.7,0,4,13,11,0,0,0,"2021_11_21_17"
8.497,9.012,1660,9,2340,0,2021,11,46,325,21,7,18,1010.4,6.9,6.9,6.9,96,6.3,6.6,9.7,2.41,17.7,5,7,5.1,3.6,0,0,0,0,0,0,0.119,0,100,0,7.7,0,5,13,10,0,0,0,"2021_11_21_18"
8.227,9.142,1660,351,2397,347,2021,11,46,325,21,7,18,1010.5,6.9,6.9,6.8,96,6.3,6.6,11.3,2.82,20.9,4.7,7,4.8,3.4,0,0,0,0,0,0,0.119,0,100,0,7.5,0,6,13,11,0,0,0,"2021_11_21_18"
8.274,9.067,1072,14,1740,0,2021,11,46,325,21,7,18,1010.6,6.8,6.9,6.8,95,6.1,6.4,9.7,2.41,17.7,4.9,6.9,5,3.5,0,0,0,0,0,0,0.12,0,100,0,7.4,0,7,13,10,0,0,0,"2021_11_21_18"
8.159,8.806,1072,346,1816,343,2021,11,46,325,21,7,18,1010.6,6.8,6.8,6.8,95,6.1,6.4,8,2.01,14.5,5.3,6.9,5.4,3.9,0,0,0,0,0,0,0.12,0,100,0,7.4,0,0,12,11,0,0,0,"2021_11_21_18"
8.104,8.104,747,160,0,0,2021,11,46,325,21,7,19,1010.5,6.8,6.9,6.8,94,5.9,6.4,6.4,1.61,12.9,5.7,6.9,5.8,4.3,0,0,0,0,0,0,0.12,0,100,0,7.3,0,1,12,10,0,0,0,"2021_11_21_19"
7.96,8.048,747,200,520,270,2021,11,46,325,21,7,19,1010.4,6.9,6.9,6.8,94,6,6.4,8,2.01,16.1,5.4,7,5.5,3.9,0,0,0,0,0,0,0.119,0,100,0,7.2,0,2,12,11,0,0,0,"2021_11_21_19"
7.661,7.968,1326,169,600,180,2021,11,46,325,21,7,19,1010.2,6.8,6.9,6.8,94,5.9,6.3,8,2.01,14.5,5.2,6.9,5.3,3.8,0,0,0,0,0,0,0.12,0,100,0,6.9,0,3,12,0,0,0,0,"2021_11_21_19"
7.406,7.68,1326,191,794,221,2021,11,46,325,21,7,19,1010,6.7,6.8,6.7,94,5.8,6.3,11.3,2.82,19.3,4.5,6.8,4.6,3.1,0,0,0,0,0,0,0.121,0,100,0,6.7,0,4,12,11,0,0,0,"2021_11_21_19"
7.211,7.77,1660,9,2340,0,2021,11,46,325,21,7,20,1010.2,6.7,6.7,6.6,94,5.8,6.2,9.7,2.41,16.1,4.7,6.8,4.8,3.3,0,0,0,0,0,0,0.122,0,100,0,6.4,0,5,4,11,0,0,0,"2021_11_21_20"
7.621,8.241,1660,351,2397,347,2021,11,46,325,21,7,20,1010.1,6.6,6.7,6.6,94,5.7,6.1,9.7,2.41,17.7,4.7,6.7,4.8,3.2,0,0,0,0,0,0,0.122,0,100,0,6.4,0,6,4,0,0,0,0,"2021_11_21_20"
7.795,8.507,1072,14,1740,0,2021,11,46,325,21,7,20,1010.1,6.8,6.8,6.6,94,5.9,6.4,9.7,2.41,17.7,4.9,6.9,5,3.5,0,0,0,0,0,0,0.12,0,100,0,6.8,0,7,4,11,0,0,0,"2021_11_21_20"
8.034,8.756,1072,346,1816,343,2021,11,46,325,21,7,20,1010.2,7,7,6.8,94,6.1,6.5,11.3,2.82,17.7,4.8,7.1,4.9,3.4,0,0,0,0,0,0,0.118,0,100,0,7,0,0,4,0,0,0,0,"2021_11_21_20"
8.07,8.07,747,160,0,0,2021,11,46,325,21,7,21,1010.1,7.1,7.1,6.9,94,6.2,6.6,9.7,2.41,16.1,5.2,7.2,5.3,3.8,0,0,0,0,0,0,0.117,0,100,0,7.1,0,1,4,0,0,0,0,"2021_11_21_21"
8.059,8.196,747,200,520,270,2021,11,46,325,21,7,21,1010.3,7.2,7.2,7.1,94,6.3,6.7,9.7,2.41,17.7,5.3,7.3,5.4,3.9,0,0,0,0,0,0,0.116,0,100,0,7.2,0,2,4,0,0,0,0,"2021_11_21_21"
8.241,8.616,1326,169,600,180,2021,11,46,325,21,7,21,1010.1,7.2,7.3,7.1,93,6.2,6.7,11.3,2.82,16.1,5.1,7.3,5.2,3.7,0,0,0,0,0,0,0.116,0,100,0,7.2,0,3,4,0,0,0,0,"2021_11_21_21"
8.003,8.193,1326,191,794,221,2021,11,46,325,21,7,21,1010.1,7.3,7.3,7.2,93,6.2,6.7,9.7,2.41,16.1,5.5,7.4,5.6,4.1,0,0,0,0,0,0,0.115,0,100,0,7.1,0,4,4,11,0,0,0,"2021_11_21_21"
7.896,8.501,1660,9,2340,0,2021,11,46,325,21,7,22,1010.3,7.3,7.3,7.2,93,6.2,6.7,9.7,2.41,14.5,5.5,7.4,5.6,4.1,0,0,0,0,0,0,0.115,0,100,0,7,0,5,4,0,0,0,0,"2021_11_21_22"
7.876,8.456,1660,351,2397,347,2021,11,46,325,21,7,22,1010.1,7.3,7.3,7.2,93,6.2,6.7,11.3,2.82,16.1,5.2,7.4,5.3,3.8,0,0,0,0,0,0,0.115,0,100,0,6.9,0,6,4,0,0,0,0,"2021_11_21_22"
7.809,8.441,1072,14,1740,0,2021,11,46,325,21,7,22,1010.1,7.2,7.3,7.2,93,6.1,6.6,8,2.01,16.1,5.7,7.3,5.8,4.3,0,0,0,0,0,0,0.116,0,100,0,6.8,0,7,4,0,0,0,0,"2021_11_21_22"
7.371,7.959,1072,346,1816,343,2021,11,46,325,21,7,22,1010,6.9,7.2,6.9,94,6,6.5,6.4,1.61,11.3,5.8,7,5.9,4.4,0,0,0,0,0,0,0.119,0,100,0,6.6,0,0,4,11,0,0,0,"2021_11_21_22"
7.912,7.912,747,160,0,0,2021,11,46,325,21,7,23,1010.2,6.9,6.9,6.8,94,6,6.4,6.4,1.61,12.9,5.8,7,5.9,4.4,0,0,0,0,0,0,0.119,0,100,0,6.7,0,1,4,0,0,0,0,"2021_11_21_23"
8.049,8.103,747,200,520,270,2021,11,46,325,21,7,23,1010,7,7.1,6.9,95,6.3,6.6,6.4,1.61,11.3,5.9,7.1,6,4.5,0,0,0,0,0,0,0.118,0,100,0,7,0,2,4,11,0,0,0,"2021_11_21_23"
8.297,8.543,1326,169,600,180,2021,11,46,325,21,7,23,1010.1,7.2,7.2,7,94,6.3,6.7,6.4,1.61,12.9,6.1,7.3,6.2,4.7,0,0,0,0,0,0,0.116,0,100,0,7.2,0,3,4,0,0,0,0,"2021_11_21_23"
8.394,8.61,1326,191,794,221,2021,11,46,325,21,7,23,1010.1,7.2,7.2,7.1,94,6.3,6.7,6.4,1.61,12.9,6.2,7.3,6.3,4.8,0,0,0,0,0,0,0.116,0,100,0,7.4,0,4,4,0,0,0,0,"2021_11_21_23"
8.795,9.315,1660,9,2340,0,2021,11,47,326,22,1,0,1010.2,7.3,7.3,7.2,94,6.4,6.9,4.8,1.21,11.3,6.8,7.4,6.9,5.4,0,0,0,0,0,0,0.115,0,100,0,7.6,0,5,4,0,0,0,0,"2021_11_22_0"
8.622,9.114,1660,351,2397,347,2021,11,47,326,22,1,0,1010.2,7.3,7.4,7.3,94,6.4,6.9,4.8,1.21,8,6.8,7.4,6.9,5.4,0,0,0,0,0,0,0.115,0,100,0,7.8,0,6,4,0,0,0,0,"2021_11_22_0"
8.854,9.149,1072,14,1740,0,2021,11,47,326,22,1,0,1010,7.5,7.5,7.3,93,6.4,6.9,4.8,1.21,12.9,7,7.6,7.1,5.6,0,0,0,0,0,0,0.113,0,100,0,7.8,0,7,12,11,0,0,0,"2021_11_22_0"
8.934,9.109,1072,346,1816,343,2021,11,47,326,22,1,0,1009.9,7.6,7.6,7.4,92,6.4,7,6.4,1.61,11.3,6.6,7.7,6.7,5.2,0,0,0,0,0,0,0.112,0,100,0,8,0,0,4,0,0,0,0,"2021_11_22_0"
9.163,9.163,747,160,0,0,2021,11,47,326,22,1,1,1009.6,7.8,7.8,7.6,91,6.5,7.1,6.4,1.61,14.5,6.9,7.9,7,5.5,0,0,0,0,0,0,0.109,0,100,0,8,0,1,12,12,0,0,0,"2021_11_22_1"
9.044,8.954,747,200,520,270,2021,11,47,326,22,1,1,1009.5,7.9,8,7.8,90,6.4,7.1,6.4,1.61,12.9,7,8,7.1,5.6,0,0,0,0,0,0,0.108,0,100,0,8,0,2,13,11,0,0,0,"2021_11_22_1"
9.339,9.52,1326,169,600,180,2021,11,47,326,22,1,1,1009.6,8.1,8.1,7.9,90,6.5,7.2,4.8,1.21,14.5,7.6,8.1,7.7,6.2,0,0,0,0,0,0,0.107,0,100,0,8.1,0,3,13,11,0,0,0,"2021_11_22_1"
9.159,9.233,1326,191,794,221,2021,11,47,326,22,1,1,1009.4,8.1,8.1,8.1,91,6.7,7.3,4.8,1.21,8,7.6,8.2,7.7,6.2,0,0,0,0,0,0,0.107,0,100,0,8,0,4,10,10,0,0,0,"2021_11_22_1"
9.171,9.128,1660,9,2340,0,2021,11,47,326,22,1,2,1009.4,8.1,8.1,8,91,6.7,7.3,3.2,0.8,8,8.1,8.2,8.2,6.7,0,0,0,0,0,0,0.107,0,100,0,8,0,5,13,12,0,0,0,"2021_11_22_2"
9.111,9.316,1660,351,2397,347,2021,11,47,326,22,1,2,1009.4,8.1,8.1,8,91,6.7,7.4,3.2,0.8,11.3,8.1,8.2,8.2,6.7,0,0,0,0,0,0,0.106,0,100,0,8,0,6,11,12,0,0,0,"2021_11_22_2"
9.064,8.844,1072,14,1740,0,2021,11,47,326,22,1,2,1009.2,7.9,8.1,7.9,92,6.7,7.3,3.2,0.8,6.4,7.9,8.1,8.1,6.6,0,0,0,0,0,0,0.108,0,100,0,8,0,7,14,14,0,0,0,"2021_11_22_2"
9.081,9.027,1072,346,1816,343,2021,11,47,326,22,1,2,1009.1,7.8,7.9,7.8,93,6.7,7.2,1.6,0.4,4.8,7.8,7.9,7.9,6.4,0,0,0,0,0,0,0.11,0,100,0,8,0,0,10,9,0,0,0,"2021_11_22_2"
9.304,9.304,747,160,0,0,2021,11,47,326,22,1,3,1009.1,7.8,7.8,7.8,93,6.8,7.3,1.6,0.4,4.8,7.8,8,8,6.5,0,0,0,0,0,0,0.109,0,100,0,8.1,0,1,14,9,0,0,0,"2021_11_22_3"
9.356,9.233,747,200,520,270,2021,11,47,326,22,1,3,1009,8,8,7.8,93,6.9,7.4,3.2,0.8,4.8,8,8.1,8.1,6.7,0,0,0,0,0,0,0.108,0,100,0,8.3,0,2,10,9,0,0,0,"2021_11_22_3"
9.481,9.715,1326,169,600,180,2021,11,47,326,22,1,3,1009,8.1,8.1,7.9,92,6.8,7.4,0,0,4.8,8.1,8.2,8.2,6.7,0,0,0,0,0,0,0.107,0,100,0,8.3,0,3,9,10,0,0,0,"2021_11_22_3"
9.632,9.801,1326,191,794,221,2021,11,47,326,22,1,3,1009,8.3,8.3,8.1,91,6.9,7.6,0,0,4.8,8.3,8.5,8.5,7,0,0,0,0,0,0,0.104,0,100,0,8.5,0,4,9,11,0,0,0,"2021_11_22_3"
9.661,9.88,1660,9,2340,0,2021,11,47,326,22,1,4,1008.9,8.7,8.7,8.3,91,7.3,7.9,1.6,0.4,4.8,8.7,8.8,8.8,7.3,0,0,0,0,0,0,0.101,0,100,0,8.5,0,5,12,11,0,0,0,"2021_11_22_4"
9.634,9.963,1660,351,2397,347,2021,11,47,326,22,1,4,1008.9,8.7,8.7,8.6,91,7.3,8,0,0,3.2,8.7,8.9,8.9,7.4,0,0,0,0,0,0,0.1,0,100,0,8.6,0,6,9,11,0,0,0,"2021_11_22_4"
9.641,9.603,1072,14,1740,0,2021,11,47,326,22,1,4,1009,8.6,8.7,8.6,92,7.3,7.9,1.6,0.4,3.2,8.6,8.7,8.7,7.2,0,0,0,0,0,0,0.102,0,100,0,8.6,0,7,16,9,0,0,0,"2021_11_22_4"
9.544,9.418,1072,346,1816,343,2021,11,47,326,22,1,4,1009,8.4,8.6,8.4,93,7.4,7.9,1.6,0.4,4.8,8.4,8.6,8.6,7.1,0,0,0,0,0,0,0.103,0,100,0,8.5,0,0,8,16,0,0,0,"2021_11_22_4"
9.64,9.64,747,160,0,0,2021,11,47,326,22,1,5,1009.1,8.4,8.4,8.4,93,7.4,7.9,0,0,3.2,8.4,8.6,8.6,7.1,0,0,0,0,0,0,0.103,0,100,0,8.7,0,1,9,7,0,0,0,"2021_11_22_5"
9.56,9.517,747,200,520,270,2021,11,47,326,22,1,5,1009.2,8.4,8.4,8.4,93,7.3,7.8,3.2,0.8,4.8,8.4,8.5,8.5,7.1,0,0,0,0,0,0,0.104,0,100,0,8.5,0,2,8,7,0,0,0,"2021_11_22_5"
9.612,9.729,1326,169,600,180,2021,11,47,326,22,1,5,1009.2,8.3,8.4,8.3,93,7.2,7.7,4.8,1.21,6.4,7.9,8.4,8,6.5,0,0,0,0,0,0,0.105,0,100,0,8.3,0,3,7,6,0,0,0,"2021_11_22_5"
9.721,9.811,1326,191,794,221,2021,11,47,326,22,1,5,1009.2,8.3,8.3,8.3,93,7.3,7.8,1.6,0.4,6.4,8.3,8.5,8.5,7,0,0,0,0,0,0,0.104,0,100,0,8.4,0,4,8,6,0,0,0,"2021_11_22_5"
9.638,9.924,1660,9,2340,0,2021,11,47,326,22,1,6,1009.2,8.4,8.4,8.3,94,7.5,7.9,1.6,0.4,3.2,8.4,8.6,8.6,7.1,0,0,0,0,0,0,0.103,0,100,0,8.6,0,5,10,9,0,0,0,"2021_11_22_6"
9.835,9.949,1660,351,2397,347,2021,11,47,326,22,1,6,1009.3,8.5,8.5,8.4,94,7.6,8,3.2,0.8,6.4,8.5,8.7,8.7,7.2,0,0,0,0,0,0,0.102,0,100,0,8.5,0,6,7,7,0,0,0,"2021_11_22_6"
9.76,9.558,1072,14,1740,0,2021,11,47,326,22,1,6,1009.4,8.6,8.6,8.4,93,7.5,8,1.6,0.4,4.8,8.6,8.7,8.7,7.3,0,0,0,0,0,0,0.102,0,100,0,8.6,0,7,11,12,0,0,0,"2021_11_22_6"
9.644,9.74,1072,346,1816,343,2021,11,47,326,22,1,6,1009.4,8.6,8.6,8.5,93,7.5,8,1.6,0.4,4.8,8.6,8.7,8.7,7.3,0,0,0,0,0,0,0.102,0,100,0,8.6,0,0,14,14,0,0,0,"2021_11_22_6"
9.868,9.868,747,160,0,0,2021,11,47,326,22,1,7,1009.6,8.7,8.7,8.6,93,7.6,8.1,1.6,0.4,4.8,8.7,8.8,8.8,7.4,0,0,0,0,0,0,0.101,0,100,0,8.6,0,1,8,16,0,0,0,"2021_11_22_7"
9.837,9.846,747,200,520,270,2021,11,47,326,22,1,7,1009.6,8.7,8.7,8.6,93,7.6,8.1,1.6,0.4,3.2,8.7,8.8,8.8,7.4,0,0,0,0,0,0,0.101,0,100,0,8.6,0,2,14,14,0,0,0,"2021_11_22_7"
9.924,10.132,1326,169,600,180,2021,11,47,326,22,1,7,1009.7,8.7,8.7,8.7,93,7.6,8.1,1.6,0.4,3.2,8.7,8.8,8.8,7.4,0,0,0,0,0,0,0.101,0,100,0,8.8,0,3,13,12,0,0,0,"2021_11_22_7"
9.949,10.007,1326,191,794,221,2021,11,47,326,22,1,7,1009.8,8.7,8.7,8.7,93,7.6,8.1,0,0,3.2,8.7,8.8,8.8,7.4,0,0,0,0,0,0,0.101,0,100,0,8.9,0,4,9,10,0,0,0,"2021_11_22_7"
10.04,10.354,1660,9,2340,0,2021,11,47,326,22,1,8,1010,8.8,8.8,8.7,93,7.7,8.2,3.2,0.8,6.4,8.8,8.9,8.9,7.5,0,0,1,0.02,5,0,0.1,0,100,0,8.8,0,5,13,5,0,0,0,"2021_11_22_8"
10.302,10.696,1660,351,2397,347,2021,11,47,326,22,1,8,1010.1,8.8,8.8,8.8,93,7.8,8.2,1.6,0.4,4.8,8.8,9,9,7.7,0,0,8,0.17,12,0,0.099,0,100,0,9.2,0,6,6,5,0,0,0,"2021_11_22_8"
10.684,10.994,1072,14,1740,0,2021,11,47,326,22,1,8,1010.2,9.4,9.4,8.8,89,7.7,8.4,4.8,1.21,11.3,9.1,9.5,9.3,8.1,0,0,19,0.41,23,0,0.093,0,100,1,9.4,0,7,12,11,0,0,0,"2021_11_22_8"
10.944,11.332,1072,346,1816,343,2021,11,47,326,22,1,8,1010.1,9.9,9.9,9.4,87,7.8,8.7,8,2.01,14.5,8.9,10,9,8.5,0,0,25,0.54,26,0,0.088,0,97.2,1,9.7,0,0,12,11,0,0,0,"2021_11_22_8"
11.677,11.677,747,160,0,0,2021,11,47,326,22,1,9,1010.1,10.1,10.1,9.9,86,7.8,8.8,4.8,1.21,9.7,9.9,10.1,10,9.5,0,0,28,0.6,32,0.03,0.086,0,96.3,2,10,0,1,12,11,0,0,0,"2021_11_22_9"
12.975,13.237,747,200,520,270,2021,11,47,326,22,1,9,1010.4,10.2,10.2,10.1,86,8,8.9,3.2,0.8,6.4,10.2,10.3,10.3,10.3,0,0,46,0.99,63,0,0.084,0,97.6,2,10.9,0,2,13,11,0,0,0,"2021_11_22_9"
14.262,14.514,1326,169,600,180,2021,11,47,326,22,1,9,1010.6,10.6,10.6,10.2,84,8,9.1,4.8,1.21,11.3,10.4,10.5,10.4,11.3,0,0,84,1.81,98,0,0.081,0,93.3,5,12,0,3,13,10,0,0,0,"2021_11_22_9"
15.376,15.476,1326,191,794,221,2021,11,47,326,22,1,9,1010.8,11,11,10.6,83,8.2,9.4,4.8,1.21,11.3,11,11,10.9,12.1,0,0,104,2.24,109,0,0.076,0,90.7,5,13.3,0,4,11,12,0,0,0,"2021_11_22_9"
15.518,15.888,1660,9,2340,0,2021,11,47,326,22,1,10,1010.8,11.3,11.3,11,82,8.3,9.5,4.8,1.21,12.9,11.3,11.2,11.2,12.5,0,0,114,2.45,116,0.05,0.073,0,87.2,6,14.2,0,5,11,10,0,0,0,"2021_11_22_10"
15.105,16.374,1660,351,2397,347,2021,11,47,326,22,1,10,1010.9,11.5,11.5,11.3,81,8.4,9.6,4.8,1.21,11.3,11.5,11.4,11.4,12.5,0,0,103,2.22,121,0,0.071,0,83.9,6,14.3,0,6,11,11,0,0,0,"2021_11_22_10"
15.181,15.496,1072,14,1740,0,2021,11,47,326,22,1,10,1011.1,11.7,11.7,11.4,81,8.6,9.9,4.8,1.21,11.3,11.7,11.6,11.6,12.8,0,0,113,2.43,123,0,0.069,0,83.4,5,14.6,0,7,13,11,0,0,0,"2021_11_22_10"
15.868,15.251,1072,346,1816,343,2021,11,47,326,22,1,10,1011,11.8,11.8,11.7,79,8.3,9.7,6.4,1.61,12.9,11.5,11.6,11.3,12.2,0,0,101,2.17,109,0,0.068,0,82.3,5,14.6,0,0,13,10,0,0,0,"2021_11_22_10"
17.495,17.495,747,160,0,0,2021,11,47,326,22,1,11,1011.2,12,12,11.8,78,8.3,9.8,6.4,1.61,12.9,11.7,11.8,11.5,13.4,0,0,156,3.36,188,0.08,0.066,0,79.4,12,15.9,0,1,13,10,0,0,0,"2021_11_22_11"
16.7,17.138,747,200,520,270,2021,11,47,326,22,1,11,1011.2,12.3,12.3,12,78,8.6,10.1,6.4,1.61,14.5,12.1,12.1,11.8,14.3,0,0,191,4.11,199,0,0.062,0,73.9,12,17,0,2,13,10,0,0,0,"2021_11_22_11"
17.234,17.677,1326,169,600,180,2021,11,47,326,22,1,11,1011.1,12.4,12.4,12.3,76,8.3,10,6.4,1.61,14.5,12.2,12.1,11.9,13.6,0,0,151,3.25,171,0,0.061,0,76.9,7,16.4,0,3,13,10,0,0,0,"2021_11_22_11"
17.135,17.696,1326,191,794,221,2021,11,47,326,22,1,11,1011,12.4,12.5,12.4,78,8.7,10.2,6.4,1.61,16.1,12.2,12.2,12,13.3,0,0,127,2.73,142,0,0.061,0,78.4,7,16.1,0,4,11,12,0,0,0,"2021_11_22_11"
19.771,20.359,1660,9,2340,0,2021,11,47,326,22,1,12,1011.2,12.4,12.5,12.4,78,8.7,10.2,4.8,1.21,11.3,12.4,12.2,12.2,14.4,0,0,182,3.91,199,0.1,0.061,0,73.3,13,16.8,0,5,14,14,0,0,0,"2021_11_22_12"
21.482,21.597,1660,351,2397,347,2021,11,47,326,22,1,12,1011.3,12.7,12.7,12.4,77,8.7,10.3,3.2,0.8,8,12.7,12.4,12.4,15.7,0,0,251,5.4,278,0,0.059,0,72.3,13,19.5,0,6,15,9,0,0,0,"2021_11_22_12"
22.263,22.733,1072,14,1740,0,2021,11,47,326,22,1,12,1011.3,13.1,13.1,12.7,78,9.3,10.8,3.2,0.8,9.7,13.1,12.8,12.8,16.4,0,0,265,5.7,292,0,0.055,0,70.1,16,21.7,0,7,10,9,0,0,0,"2021_11_22_12"
18.42,18.065,1072,346,1816,343,2021,11,47,326,22,1,12,1010.9,13.1,13.3,13.1,74,8.5,10.3,1.6,0.4,6.4,13.1,12.7,12.7,14.7,0,0,172,3.7,352,0,0.055,0,72.4,16,19.5,0,0,14,15,0,0,0,"2021_11_22_12"
18.198,18.198,747,160,0,0,2021,11,47,326,22,1,13,1010.9,12.6,13.1,12.6,76,8.4,10.1,1.6,0.4,8,12.6,12.3,12.3,13.2,0,0,109,2.34,125,0.1,0.06,0,73.2,6,17.5,0,1,16,7,0,0,0,"2021_11_22_13"
17.834,17.464,747,200,520,270,2021,11,47,326,22,1,13,1010.8,12.7,12.7,12.5,76,8.5,10.2,3.2,0.8,8,12.7,12.4,12.4,13.9,0,0,138,2.97,160,0,0.059,0,76.7,6,17.6,0,2,14,12,0,0,0,"2021_11_22_13"
17.189,17.61,1326,169,600,180,2021,11,47,326,22,1,13,1010.8,12.6,12.7,12.6,77,8.6,10.2,3.2,0.8,6.4,12.6,12.3,12.3,13,0,0,93,2,113,0,0.06,0,78,5,16.5,0,3,14,12,0,0,0,"2021_11_22_13"
16.009,16.11,1326,191,794,221,2021,11,47,326,22,1,13,1010.7,12.4,12.6,12.4,76,8.3,10,1.6,0.4,8,12.4,12.1,12.1,12.5,0,0,76,1.63,90,0,0.061,0,79.9,5,15.6,0,4,14,15,0,0,0,"2021_11_22_13"
16.923,16.677,1660,9,2340,0,2021,11,47,326,22,1,14,1010.7,12.4,12.5,12.4,78,8.7,10.2,1.6,0.4,3.2,12.4,12.2,12.2,12.5,0,0,73,1.57,84,0.05,0.061,0,83.3,5,15.6,0,5,15,15,0,0,0,"2021_11_22_14"
17.06,16.833,1660,351,2397,347,2021,11,47,326,22,1,14,1010.9,12.6,12.6,12.4,78,8.9,10.4,1.6,0.4,4.8,12.6,12.4,12.4,13.3,0,0,99,2.13,104,0,0.06,0,79.7,5,16.3,0,6,14,9,0,0,0,"2021_11_22_14"
16.847,16.152,1072,14,1740,0,2021,11,47,326,22,1,14,1010.8,12.7,12.7,12.6,77,8.7,10.3,1.6,0.4,4.8,12.7,12.4,12.4,12.8,0,0,75,1.61,93,0,0.059,0,80.4,5,15.9,0,7,10,9,0,0,0,"2021_11_22_14"
16.289,16.062,1072,346,1816,343,2021,11,47,326,22,1,14,1011,12.6,12.7,12.6,77,8.6,10.2,1.6,0.4,4.8,12.6,12.3,12.3,12.8,0,0,76,1.63,86,0,0.06,0,82.6,5,15.8,0,0,10,11,0,0,0,"2021_11_22_14"
15.125,15.125,747,160,0,0,2021,11,47,326,22,1,15,1011.2,12.5,12.6,12.5,76,8.4,10,3.2,0.8,6.4,12.5,12.2,12.2,12.3,0,0,56,1.2,62,0.05,0.061,0,81.4,2,14.8,0,1,10,9,0,0,0,"2021_11_22_15"
14.583,14.421,747,200,520,270,2021,11,47,326,22,1,15,1011.2,12.4,12.5,12.4,78,8.7,10.1,1.6,0.4,4.8,12.4,12.2,12.2,11.6,0,0,29,0.62,40,0,0.062,0,86.9,2,14,0,2,10,14,0,0,0,"2021_11_22_15"
14.291,14.415,1326,169,600,180,2021,11,47,326,22,1,15,1011.1,12.3,12.4,12.3,78,8.6,10.1,0,0,1.6,12.3,12.1,12.1,11.3,0,0,17,0.37,19,0,0.062,0,89.6,1,13.6,0,3,9,9,0,0,0,"2021_11_22_15"
14.149,14.265,1326,191,794,221,2021,11,47,326,22,1,15,1011.2,12.3,12.4,12.3,79,8.8,10.2,0,0,1.6,12.3,12.1,12.1,11.4,0,0,18,0.39,19,0,0.062,0,89.7,1,13.3,0,4,9,9,0,0,0,"2021_11_22_15"
13.629,13.676,1660,9,2340,0,2021,11,47,326,22,1,16,1011.2,12.3,12.4,12.3,79,8.8,10.2,0,0,1.6,12.3,12.1,12.1,11.2,0,0,11,0.24,14,0.03,0.062,0,91.8,0,13,0,5,9,9,0,0,0,"2021_11_22_16"
13.251,13.535,1660,351,2397,347,2021,11,47,326,22,1,16,1011.3,12.2,12.3,12.2,82,9.2,10.4,0,0,3.2,12.2,12,12,11,0,0,6,0.13,9,0,0.064,0,87,0,12.3,0,6,9,9,0,0,0,"2021_11_22_16"
13.121,12.797,1072,14,1740,0,2021,11,47,326,22,1,16,1011.5,12.1,12.2,12.1,83,9.3,10.4,3.2,0.8,6.4,12.1,12,12,10.6,0,0,0,0,0,0,0.065,0,91.6,0,12.2,0,7,6,6,0,0,0,"2021_11_22_16"
12.992,12.542,1072,346,1816,343,2021,11,47,326,22,1,16,1011.5,12,12.1,12,85,9.6,10.5,1.6,0.4,3.2,12,11.9,11.9,10.6,0,0,0,0,0,0,0.066,0,93,0,12,0,0,6,5,0,0,0,"2021_11_22_16"
12.749,12.749,747,160,0,0,2021,11,47,326,22,1,17,1011.6,11.9,12.1,11.9,86,9.6,10.5,0,0,3.2,11.9,11.9,11.9,10.5,0,0,0,0,0,0,0.067,0,96.2,0,11.7,0,1,9,6,0,0,0,"2021_11_22_17"
12.449,12.29,747,200,520,270,2021,11,47,326,22,1,17,1011.8,11.8,11.9,11.8,87,9.7,10.6,0,0,3.2,11.8,11.8,11.8,10.4,0,0,0,0,0,0,0.068,0,99.4,0,11.5,0,2,9,6,0,0,0,"2021_11_22_17"
12.335,12.456,1326,169,600,180,2021,11,47,326,22,1,17,1012,11.7,11.8,11.7,87,9.6,10.4,1.6,0.4,3.2,11.7,11.7,11.7,10.3,0,0,0,0,0,0,0.069,0,100,0,11.2,0,3,7,6,0,0,0,"2021_11_22_17"
12.172,12.202,1326,191,794,221,2021,11,47,326,22,1,17,1012,11.6,11.7,11.6,88,9.6,10.4,3.2,0.8,4.8,11.6,11.6,11.6,10.2,0,0,0,0,0,0,0.071,0,100,0,11.1,0,4,7,6,0,0,0,"2021_11_22_17"
12.311,11.975,1660,9,2340,0,2021,11,47,326,22,1,18,1012.2,11.4,11.6,11.4,88,9.5,10.3,3.2,0.8,4.8,11.4,11.5,11.5,10.1,0,0,0,0,0,0,0.072,0,100,0,11.2,0,5,7,6,0,0,0,"2021_11_22_18"
12.145,12.106,1660,351,2397,347,2021,11,47,326,22,1,18,1012.3,11.4,11.4,11.4,88,9.5,10.3,3.2,0.8,4.8,11.4,11.5,11.5,10.1,0,0,0,0,0,0,0.072,0,100,0,11.2,0,6,8,6,0,0,0,"2021_11_22_18"
12.192,11.901,1072,14,1740,0,2021,11,47,326,22,1,18,1012.5,11.4,11.4,11.4,89,9.6,10.4,1.6,0.4,4.8,11.4,11.5,11.5,10.1,0,0,0,0,0,0,0.072,0,100,0,11.1,0,7,8,6,0,0,0,"2021_11_22_18"
12.095,11.79,1072,346,1816,343,2021,11,47,326,22,1,18,1012.8,11.4,11.4,11.3,89,9.6,10.4,1.6,0.4,4.8,11.4,11.5,11.5,10.1,0,0,0,0,0,0,0.072,0,100,0,11.1,0,0,15,15,0,0,0,"2021_11_22_18"
12.037,12.037,747,160,0,0,2021,11,47,326,22,1,19,1012.9,11.3,11.4,11.3,89,9.6,10.3,1.6,0.4,3.2,11.3,11.4,11.4,10,0,0,0,0,0,0,0.073,0,100,0,11,0,1,15,15,0,0,0,"2021_11_22_19"
12.059,11.98,747,200,520,270,2021,11,47,326,22,1,19,1013,11.3,11.3,11.3,90,9.7,10.4,1.6,0.4,4.8,11.3,11.4,11.4,10,0,0,0,0,0,0,0.073,0,100,0,11,0,2,16,15,0,0,0,"2021_11_22_19"
12.025,12.158,1326,169,600,180,2021,11,47,326,22,1,19,1013.1,11.3,11.3,11.3,90,9.7,10.4,0,0,3.2,11.3,11.4,11.4,10,0,0,0,0,0,0,0.073,0,100,0,11,0,3,9,16,0,0,0,"2021_11_22_19"
11.992,12.028,1326,191,794,221,2021,11,47,326,22,1,19,1013.4,11.3,11.3,11.3,90,9.7,10.4,0,0,1.6,11.3,11.4,11.4,10,0,0,0,0,0,0,0.073,0,100,0,10.9,0,4,9,16,0,0,0,"2021_11_22_19"
11.892,11.645,1660,9,2340,0,2021,11,47,326,22,1,20,1013.3,11.2,11.3,11.2,91,9.8,10.3,0,0,0,11.2,11.3,11.3,9.9,0,0,0,0,0,0,0.075,0,100,0,10.8,0,5,9,8,0,0,0,"2021_11_22_20"
11.692,11.309,1072,14,1740,0,2021,11,47,326,22,1,20,1013.6,11,11.1,11,92,9.7,10.3,0,0,1.6,11,11.2,11.2,9.8,0,0,0,0,0,0,0.076,0,100,0,10.7,0,7,9,14,0,0,0,"2021_11_22_20"
11.725,11.725,747,160,0,0,2021,11,47,326,22,1,21,1014.1,10.8,10.9,10.8,93,9.7,10.1,1.6,0.4,4.8,10.8,11,11,9.6,0,0,0,0,0,0,0.079,0,100,0,10.6,0,1,3,13,0,0,0,"2021_11_22_21"
11.342,11.573,1326,169,600,180,2021,11,47,326,22,1,21,1014.3,10.6,10.7,10.6,94,9.6,10,0,0,1.6,10.6,10.8,10.8,9.4,0,0,0,0,0,0,0.081,0,100,0,10.5,0,3,9,0,0,0,0,"2021_11_22_21"
11.482,11.479,1660,9,2340,0,2021,11,47,326,22,1,22,1014.9,11.4,11.4,10.8,87,9.3,10.2,8,2.01,14.5,10.6,11.4,10.7,9.3,0,0,0,0,0,0,0.072,0,100,0,10.3,0,5,13,10,0,0,0,"2021_11_22_22"
11.584,11.479,1072,14,1740,0,2021,11,47,326,22,1,22,1015.3,11.6,11.6,11.6,83,8.8,9.9,8,2.01,14.5,10.8,11.5,10.7,9.3,0,0,0,0,0,0,0.071,0,100,0,10.3,0,7,13,11,0,0,0,"2021_11_22_22"
11.557,11.557,747,160,0,0,2021,11,47,326,22,1,23,1015.7,11.5,11.6,11.5,81,8.4,9.6,11.3,2.82,19.3,10.2,11.4,10.1,8.7,0,0,0,0,0,0.03,0.071,0,94.4,0,10.3,0,1,13,12,0,0,0,"2021_11_22_23"
11.449,11.523,1326,169,600,180,2021,11,47,326,22,1,23,1016,11.3,11.4,11.3,82,8.4,9.6,9.7,2.41,20.9,10.3,11.2,10.2,8.8,0,0,0,0,0,0,0.073,0,93.9,0,10.2,0,3,13,12,0,0,0,"2021_11_22_23"
11.327,11.294,1660,9,2340,0,2021,11,47,327,23,2,0,1016.1,11.2,11.2,11.2,80,7.9,9.3,9.7,2.41,20.9,10.2,11.1,10,8.6,0,0,0,0,0,0.03,0.074,0,91.4,0,10.1,0,5,13,10,0,0,0,"2021_11_23_0"
11.291,11.21,1072,14,1740,0,2021,11,47,327,23,2,0,1016.4,11.2,11.2,11.2,79,7.7,9.1,9.7,2.41,16.1,10.1,11,10,8.5,0,0,0,0,0,0,0.075,0,89.3,0,10,0,7,13,10,0,0,0,"2021_11_23_0"
11.266,11.266,747,160,0,0,2021,11,47,327,23,2,1,1016.4,11.1,11.1,11.1,75,6.8,8.6,9.7,2.41,17.7,10,10.9,9.8,8.3,0,0,0,0,0,0.03,0.075,0,84.6,0,10,0,1,11,11,0,0,0,"2021_11_23_1"
11.132,11.203,1326,169,600,180,2021,11,47,327,23,2,1,1016.7,11,11.1,11,73,6.3,8.3,9.7,2.41,20.9,9.9,10.7,9.6,8.1,0,0,0,0,0,0,0.076,0,81.7,0,9.9,0,3,13,10,0,0,0,"2021_11_23_1"
11.009,10.977,1660,9,2340,0,2021,11,47,327,23,2,2,1016.7,10.9,11.1,10.9,73,6.3,8.2,9.7,2.41,19.3,9.8,10.7,9.5,8,0,0,0,0,0,0.05,0.077,0,80.8,0,9.8,0,5,13,10,0,0,0,"2021_11_23_2"
10.687,10.652,1072,14,1740,0,2021,11,47,327,23,2,2,1016.8,10.6,10.8,10.6,75,6.4,8.2,6.4,1.61,14.5,10.1,10.4,9.9,8.4,0,0,0,0,0,0,0.08,0,83,0,9.5,0,7,13,10,0,0,0,"2021_11_23_2"
10.472,10.472,747,160,0,0,2021,11,47,327,23,2,3,1017.1,10.5,10.6,10.4,75,6.3,8.1,8,2.01,14.5,9.6,10.3,9.4,7.9,0,0,0,0,0,0.03,0.082,0,83.8,0,9.3,0,1,12,10,0,0,0,"2021_11_23_3"
10.28,10.421,1326,169,600,180,2021,11,47,327,23,2,3,1017.4,10.2,10.4,10.2,76,6.2,7.9,8,2.01,12.9,9.3,10.1,9.1,7.6,0,0,0,0,0,0,0.084,0,84.6,0,9.2,0,3,12,11,0,0,0,"2021_11_23_3"
9.781,10.113,1660,9,2340,0,2021,11,47,327,23,2,4,1017.5,9.8,10.1,9.7,79,6.3,7.8,4.8,1.21,11.3,9.6,9.7,9.5,8,0,0,0,0,0,0.03,0.089,0,86.9,0,8.8,0,5,12,0,0,0,0,"2021_11_23_4"
9.077,9.182,1072,14,1740,0,2021,11,47,327,23,2,4,1017.6,9.4,9.6,9.4,79,6,7.5,4.8,1.21,8,9.2,9.4,9.1,7.6,0,0,0,0,0,0,0.093,0,91.1,0,8.1,0,7,12,0,0,0,0,"2021_11_23_4"
9.188,9.188,747,160,0,0,2021,11,47,327,23,2,5,1017.9,9.3,9.3,9.2,78,5.6,7.3,4.8,1.21,11.3,9,9.2,8.9,7.4,0,0,0,0,0,0.03,0.094,0,93.5,0,8,0,1,13,11,0,0,0,"2021_11_23_5"
9.228,9.274,1326,169,600,180,2021,11,47,327,23,2,5,1018.2,9.6,9.6,9.3,75,5.3,7.2,6.4,1.61,12.9,8.9,9.4,8.7,7.2,0,0,0,0,0,0,0.091,0,90.6,0,7.9,0,3,13,10,0,0,0,"2021_11_23_5"
8.576,8.683,1660,9,2340,0,2021,11,47,327,23,2,6,1018.3,9.4,9.4,9.3,75,5.2,7,6.4,1.61,14.5,8.7,9.2,8.5,7,0,0,0,0,0,0.03,0.093,0,91.4,0,7.3,0,5,13,12,0,0,0,"2021_11_23_6"
7.189,7.553,1072,14,1740,0,2021,11,47,327,23,2,6,1018.6,8.7,9.1,8.7,76,4.7,6.5,3.2,0.8,8,8.7,8.6,8.6,7,0,0,0,0,0,0,0.1,0,95.4,0,6.1,0,7,13,10,0,0,0,"2021_11_23_6"
7.151,7.151,747,160,0,0,2021,11,47,327,23,2,7,1019,7.9,8.2,7.9,79,4.5,6.1,4.8,1.21,9.7,7.5,7.8,7.4,5.8,0,0,0,0,0,0.03,0.108,0,99,0,5.4,0,1,13,10,0,0,0,"2021_11_23_7"
7.126,7.289,1326,169,600,180,2021,11,47,327,23,2,7,1019.4,7.8,7.8,7.7,79,4.4,6,4.8,1.21,8,7.3,7.6,7.2,5.6,0,0,0,0,0,0,0.11,0,99.5,0,5.4,0,3,13,10,0,0,0,"2021_11_23_7"
7.741,7.263,1660,9,2340,0,2021,11,47,327,23,2,8,1020,7.8,7.8,7.6,79,4.4,6,3.2,0.8,6.4,7.8,7.6,7.6,6.3,0,0,15,0.32,18,0.03,0.11,0,99.1,1,5.7,0,5,13,10,0,0,0,"2021_11_23_8"
9.041,8.802,1072,14,1740,0,2021,11,47,327,23,2,8,1020.8,8.1,8.1,7.8,80,4.8,6.3,0,0,3.2,8.1,7.9,7.9,7.1,0,0,52,1.12,69,0,0.107,0,97,1,7,0,7,9,10,0,0,0,"2021_11_23_8"
12.752,12.752,747,160,0,0,2021,11,47,327,23,2,9,1021.2,9.3,9.3,8.4,78,5.6,7.3,1.6,0.4,3.2,9.3,9.2,9.2,10.8,0,0,126,2.71,148,0.03,0.094,0,95.1,5,10,0,1,3,0,0,0,0,"2021_11_23_9"
15.769,17.58,1326,169,600,180,2021,11,47,327,23,2,9,1021.2,11,11,10.1,71,5.9,8.1,6.4,1.61,14.5,10.5,10.7,10.2,13.2,0,0,209,4.5,229,0,0.076,0,69.5,5,14.8,0,3,12,0,0,0,0,"2021_11_23_9"
17.189,17.147,1660,9,2340,0,2021,11,47,327,23,2,10,1021.6,12.1,12.1,11.6,63,5.2,8,11.3,2.82,19.3,10.9,11.5,10.3,14.2,0,0,277,5.96,292,0.13,0.065,0,66.9,9,16.5,0,5,13,12,0,0,0,"2021_11_23_10"
18.99,17.443,1072,14,1740,0,2021,11,47,327,23,2,10,1021.7,12.6,12.6,12.4,61,5.2,8.2,11.3,2.82,19.3,11.5,11.9,10.8,15.1,0,0,317,6.82,334,0,0.06,0,60.7,9,18.3,0,7,13,11,0,0,0,"2021_11_23_10"
20.542,20.542,747,160,0,0,2021,11,47,327,23,2,11,1021.7,12.6,12.6,12.6,58,4.6,7.8,14.5,3.62,22.5,10.8,11.8,10,14.3,0,0,363,7.81,373,0.23,0.06,0,59.7,18,19.1,0,1,12,11,0,0,0,"2021_11_23_11"
23.403,23.052,1326,169,600,180,2021,11,47,327,23,2,11,1021.7,13.1,13.1,12.9,58,5,8.1,14.5,3.62,22.5,11.3,12.2,10.5,15,0,0,392,8.43,397,0,0.055,0,53.8,18,21.1,0,3,12,10,0,0,0,"2021_11_23_11"
23.093,22.7,1660,9,2340,0,2021,11,47,327,23,2,12,1021.7,13.6,13.6,13.3,57,5.2,8.4,11.3,2.82,20.9,12.7,12.7,11.9,16.8,0,0,408,8.78,411,0.25,0.05,0,54.3,17,22.1,0,5,12,11,0,0,0,"2021_11_23_12"
22.027,23.13,1072,14,1740,0,2021,11,47,327,23,2,12,1021.4,13.7,13.7,13.6,54,4.5,8,14.5,3.62,24.1,12,12.7,11.1,15.6,0,0,414,8.91,417,0,0.049,0,52.7,17,22,0,7,12,11,0,0,0,"2021_11_23_12"
22.657,22.657,747,160,0,0,2021,11,47,327,23,2,13,1021.4,14.1,14.1,13.8,55,5.1,8.5,11.3,2.82,17.7,13.3,13.1,12.4,17.3,0,0,405,8.71,408,0.28,0.045,0,46.9,16,22.5,0,1,12,11,0,0,0,"2021_11_23_13"
20.968,22.061,1326,169,600,180,2021,11,47,327,23,2,13,1020.9,13.9,14.2,13.9,55,5,8.4,9.7,2.41,22.5,13.3,12.9,12.4,17.3,0,0,387,8.32,403,0,0.046,0,51.3,16,21.7,0,3,12,0,0,0,0,"2021_11_23_13"
21.027,22.163,1660,9,2340,0,2021,11,47,327,23,2,14,1021.1,13.8,13.8,13.7,57,5.4,8.6,11.3,2.82,19.3,13,12.9,12.1,16.6,0,0,343,7.38,374,0.25,0.047,0,51.8,11,20.8,0,5,4,0,0,0,0,"2021_11_23_14"
20.336,20.245,1072,14,1740,0,2021,11,47,327,23,2,14,1021.1,13.8,13.8,13.7,57,5.4,8.6,11.3,2.82,19.3,13,12.9,12.1,16.2,0,0,299,6.43,313,0,0.047,0,58.9,11,19.9,0,7,4,0,0,0,0,"2021_11_23_14"
18.038,18.038,747,160,0,0,2021,11,47,327,23,2,15,1021.1,13.5,13.7,13.5,59,5.6,8.7,8,2.01,16.1,13.1,12.7,12.3,15.9,0,0,240,5.16,253,0.2,0.05,0,63.7,6,18.2,0,1,4,0,0,0,0,"2021_11_23_15"
16.75,15.864,1326,169,600,180,2021,11,47,327,23,2,15,1020.8,13.2,13.4,13.2,61,5.9,8.7,6.4,1.61,11.3,13.1,12.5,12.4,14.8,0,0,166,3.57,185,0,0.053,0,71.3,6,15.9,0,3,4,0,0,0,0,"2021_11_23_15"
13.099,12.393,1660,9,2340,0,2021,11,47,327,23,2,16,1020.9,12.8,13.1,12.8,64,6.2,8.8,1.6,0.4,6.4,12.8,12.2,12.2,13.1,0,0,84,1.81,100,0.1,0.057,0,84.8,2,12.6,0,5,3,1,0,0,0,"2021_11_23_16"
9.765,8.849,1072,14,1740,0,2021,11,47,327,23,2,16,1021,11.9,12.2,11.8,71,6.8,8.9,0,0,1.6,11.9,11.5,11.5,10.2,0,0,22,0.47,33,0,0.067,0,89.1,2,8.9,0,7,9,13,0,0,0,"2021_11_23_16"
8.24,8.24,747,160,0,0,2021,11,47,327,23,2,17,1020.9,10.2,10.9,10.2,73,5.5,7.5,0,0,1.6,10.2,10,10,8.3,0,0,0,0,0,0.03,0.085,0,91.5,0,6.7,0,1,9,13,0,0,0,"2021_11_23_17"
7.266,7.436,1326,169,600,180,2021,11,47,327,23,2,17,1021.6,9.4,9.4,9.2,72,4.6,6.7,0,0,0,9.4,9.2,9.2,7.5,0,0,0,0,0,0,0.093,0,91.3,0,5.6,0,3,9,8,0,0,0,"2021_11_23_17"
6.791,5.387,1660,9,2340,0,2021,11,47,327,23,2,18,1021.7,8.6,9.3,8.6,74,4.2,6.2,0,0,0,8.6,8.4,8.4,6.7,0,0,0,0,0,0.03,0.101,0,91.2,0,4.9,0,5,9,8,0,0,0,"2021_11_23_18"
6.865,5.618,1072,14,1740,0,2021,11,47,327,23,2,18,1022.1,7.6,8.7,7.6,78,4,5.7,3.2,0.8,4.8,7.6,7.4,7.4,5.7,0,0,0,0,0,0,0.112,0,93.9,0,4.8,0,7,14,14,0,0,0,"2021_11_23_18"
5.93,5.93,747,160,0,0,2021,11,47,327,23,2,19,1022,6.3,6.7,6.3,83,3.7,5,0,0,1.6,6.3,6.2,6.2,4.5,0,0,0,0,0,0.03,0.125,0,91.3,0,3.9,0,1,9,0,0,0,0,"2021_11_23_19"
5.925,5.99,1326,169,600,180,2021,11,47,327,23,2,19,1022.4,5.6,6.3,5.6,84,3.1,4.4,0,0,3.2,5.6,5.5,5.5,3.7,0,0,0,0,0,0,0.133,0,92.2,0,3.8,0,3,9,15,0,0,0,"2021_11_23_19"
5.618,4.208,1660,9,2340,0,2021,11,47,327,23,2,20,1022.5,5.5,5.5,5.3,86,3.3,4.4,1.6,0.4,3.2,5.5,5.4,5.4,3.7,0,0,0,0,0,0,0.134,0,92.4,0,3.7,0,5,4,0,0,0,0,"2021_11_23_20"
5.743,4.467,1660,351,2397,347,2021,11,47,327,23,2,20,1022.4,5.2,5.6,5.1,86,3,4.1,1.6,0.4,3.2,5.2,5.1,5.1,3.3,0,0,0,0,0,0,0.137,0,93.3,0,3.6,0,6,14,12,0,0,0,"2021_11_23_20"
5.712,4.395,1072,14,1740,0,2021,11,47,327,23,2,20,1022.7,4.8,5.2,4.8,88,3,3.9,0,0,1.6,4.8,4.8,4.8,3,0,0,0,0,0,0,0.141,0,93.6,0,3.5,0,7,9,14,0,0,0,"2021_11_23_20"
5.379,4.456,1072,346,1816,343,2021,11,47,327,23,2,20,1022.8,4.2,4.8,4.2,88,2.4,3.4,3.2,0.8,6.4,4.1,4.1,4,2.2,0,0,0,0,0,0,0.147,0,93.1,0,3.4,0,0,4,0,0,0,0,"2021_11_23_20"
5.176,5.176,747,160,0,0,2021,11,47,327,23,2,21,1023,4,4.2,4,89,2.4,3.2,0,0,1.6,4,3.9,3.9,2.1,0,0,0,0,0,0,0.149,0,92.9,0,3.1,0,1,9,12,0,0,0,"2021_11_23_21"
5.242,5.314,747,200,520,270,2021,11,47,327,23,2,21,1023.1,3.9,4.1,3.9,89,2.3,3.2,1.6,0.4,4.8,3.9,3.9,3.9,2.1,0,0,0,0,0,0,0.15,0,95.2,0,3.2,0,2,4,11,0,0,0,"2021_11_23_21"
4.693,5.065,1326,169,600,180,2021,11,47,327,23,2,21,1023.2,3.8,3.9,3.7,91,2.4,3.1,0,0,3.2,3.8,3.7,3.7,1.9,0,0,0,0,0,0,0.152,0,93.2,0,2.7,0,3,9,0,0,0,0,"2021_11_23_21"
4.856,4.573,1326,191,794,221,2021,11,47,327,23,2,21,1023.2,4.1,4.1,3.8,90,2.6,3.3,1.6,0.4,3.2,4.1,4,4,2.2,0,0,0,0,0,0,0.149,0,92.9,0,2.5,0,4,4,0,0,0,0,"2021_11_23_21"
4.887,3.712,1660,9,2340,0,2021,11,47,327,23,2,22,1023.2,3.8,4.1,3.7,91,2.4,3.1,1.6,0.4,4.8,3.8,3.7,3.7,1.9,0,0,0,0,0,0,0.152,0,94.2,0,2.9,0,5,4,0,0,0,0,"2021_11_23_22"
4.355,2.976,1660,351,2397,347,2021,11,47,327,23,2,22,1023.1,3.7,3.8,3.6,91,2.3,3,0,0,1.6,3.7,3.6,3.6,1.8,0,0,0,0,0,0,0.153,0,93.2,0,2.5,0,6,9,0,0,0,0,"2021_11_23_22"
4.079,2.911,1072,14,1740,0,2021,11,47,327,23,2,22,1023.3,3.6,3.7,3.5,92,2.4,3.1,0,0,1.6,3.6,3.6,3.6,1.8,0,0,0,0,0,0,0.153,0,92.4,0,2.1,0,7,9,0,0,0,0,"2021_11_23_22"
3.929,3.079,1072,346,1816,343,2021,11,47,327,23,2,22,1023.3,3.5,3.7,3.5,91,2.2,2.9,0,0,3.2,3.5,3.5,3.5,1.7,0,0,0,0,0,0,0.155,0,92.5,0,1.9,0,0,9,0,0,0,0,"2021_11_23_22"
3.792,3.792,747,160,0,0,2021,11,47,327,23,2,23,1023.3,3.4,3.5,3.4,93,2.4,3,0,0,0,3.4,3.4,3.4,1.6,0,0,0,0,0,0,0.155,0,92.3,0,1.7,0,1,9,8,0,0,0,"2021_11_23_23"
3.732,3.847,747,200,520,270,2021,11,47,327,23,2,23,1023.4,3.6,3.7,3.5,91,2.3,3,1.6,0.4,3.2,3.6,3.6,3.6,1.8,0,0,0,0,0,0,0.153,0,92.6,0,1.7,0,2,4,0,0,0,0,"2021_11_23_23"
3.745,3.996,1326,169,600,180,2021,11,47,327,23,2,23,1023.2,3.4,3.6,3.4,90,1.9,2.7,0,0,3.2,3.4,3.3,3.3,1.5,0,0,0,0,0,0,0.156,0,93.3,0,1.8,0,3,9,0,0,0,0,"2021_11_23_23"
3.929,3.488,1326,191,794,221,2021,11,47,327,23,2,23,1023.3,3.1,3.4,3.1,91,1.8,2.5,0,0,0,3.1,3.1,3.1,1.3,0,0,0,0,0,0,0.159,0,93.7,0,1.8,0,4,9,8,0,0,0,"2021_11_23_23"
3.577,2.653,1660,9,2340,0,2021,11,47,328,24,3,0,1023.3,2.9,3.1,2.9,92,1.8,2.4,0,0,0,2.9,2.9,2.9,1.1,0,0,0,0,0,0,0.16,0,94.2,0,1.8,0,5,9,8,0,0,0,"2021_11_24_0"
8.94,9.683,1326,169,600,180,2021,11,47,329,25,4,11,1010.8,6.3,6.5,6.3,75,2.2,4.2,8,2.01,17.7,4.6,6.1,4.4,4.6,0,0,79,1.7,83,0,0.126,0,90,2,7.9,0,3,13,10,0,0,0,"2021_11_25_11"
8.663,9.06,1660,9,2340,0,2021,11,47,329,25,4,12,1010.5,6,6.1,5.9,79,2.6,4.3,6.4,1.61,12.9,4.8,5.8,4.6,4.5,0,0,64,1.38,77,0.05,0.128,0,92,4,8,0,5,13,10,0,0,0,"2021_11_25_12"
9.205,9.341,1072,14,1740,0,2021,11,47,329,25,4,12,1009.7,6.5,6.6,6.3,80,3.3,4.8,8,2.01,14.5,4.9,6.4,4.8,4.5,0,0,55,1.18,69,0,0.123,0,94.2,4,8.5,0,7,12,12,0,0,0,"2021_11_25_12"
8.654,8.654,747,160,0,0,2021,11,47,329,25,4,13,1009.5,6.6,6.7,6.6,80,3.4,4.9,1.6,0.4,8,6.6,6.5,6.5,5.6,0,0,24,0.52,25,0.03,0.122,0,93,1,7.4,0,1,12,0,0,0,0,"2021_11_25_13"
9.022,9.237,1326,169,600,180,2021,11,47,329,25,4,13,1009.1,6.7,6.7,6.6,80,3.5,5.1,1.6,0.4,4.8,6.7,6.6,6.6,5.8,0,0,28,0.6,30,0,0.121,0,93.2,1,7.7,0,3,5,4,0,0,0,"2021_11_25_13"
8.353,8.753,1660,9,2340,0,2021,11,47,329,25,4,14,1008.5,6.6,6.7,6.6,82,3.8,5.1,1.6,0.4,3.2,6.6,6.5,6.5,5.6,0,0,21,0.45,23,0.03,0.122,0,91.3,1,7.3,0,5,2,2,0,0,0,"2021_11_25_14"
7.971,8.227,1072,14,1740,0,2021,11,47,329,25,4,14,1008.1,6.1,6.5,6.1,86,3.9,4.9,8,2.01,14.5,4.4,6,4.3,3.5,0.2,0,23,0.49,30,0,0.128,0,98.8,1,7,0,7,8,7,0,0,0,"2021_11_25_14"
7.946,7.946,747,160,0,0,2021,11,47,329,25,4,15,1008,5.8,5.9,5.8,88,4,4.9,4.8,1.21,9.7,5.1,5.8,5.1,4.3,0.2,0,26,0.56,28,0.03,0.13,0,98.7,0,7,0,1,8,7,0,0,0,"2021_11_25_15"
7.823,8.188,1326,169,600,180,2021,11,47,329,25,4,15,1007.8,5.8,5.9,5.8,91,4.5,5.1,3.2,0.8,6.4,5.8,5.8,5.8,4.9,0.2,0,14,0.3,16,0,0.13,0,100,0,6.7,0,3,15,15,0,0,0,"2021_11_25_15"
7.001,7.951,1660,9,2340,0,2021,11,47,329,25,4,16,1007.6,5.7,5.8,5.7,93,4.6,5.1,6.4,1.61,11.3,4.4,5.7,4.4,3,0.2,0.8,0,0,5,0,0.132,0,100,0,6.3,0,5,8,7,0,0,0,"2021_11_25_16"
7.2,7.363,1072,14,1740,0,2021,11,47,329,25,4,16,1007.5,5.4,5.6,5.4,93,4.4,4.9,6.4,1.61,11.3,4.1,5.5,4.1,2.6,0,0.8,0,0,0,0,0.134,0,100,0,6.4,0,7,7,6,0,0,0,"2021_11_25_16"
7.258,7.258,747,160,0,0,2021,11,47,329,25,4,17,1007.4,5.3,5.3,5.3,94,4.4,4.8,6.4,1.61,12.9,3.9,5.3,4,2.4,0,0,0,0,0,0,0.136,0,100,0,6.2,0,1,7,5,0,0,0,"2021_11_25_17"
7.28,7.256,1326,169,600,180,2021,11,47,329,25,4,17,1007.4,4.9,5.1,4.9,95,4.2,4.6,9.7,2.41,16.1,2.7,5,2.7,1.2,0,0,0,0,0,0,0.139,0,100,0,5.8,0,3,6,5,0,0,0,"2021_11_25_17"
7.094,6.291,1660,9,2340,0,2021,11,47,329,25,4,18,1007.3,4.9,4.9,4.9,95,4.2,4.5,8,2.01,14.5,3,4.9,3.1,1.5,0.2,1.4,0,0,0,0,0.14,0,100,0,5.6,0,5,6,6,0,0,0,"2021_11_25_18"
7.237,6.45,1072,14,1740,0,2021,11,47,329,25,4,18,1007.3,4.9,4.9,4.8,95,4.2,4.5,6.4,1.61,12.9,3.5,4.9,3.5,2,0.4,2.6,0,0,0,0,0.14,0,100,0,5.6,0,7,7,5,0,0,0,"2021_11_25_18"
7.285,7.285,747,160,0,0,2021,11,47,329,25,4,19,1007.1,4.9,4.9,4.8,96,4.3,4.6,6.4,1.61,12.9,3.5,5,3.5,2,0.2,2.6,0,0,0,0,0.14,0,100,0,5.6,0,1,7,5,0,0,0,"2021_11_25_19"
7.318,7.393,1326,169,600,180,2021,11,47,329,25,4,19,1006.9,4.9,4.9,4.9,96,4.4,4.7,8,2.01,11.3,3.1,5,3.1,1.6,0,0,0,0,0,0,0.139,0,100,0,5.7,0,3,6,5,0,0,0,"2021_11_25_19"
7.097,6.46,1660,9,2340,0,2021,11,47,329,25,4,20,1006.7,5,5,4.9,96,4.4,4.7,8,2.01,12.9,3.1,5.1,3.2,1.6,0.2,0,0,0,0,0,0.139,0,100,0,5.6,0,5,6,6,0,0,0,"2021_11_25_20"
7.275,6.544,1072,14,1740,0,2021,11,47,329,25,4,20,1006.2,5.1,5.1,5,96,4.5,4.8,6.4,1.61,11.3,3.7,5.1,3.7,2.2,0.4,3.2,0,0,0,0,0.138,0,100,0,5.7,0,7,7,6,0,0,0,"2021_11_25_20"
7.555,7.555,747,160,0,0,2021,11,47,329,25,4,21,1005.8,5.2,5.2,5.2,96,4.6,4.9,3.2,0.8,6.4,5.2,5.3,5.2,3.7,0,0,0,0,0,0,0.137,0,100,0,5.9,0,1,7,6,0,0,0,"2021_11_25_21"
7.699,7.702,1326,169,600,180,2021,11,47,329,25,4,21,1005.6,5.4,5.4,5.3,97,5,5.2,3.2,0.8,6.4,5.4,5.5,5.4,3.9,0,0,0,0,0,0,0.135,0,100,0,6.1,0,3,7,7,0,0,0,"2021_11_25_21"
7.838,7.133,1660,9,2340,0,2021,11,47,329,25,4,22,1005.3,5.6,5.6,5.4,97,5.2,5.4,3.2,0.8,6.4,5.6,5.7,5.7,4.1,0.2,0,0,0,0,0,0.133,0,100,0,6.2,0,5,5,6,0,0,0,"2021_11_25_22"
7.826,7.092,1072,14,1740,0,2021,11,47,329,25,4,22,1004.6,5.7,5.7,5.6,97,5.2,5.4,3.2,0.8,9.7,5.7,5.7,5.7,4.2,0.2,0.8,0,0,0,0,0.132,0,100,0,6.2,0,7,6,5,0,0,0,"2021_11_25_22"
7.865,7.865,747,160,0,0,2021,11,47,329,25,4,23,1004.1,5.7,5.8,5.7,97,5.3,5.5,4.8,1.21,9.7,5,5.8,5.1,3.5,0.4,1.6,0,0,0,0,0.131,0,100,0,6.2,0,1,6,5,0,0,0,"2021_11_25_23"
7.539,7.693,1326,169,600,180,2021,11,47,329,25,4,23,1003.9,5.7,5.7,5.6,97,5.2,5.4,9.7,2.41,16.1,3.5,5.7,3.6,2.1,0.2,1.2,0,0,0,0,0.132,0,100,0,6,0,3,6,6,0,0,0,"2021_11_25_23"
7.525,7.074,1660,9,2340,0,2021,11,47,330,26,5,0,1003.4,5.7,5.8,5.7,97,5.3,5.5,8,2.01,14.5,4,5.8,4.1,2.5,0.2,0,0,0,0,0,0.131,0,100,0,6,0,5,6,5,0,0,0,"2021_11_26_0"
7.696,7.111,1072,14,1740,0,2021,11,47,330,26,5,0,1002.8,5.8,5.8,5.8,97,5.4,5.6,6.4,1.61,12.9,4.6,5.9,4.6,3.1,0.2,1.4,0,0,0,0,0.13,0,100,0,6.2,0,7,7,6,0,0,0,"2021_11_26_0"
7.926,7.926,747,160,0,0,2021,11,47,330,26,5,1,1002.3,5.9,5.9,5.9,97,5.5,5.7,6.4,1.61,11.3,4.7,6,4.8,3.3,0,0,0,0,0,0,0.129,0,100,0,6.3,0,1,6,5,0,0,0,"2021_11_26_1"
7.91,7.931,1326,169,600,180,2021,11,47,330,26,5,1,1001.9,6,6.1,5.9,97,5.6,5.8,4.8,1.21,9.7,5.3,6.1,5.4,3.9,0.2,0,0,0,0,0,0.128,0,100,0,6.3,0,3,6,5,0,0,0,"2021_11_26_1"
7.94,7.381,1660,9,2340,0,2021,11,47,330,26,5,2,1001.3,6.1,6.2,6.1,97,5.7,5.9,6.4,1.61,11.3,4.9,6.2,5,3.5,0.2,0.8,0,0,0,0,0.127,0,100,0,6.3,0,5,7,6,0,0,0,"2021_11_26_2"
7.993,7.382,1072,14,1740,0,2021,11,47,330,26,5,2,1000.7,6.2,6.3,6.2,97,5.8,6,4.8,1.21,11.3,5.5,6.3,5.7,4.2,0,0,0,0,0,0,0.126,0,100,0,6.5,0,7,7,5,0,0,0,"2021_11_26_2"
8.042,8.042,747,160,0,0,2021,11,47,330,26,5,3,1000.4,6.3,6.3,6.2,97,5.8,6.1,4.8,1.21,9.7,5.6,6.4,5.7,4.2,0.2,0.8,0,0,0,0,0.126,0,100,0,6.5,0,1,6,5,0,0,0,"2021_11_26_3"
7.888,8.053,1326,169,600,180,2021,11,47,330,26,5,3,999.9,6.3,6.3,6.3,97,5.9,6.1,6.4,1.61,12.9,5.1,6.5,5.3,3.8,0,0,0,0,0,0,0.125,0,100,0,6.4,0,3,6,5,0,0,0,"2021_11_26_3"
8.149,7.665,1660,9,2340,0,2021,11,47,330,26,5,4,999.6,6.4,6.4,6.3,97,5.9,6.2,4.8,1.21,11.3,5.7,6.5,5.9,4.4,0,0,0,0,0,0,0.124,0,100,0,6.6,0,5,7,6,0,0,0,"2021_11_26_4"
8.029,7.475,1072,14,1740,0,2021,11,47,330,26,5,4,998.8,6.3,6.4,6.3,97,5.9,6.1,6.4,1.61,14.5,5.1,6.5,5.3,3.8,0.2,0,0,0,0,0,0.125,0,100,0,6.5,0,7,6,5,0,0,0,"2021_11_26_4"
8.003,8.003,747,160,0,0,2021,11,47,330,26,5,5,998.7,6.4,6.4,6.3,97,5.9,6.2,9.7,2.41,16.1,4.4,6.5,4.5,3,0,0,0,0,0,0,0.124,0,100,0,6.5,0,1,6,6,0,0,0,"2021_11_26_5"
7.885,7.879,1326,169,600,180,2021,11,47,330,26,5,5,998.1,6.2,6.2,6.2,97,5.7,5.9,9.7,2.41,16.1,4.1,6.3,4.2,2.7,0,0,0,0,0,0,0.127,0,100,0,6.4,0,3,7,5,0,0,0,"2021_11_26_5"
7.971,7.425,1660,9,2340,0,2021,11,47,330,26,5,6,997.7,6.2,6.2,6.1,97,5.7,5.9,6.4,1.61,11.3,4.9,6.3,5,3.5,0,0,0,0,0,0,0.127,0,100,0,6.4,0,5,7,6,0,0,0,"2021_11_26_6"
7.976,7.332,1072,14,1740,0,2021,11,47,330,26,5,6,997.2,6.3,6.3,6.2,97,5.8,6,8,2.01,12.9,4.6,6.4,4.8,3.2,0,0,0,0,0,0,0.126,0,100,0,6.4,0,7,7,6,0,0,0,"2021_11_26_6"
7.984,7.984,747,160,0,0,2021,11,47,330,26,5,7,996.7,6.3,6.3,6.3,97,5.8,6,9.7,2.41,17.7,4.3,6.4,4.4,2.9,0,0,0,0,0,0,0.126,0,100,0,6.4,0,1,7,5,0,0,0,"2021_11_26_7"
7.896,7.868,1326,169,600,180,2021,11,47,330,26,5,7,996.5,6.2,6.3,6.2,97,5.8,6,9.7,2.41,14.5,4.2,6.3,4.3,2.8,0,0,0,0,0,0,0.126,0,100,0,6.4,0,3,6,5,0,0,0,"2021_11_26_7"
8.121,7.443,1660,9,2340,0,2021,11,47,330,26,5,8,996.3,6.3,6.3,6.3,97,5.8,6,8,2.01,12.9,4.6,6.4,4.8,3.3,0,0,2,0.04,7,0,0.126,0,100,0,6.5,0,5,6,5,0,0,0,"2021_11_26_8"
9.172,8.085,1072,14,1740,0,2021,11,47,330,26,5,8,996,6.4,6.4,6.3,97,6,6.2,8,2.01,14.5,4.8,6.6,5,3.8,0,0,24,0.52,37,0,0.124,0,100,0,7.2,0,7,7,6,0,0,0,"2021_11_26_8"
10.475,10.475,747,160,0,0,2021,11,47,330,26,5,9,995.8,6.7,6.7,6.5,97,6.3,6.5,9.7,2.41,16.1,4.8,6.9,5,5.1,0,0,52,1.12,63,0.03,0.121,0,100,4,8.2,0,1,6,5,0,0,0,"2021_11_26_9"
12.261,11.877,1326,169,600,180,2021,11,47,330,26,5,9,995.7,6.8,6.8,6.7,96,6.2,6.5,12.9,3.22,22.5,4.3,7,4.4,5.6,0,0,103,2.22,121,0,0.12,0,100,4,9.9,0,3,6,5,0,0,0,"2021_11_26_9"
11.132,11.015,1660,9,2340,0,2021,11,47,330,26,5,10,995.4,7.2,7.2,6.9,96,6.6,6.9,12.9,3.22,20.9,4.7,7.3,4.8,6.2,0,0,118,2.54,134,0.05,0.116,0,96.9,7,10,0,5,6,5,0,0,0,"2021_11_26_10"
14.069,14.095,1072,14,1740,0,2021,11,47,330,26,5,10,995.5,7.7,7.7,7.2,96,7.1,7.3,12.9,3.22,19.3,5.3,7.8,5.5,8,0,0,191,4.11,227,0,0.111,0,90,7,11.9,0,7,6,5,0,0,0,"2021_11_26_10"
14.164,14.164,747,160,0,0,2021,11,47,330,26,5,11,995,8.1,8.1,8,95,7.3,7.6,12.9,3.22,20.9,5.8,8.2,5.9,8.3,0,0,190,4.09,225,0.08,0.107,0,84,10,13,0,1,6,5,0,0,0,"2021_11_26_11"
15.772,16.863,1326,169,600,180,2021,11,47,330,26,5,11,994.5,8.2,8.3,8.1,94,7.3,7.7,16.1,4.02,22.5,5.3,8.3,5.4,8,0,0,221,4.75,253,0,0.106,0,81,10,13.5,0,3,6,5,0,0,0,"2021_11_26_11"
16.257,17.776,1660,9,2340,0,2021,11,47,330,26,5,12,993.8,8.3,8.6,8.3,94,7.4,7.8,16.1,4.02,22.5,5.4,8.4,5.5,8.9,0,0,284,6.11,420,0.13,0.105,0,73.2,13,15.6,0,5,6,5,0,0,0,"2021_11_26_12"
13.94,13.673,1072,14,1740,0,2021,11,47,330,26,5,12,993.4,7.8,8.2,7.8,94,6.9,7.3,16.1,4.02,24.1,4.8,7.9,4.9,6.2,0,0,136,2.93,186,0,0.11,0,83.3,13,12,0,7,6,4,0,0,0,"2021_11_26_12"
14.478,14.478,747,160,0,0,2021,11,47,330,26,5,13,993.1,7.9,7.9,7.8,94,7,7.4,14.5,3.62,22.5,5.2,8,5.4,7.2,0,0,171,3.68,197,0.08,0.109,0,82.1,8,13.1,0,1,6,5,0,0,0,"2021_11_26_13"
13.508,14.342,1326,169,600,180,2021,11,47,330,26,5,13,992.8,8.1,8.2,8.1,93,7,7.5,12.9,3.22,22.5,5.8,8.2,6,7.4,0,0,139,2.99,151,0,0.106,0,83,8,11.8,0,3,6,6,0,0,0,"2021_11_26_13"
13.1,12.506,1660,9,2340,0,2021,11,47,330,26,5,14,992.5,8.3,8.3,8.2,92,7.1,7.7,11.3,2.82,19.3,6.4,8.5,6.6,7.7,0,0,116,2.5,135,0.08,0.104,0,84.7,6,11.4,0,5,7,7,0,0,0,"2021_11_26_14"
13.524,13.243,1072,14,1740,0,2021,11,47,330,26,5,14,992,9.1,9.1,8.8,90,7.6,8.2,12.9,3.22,19.3,7,9.2,7.1,8.8,0,0,139,2.99,292,0,0.096,0,83.4,6,11.8,0,7,6,5,0,0,0,"2021_11_26_14"
13.243,13.243,747,160,0,0,2021,11,47,330,26,5,15,992,9.8,9.9,9.8,87,7.8,8.7,12.9,3.22,19.3,7.9,9.9,8,10.8,0,0,198,4.26,225,0.1,0.089,0,81.1,5,12.2,0,1,6,5,0,0,0,"2021_11_26_15"
11.927,12.043,1326,169,600,180,2021,11,47,330,26,5,15,991.4,9.7,9.9,9.7,86,7.4,8.4,14.5,3.62,19.3,7.3,9.7,7.4,9.3,0,0,145,3.12,171,0,0.09,0,84.4,5,10.8,0,3,6,4,0,0,0,"2021_11_26_15"
10.187,10.26,1660,9,2340,0,2021,11,47,330,26,5,16,991.2,9.3,9.6,9.3,87,7.3,8.2,11.3,2.82,19.3,7.6,9.4,7.7,8.4,0,0,73,1.57,90,0.08,0.094,0,92,1,9,0,5,6,4,0,0,0,"2021_11_26_16"
8.525,8.416,1072,14,1740,0,2021,11,47,330,26,5,16,991.1,8.7,9.2,8.7,87,6.6,7.5,8,2.01,12.9,7.4,8.7,7.5,6,0,0,14,0.3,28,0,0.101,0,96.1,1,7.4,0,7,6,6,0,0,0,"2021_11_26_16"
7.865,7.865,747,160,0,0,2021,11,47,330,26,5,17,991.5,7.9,8.3,7.9,89,6.2,7,6.4,1.61,11.3,7,8,7.1,5.4,0,0,0,0,0,0.03,0.108,0,100,0,6.6,0,1,6,5,0,0,0,"2021_11_26_17"
7.99,8.543,1326,169,600,180,2021,11,47,330,26,5,17,991.7,7.7,7.9,7.7,90,6.2,6.9,3.2,0.8,8,7.7,7.8,7.8,6.1,0,0,0,0,0,0,0.111,0,100,0,6.6,0,3,6,4,0,0,0,"2021_11_26_17"
8.495,7.934,1660,9,2340,0,2021,11,47,330,26,5,18,991.7,7.7,7.8,7.6,91,6.3,6.9,3.2,0.8,4.8,7.7,7.7,7.7,6.1,0,0,0,0,0,0,0.111,0,100,0,7,0,5,6,5,0,0,0,"2021_11_26_18"
8.937,8.43,1072,14,1740,0,2021,11,47,330,26,5,18,991.9,7.7,7.7,7.7,92,6.5,7.1,0,0,0,7.7,7.8,7.8,6.1,0,0,0,0,0,0,0.111,0,100,0,7.4,0,7,9,8,0,0,0,"2021_11_26_18"
8.074,8.074,747,160,0,0,2021,11,47,330,26,5,19,991.9,7.3,7.5,7.3,93,6.3,6.8,1.6,0.4,3.2,7.3,7.4,7.4,5.8,0,0,0,0,0,0,0.115,0,100,0,6.7,0,1,3,13,0,0,0,"2021_11_26_19"
8.629,8.855,1326,169,600,180,2021,11,47,330,26,5,19,992.1,7.2,7.3,7.2,93,6.2,6.7,0,0,3.2,7.2,7.3,7.3,5.6,0,0,0,0,0,0,0.116,0,100,0,7.3,0,3,9,13,0,0,0,"2021_11_26_19"
8.263,8.006,1660,9,2340,0,2021,11,47,330,26,5,20,992.2,7.3,7.3,7.2,95,6.6,6.9,1.6,0.4,3.2,7.3,7.5,7.5,5.8,0,0,0,0,0,0,0.115,0,100,0,6.9,0,5,11,13,0,0,0,"2021_11_26_20"
8.411,7.838,1072,14,1740,0,2021,11,47,330,26,5,20,992.1,7.2,7.3,7.2,94,6.3,6.7,1.6,0.4,3.2,7.2,7.3,7.3,5.6,0,0,0,0,0,0,0.116,0,100,0,6.8,0,7,11,10,0,0,0,"2021_11_26_20"
8.529,8.529,747,160,0,0,2021,11,47,330,26,5,21,991.9,7.1,7.2,7.1,94,6.2,6.6,0,0,0,7.1,7.2,7.2,5.5,0,0,0,0,0,0,0.117,0,100,0,7.1,0,1,9,8,0,0,0,"2021_11_26_21"
8.389,8.627,1326,169,600,180,2021,11,47,330,26,5,21,991.9,6.9,7,6.9,95,6.2,6.6,1.6,0.4,3.2,6.9,7.1,7.1,5.4,0,0,0,0,0,0,0.119,0,100,0,7.1,0,3,13,10,0,0,0,"2021_11_26_21"
7.363,6.77,1660,9,2340,0,2021,11,47,330,26,5,22,991.7,6.8,6.9,6.8,95,6.1,6.4,0,0,1.6,6.8,6.9,6.9,5.2,0,0,0,0,0,0,0.12,0,100,0,6.2,0,5,9,11,0,0,0,"2021_11_26_22"
4.772,4.586,1072,14,1740,0,2021,11,47,330,26,5,22,991.5,5.9,6.4,5.9,94,5.1,5.5,0,0,1.6,5.9,6,6,4.3,0,0,0,0,0,0,0.129,0,100,0,3.7,0,7,9,11,0,0,0,"2021_11_26_22"
4.475,4.475,747,160,0,0,2021,11,47,330,26,5,23,991.2,4.9,5.8,4.9,94,4.1,4.5,1.6,0.4,3.2,4.9,5,5,3.2,0,0,0,0,0,0,0.139,0,100,0,3.1,0,1,12,11,0,0,0,"2021_11_26_23"
4.662,5.023,1326,169,600,180,2021,11,47,330,26,5,23,991.4,4.4,4.6,4.4,95,3.7,4,0,0,4.8,4.4,4.4,4.4,2.7,0,0,0,0,0,0,0.145,0,100,0,3.1,0,3,9,13,0,0,0,"2021_11_26_23"
5.379,5.182,1660,9,2340,0,2021,11,47,331,27,6,0,991.6,4.2,4.4,4.2,96,3.6,3.9,0,0,3.2,4.2,4.2,4.2,2.4,0,0,0,0,0,0,0.148,0,100,0,3.6,0,5,9,13,0,0,0,"2021_11_27_0"
6.349,5.931,1072,14,1740,0,2021,11,47,331,27,6,0,991.3,4.7,4.7,4.4,97,4.2,4.5,0,0,3.2,4.7,4.7,4.7,3,0,0,0,0,0,0,0.142,0,100,0,4.7,0,7,9,0,0,0,0,"2021_11_27_0"
6.509,6.509,747,160,0,0,2021,11,47,331,27,6,1,991,5.5,5.5,4.9,98,5.2,5.4,1.6,0.4,6.4,5.5,5.6,5.6,3.9,0.8,4.8,0,0,0,0,0.134,0,100,0,5,0,1,4,12,0,0,0,"2021_11_27_1"
7.597,8.015,1326,169,600,180,2021,11,47,331,27,6,1,990.6,6.7,6.7,6.1,98,6.4,6.5,4.8,1.21,11.3,6.1,6.8,6.2,4.6,0,0,0,0,0,0,0.122,0,100,0,5.8,0,3,11,11,0,0,0,"2021_11_27_1"
7.984,7.984,1660,9,2340,0,2021,11,47,331,27,6,2,990.6,7.1,7.1,7.1,97,6.6,6.8,3.2,0.8,8,7.1,7.2,7.2,5.5,0,0,0,0,0,0,0.117,0,100,0,6.4,0,5,12,12,0,0,0,"2021_11_27_2"
7.96,7.625,1072,14,1740,0,2021,11,47,331,27,6,2,990.6,7.2,7.2,7.2,97,6.7,6.9,4.8,1.21,6.4,6.6,7.3,6.8,5.1,0,0,0,0,0,0,0.116,0,100,0,6.7,0,7,12,11,0,0,0,"2021_11_27_2"
8.099,8.099,747,160,0,0,2021,11,47,331,27,6,3,990.1,7.4,7.4,7.2,97,6.9,7.2,6.4,1.61,12.9,6.4,7.6,6.5,4.9,0,0,0,0,0,0,0.114,0,100,0,6.7,0,1,12,10,0,0,0,"2021_11_27_3"
8.123,8.33,1326,169,600,180,2021,11,47,331,27,6,3,990,7.6,7.6,7.5,96,7,7.3,8,2.01,14.5,6.2,7.8,6.4,4.7,0,0,0,0,0,0,0.112,0,100,0,6.8,0,3,12,0,0,0,0,"2021_11_27_3"
7.99,7.865,1660,9,2340,0,2021,11,47,331,27,6,4,989.9,7.5,7.5,7.4,96,6.9,7.2,6.4,1.61,16.1,6.5,7.7,6.6,5,0,0,0,0,0,0,0.113,0,100,0,6.6,0,5,13,11,0,0,0,"2021_11_27_4"
7.547,7.556,1072,14,1740,0,2021,11,47,331,27,6,4,989.8,7.3,7.5,7.3,95,6.6,6.9,3.2,0.8,9.7,7.3,7.5,7.5,5.8,0,0,0,0,0,0,0.115,0,100,0,6.3,0,7,12,10,0,0,0,"2021_11_27_4"
6.849,6.849,747,160,0,0,2021,11,47,331,27,6,5,989.8,6.8,7.2,6.8,95,6.1,6.4,3.2,0.8,11.3,6.8,6.9,6.9,5.2,0,0,0,0,0,0,0.12,0,100,0,5.4,0,1,12,11,0,0,0,"2021_11_27_5"
6.9,7.113,1326,169,600,180,2021,11,47,331,27,6,5,989.9,6.6,6.6,6.5,96,6,6.2,3.2,0.8,4.8,6.6,6.7,6.7,5,0,0,0,0,0,0,0.123,0,100,0,5.5,0,3,12,12,0,0,0,"2021_11_27_5"
6.688,6.799,1660,9,2340,0,2021,11,47,331,27,6,6,990.3,6.3,6.5,6.3,96,5.7,6,0,0,1.6,6.3,6.4,6.4,4.7,0,0,0,0,0,0,0.125,0,100,0,5.4,0,5,9,10,0,0,0,"2021_11_27_6"
5.367,5.008,1072,14,1740,0,2021,11,47,331,27,6,6,990.1,5.9,6.2,5.9,96,5.3,5.6,0,0,1.6,5.9,6,6,4.2,0,0,0,0,0,0,0.13,0,100,0,4.2,0,7,9,9,0,0,0,"2021_11_27_6"
3.697,3.697,747,160,0,0,2021,11,47,331,27,6,7,989.9,4.8,5.6,4.8,96,4.2,4.5,0,0,0,4.8,4.9,4.9,3.1,0,0,0,0,0,0,0.141,0,100,0,2.5,0,1,9,8,0,0,0,"2021_11_27_7"
4.148,4.731,1326,169,600,180,2021,11,47,331,27,6,7,990.2,3.7,4.4,3.7,96,3.1,3.4,1.6,0.4,3.2,3.7,3.7,3.7,1.9,0,0,0,0,0,0,0.153,0,100,0,2.7,0,3,4,11,0,0,0,"2021_11_27_7"
6.033,5.362,1660,9,2340,0,2021,11,47,331,27,6,8,990.9,4.8,4.8,3.8,99,4.6,4.7,1.6,0.4,4.8,4.8,4.9,4.9,3.3,0,0,13,0.28,21,0,0.141,0,100,1,3.9,0,5,13,11,0,0,0,"2021_11_27_8"
6.841,6.59,1072,14,1740,0,2021,11,47,331,27,6,8,990.9,5.5,5.5,5.3,98,5.2,5.4,1.6,0.4,3.2,5.5,5.6,5.6,4.2,0,0,25,0.54,28,0,0.134,0,100,1,5.1,0,7,11,9,0,0,0,"2021_11_27_8"
8.694,8.694,747,160,0,0,2021,11,47,331,27,6,9,991.2,6.1,6.1,5.7,98,5.8,5.9,1.6,0.4,3.2,6.1,6.2,6.2,6.3,0,0,52,1.12,70,0,0.128,0,100,4,6.4,0,1,12,10,0,0,0,"2021_11_27_9"
10.337,10.82,1326,169,600,180,2021,11,47,331,27,6,9,991.4,7.2,7.2,6.7,98,6.9,7.1,6.4,1.61,12.9,6.2,7.4,6.3,6.9,0,0,72,1.55,79,0,0.116,0,100,4,8.7,0,3,4,0,0,0,0,"2021_11_27_9"
11.409,11.285,1660,9,2340,0,2021,11,47,331,27,6,10,991.5,7.8,7.8,7.6,97,7.3,7.5,6.4,1.61,14.5,6.8,8,7,8,0,0,97,2.09,105,0.03,0.11,0,100,5,9.7,0,5,12,11,0,0,0,"2021_11_27_10"
14.442,11.266,1072,14,1740,0,2021,11,47,331,27,6,10,991.7,8.4,8.4,8.1,96,7.8,8.1,9.7,2.41,16.1,6.8,8.6,7,8.9,0,0,146,3.14,325,0,0.104,0,98.1,5,11.6,0,7,4,0,0,0,0,"2021_11_27_10"
13.651,13.651,747,160,0,0,2021,11,47,331,27,6,11,991.7,9.2,9.2,8.9,92,8,8.5,9.7,2.41,14.5,7.8,9.4,8,11,0,0,218,4.69,432,0.08,0.095,0,86.3,7,12.9,0,1,4,11,0,0,0,"2021_11_27_11"
16.713,18.922,1326,169,600,180,2021,11,47,331,27,6,11,992.8,10.1,10.1,9.4,88,8.2,9,4.8,1.21,11.3,9.9,10.2,10,14.1,0,0,296,6.37,378,0,0.086,0,79.8,7,15.8,0,3,4,0,0,0,0,"2021_11_27_11"
17.87,15.998,1660,9,2340,0,2021,11,47,331,27,6,12,992,10.8,10.8,10.4,82,7.9,9.1,3.2,0.8,9.7,10.8,10.8,10.8,15.8,0,0,390,8.39,396,0.15,0.078,0,65.5,18,17.8,0,5,4,13,0,0,0,"2021_11_27_12"
21.433,18.285,1072,14,1740,0,2021,11,47,331,27,6,12,991.9,11.6,11.7,11.4,78,7.8,9.4,3.2,0.8,8,11.6,11.4,11.4,16.4,0,0,390,8.39,397,0,0.071,0,60.8,18,19.3,0,7,1,13,0,0,0,"2021_11_27_12"
21.451,21.451,747,160,0,0,2021,11,47,331,27,6,13,992.1,12.1,12.2,12.1,76,8,9.6,4.8,1.21,9.7,12.1,11.8,11.8,16.8,0,0,393,8.45,397,0.2,0.065,0,65.9,17,20.5,0,1,1,3,0,0,0,"2021_11_27_13"
14.171,14.871,1326,169,600,180,2021,11,47,331,27,6,13,991.1,11.9,12.2,11.9,75,7.6,9.4,3.2,0.8,8,11.9,11.6,11.6,15.2,0,0,255,5.49,380,0,0.067,0,66.5,17,15.4,0,3,4,13,0,0,0,"2021_11_27_13"
16.75,17.672,1660,9,2340,0,2021,11,47,331,27,6,14,991.5,12,12.1,11.6,75,7.7,9.4,3.2,0.8,9.7,12,11.7,11.7,15.9,0,0,299,6.43,396,0.13,0.066,0,70.1,12,16.2,0,5,12,11,0,0,0,"2021_11_27_14"
17.361,17.366,1072,14,1740,0,2021,11,47,331,27,6,14,991.8,12.3,12.3,12.1,73,7.6,9.4,6.4,1.61,12.9,12,11.9,11.6,16.3,0,0,341,7.34,371,0,0.063,0,66.4,12,17.1,0,7,4,0,0,0,0,"2021_11_27_14"
14.876,14.876,747,160,0,0,2021,11,47,331,27,6,15,991.3,12,12.5,12,77,8.1,9.6,6.4,1.61,12.9,11.7,11.7,11.4,13.1,0,0,127,2.73,162,0.15,0.066,0,75.9,4,14.1,0,1,4,11,0,0,0,"2021_11_27_15"
12.962,13.273,1326,169,600,180,2021,11,47,331,27,6,15,991.6,11.4,11.7,11.4,78,7.7,9.2,6.4,1.61,12.9,11,11.3,10.9,11.1,0,0,57,1.23,77,0,0.072,0,80.5,4,12.4,0,3,4,0,0,0,0,"2021_11_27_15"
11.972,11.731,1660,9,2340,0,2021,11,47,331,27,6,16,992,11.2,11.3,11.1,82,8.2,9.4,3.2,0.8,6.4,11.2,11.1,11.1,10.4,0,0,20,0.43,21,0.05,0.075,0,84.2,1,10.9,0,5,12,11,0,0,0,"2021_11_27_16"
10.922,10.75,1072,14,1740,0,2021,11,47,331,27,6,16,991.9,10.6,10.9,10.6,85,8.2,9.2,3.2,0.8,9.7,10.6,10.6,10.6,9.2,0,0,3,0.06,5,0,0.08,0,89.9,1,9.9,0,7,12,11,0,0,0,"2021_11_27_16"
10.338,10.338,747,160,0,0,2021,11,47,331,27,6,17,992.3,10.1,10.3,10.1,86,7.9,8.8,3.2,0.8,6.4,10.1,10.2,10.2,8.7,0,0,0,0,0,0,0.086,0,95.4,0,9,0,1,13,12,0,0,0,"2021_11_27_17"
10.124,10.447,1326,169,600,180,2021,11,47,331,27,6,17,992.1,9.7,10,9.7,89,8,8.7,4.8,1.21,9.7,9.5,9.9,9.7,8.2,0.2,0,0,0,0,0,0.09,0,99.5,0,8.8,0,3,12,11,0,0,0,"2021_11_27_17"
9.907,9.731,1660,9,2340,0,2021,11,47,331,27,6,18,991.9,9.5,9.7,9.5,89,7.8,8.5,4.8,1.21,9.7,9.3,9.6,9.4,7.9,0.2,2,0,0,0,0,0.092,0,100,0,8.5,0,5,13,11,0,0,0,"2021_11_27_18"
9.443,9.296,1072,14,1740,0,2021,11,47,331,27,6,18,992.5,9.2,9.4,9.2,91,7.8,8.4,3.2,0.8,6.4,9.2,9.3,9.3,7.8,0.2,1.4,0,0,0,0,0.095,0,100,0,8.2,0,7,13,12,0,0,0,"2021_11_27_18"
9.236,9.236,747,160,0,0,2021,11,47,331,27,6,19,992.5,8.9,9.1,8.9,91,7.6,8.2,4.8,1.21,9.7,8.6,9.1,8.8,7.3,0,0,0,0,0,0,0.098,0,100,0,8,0,1,13,11,0,0,0,"2021_11_27_19"
9.328,9.612,1326,169,600,180,2021,11,47,331,27,6,19,992.6,8.8,8.8,8.8,92,7.5,8.1,4.8,1.21,11.3,8.4,8.9,8.6,7.1,0,0,0,0,0,0,0.1,0,100,0,8,0,3,12,0,0,0,0,"2021_11_27_19"
9.245,9.066,1660,9,2340,0,2021,11,47,331,27,6,20,992.5,8.8,8.8,8.7,94,7.9,8.3,3.2,0.8,11.3,8.8,9,9,7.5,0,0,0,0,0,0,0.1,0,100,0,7.9,0,5,13,10,0,0,0,"2021_11_27_20"
9.233,8.926,1072,14,1740,0,2021,11,47,331,27,6,20,992.6,8.7,8.7,8.6,94,7.8,8.2,3.2,0.8,9.7,8.7,8.8,8.8,7.4,0,0,0,0,0,0,0.101,0,100,0,7.8,0,7,13,10,0,0,0,"2021_11_27_20"
9.242,9.242,747,160,0,0,2021,11,47,331,27,6,21,992.7,8.6,8.6,8.6,94,7.7,8.1,4.8,1.21,11.3,8.2,8.8,8.4,6.9,0,0,0,0,0,0,0.101,0,100,0,8.1,0,1,12,11,0,0,0,"2021_11_27_21"
9.447,9.748,1326,169,600,180,2021,11,47,331,27,6,21,992.6,8.6,8.7,8.6,94,7.7,8.1,1.6,0.4,4.8,8.6,8.8,8.8,7.3,0,0,0,0,0,0,0.101,0,100,0,8.1,0,3,4,10,0,0,0,"2021_11_27_21"
9.382,9.424,1660,9,2340,0,2021,11,47,331,27,6,22,992.8,8.6,8.6,8.5,94,7.6,8.1,4.8,1.21,12.9,8.2,8.7,8.4,6.9,0.2,1.2,0,0,0,0,0.102,0,100,0,8,0,5,0,1,0,0,0,"2021_11_27_22"
9.335,9.472,1072,14,1740,0,2021,11,47,331,27,6,22,992.6,8.7,8.8,8.7,93,7.7,8.1,6.4,1.61,14.5,7.9,8.9,8.1,6.6,0,0,0,0,0,0,0.1,0,100,0,7.9,0,7,12,11,0,0,0,"2021_11_27_22"
8.97,8.97,747,160,0,0,2021,11,47,331,27,6,23,991.9,8.5,8.7,8.5,92,7.3,7.8,6.4,1.61,14.5,7.6,8.6,7.8,6.3,0,0,0,0,0,0,0.102,0,100,0,7.7,0,1,13,11,0,0,0,"2021_11_27_23"
8.509,8.849,1326,169,600,180,2021,11,47,331,27,6,23,991.5,8.2,8.4,8.2,92,6.9,7.5,6.4,1.61,14.5,7.3,8.3,7.4,5.9,0,0,0,0,0,0,0.106,0,100,0,7.3,0,3,13,10,0,0,0,"2021_11_27_23"
8.73,8.574,1660,9,2340,0,2021,11,47,332,28,7,0,991.6,8.2,8.2,8.1,92,6.9,7.5,6.4,1.61,14.5,7.3,8.3,7.4,5.9,0,0,0,0,0,0,0.106,0,100,0,7.4,0,5,13,10,0,0,0,"2021_11_28_0"
8.742,8.517,1072,14,1740,0,2021,11,47,332,28,7,0,991.8,8.1,8.2,8.1,92,6.9,7.4,4.8,1.21,11.3,7.7,8.2,7.8,6.3,0.6,2.8,0,0,0,0,0.106,0,100,0,7.3,0,7,11,10,0,0,0,"2021_11_28_0"
8.736,8.736,747,160,0,0,2021,11,47,332,28,7,1,991.4,7.9,8.1,7.9,93,6.8,7.3,3.2,0.8,4.8,7.9,8,8,6.5,0.8,3.8,0,0,0,0,0.109,0,100,0,7.4,0,1,4,11,0,0,0,"2021_11_28_1"
8.624,8.94,1326,169,600,180,2021,11,47,332,28,7,1,991.1,7.9,7.9,7.8,94,7,7.4,3.2,0.8,6.4,7.9,8,8,6.5,0.2,1.4,0,0,0,0,0.109,0,100,0,7.3,0,3,13,11,0,0,0,"2021_11_28_1"
8.38,8.204,1660,9,2340,0,2021,11,47,332,28,7,2,990.8,7.8,7.9,7.8,95,7.1,7.4,3.2,0.8,6.4,7.8,8,8,6.5,0.2,1.4,0,0,0,0,0.109,0,100,0,7,0,5,11,10,0,0,0,"2021_11_28_2"
8.661,8.61,1072,14,1740,0,2021,11,47,332,28,7,2,991,7.6,7.7,7.6,95,6.9,7.2,1.6,0.4,6.4,7.6,7.8,7.8,6.2,0,0,0,0,0,0,0.112,0,100,0,7.1,0,7,12,11,0,0,0,"2021_11_28_2"
8.143,8.143,747,160,0,0,2021,11,47,332,28,7,3,990.7,7.5,7.6,7.4,95,6.8,7.1,3.2,0.8,6.4,7.5,7.6,7.6,6.1,0,0,0,0,0,0,0.113,0,100,0,6.9,0,1,13,10,0,0,0,"2021_11_28_3"
7.201,7.577,1326,169,600,180,2021,11,47,332,28,7,3,990.1,6.9,7.3,6.9,95,6.1,6.5,0,0,3.2,6.9,7,7,5.5,0,0,0,0,0,0,0.119,0,100,0,5.9,0,3,9,11,0,0,0,"2021_11_28_3"
6.366,6.021,1660,9,2340,0,2021,11,47,332,28,7,4,990.1,6.4,6.6,6.4,96,5.8,6.1,0,0,3.2,6.4,6.5,6.5,4.9,0,0,0,0,0,0,0.124,0,100,0,5.1,0,5,9,10,0,0,0,"2021_11_28_4"
7.503,6.95,1072,14,1740,0,2021,11,47,332,28,7,4,990.3,6.1,6.2,6,96,5.5,5.8,0,0,0,6.1,6.1,6.1,4.6,0,0,0,0,0,0,0.128,0,100,0,5.8,0,7,9,8,0,0,0,"2021_11_28_4"
6.962,6.962,747,160,0,0,2021,11,47,332,28,7,5,990.4,6.2,6.2,6.1,96,5.6,5.9,1.6,0.4,4.8,6.2,6.2,6.2,4.7,0,0,0,0,0,0,0.127,0,100,0,5.5,0,1,16,7,0,0,0,"2021_11_28_5"
6.775,7.063,1326,169,600,180,2021,11,47,332,28,7,5,989.9,6.3,6.3,6.3,97,5.9,6.1,1.6,0.4,4.8,6.3,6.5,6.5,4.9,0,0,0,0,0,0,0.125,0,100,0,5.5,0,3,6,5,0,0,0,"2021_11_28_5"
3.961,3.96,1660,9,2340,0,2021,11,47,332,28,7,6,989.6,5,5.7,5,95,4.3,4.6,0,0,3.2,5,5.1,5.1,3.4,0,0,0,0,0,0,0.139,0,100,0,2.7,0,5,9,11,0,0,0,"2021_11_28_6"
3.497,3.53,1072,14,1740,0,2021,11,47,332,28,7,6,989.8,3.7,4.5,3.7,95,3,3.4,1.6,0.4,3.2,3.7,3.7,3.7,2.1,0,0,0,0,0,0,0.152,0,100,0,2.2,0,7,10,9,0,0,0,"2021_11_28_6"
3.508,3.508,747,160,0,0,2021,11,47,332,28,7,7,990.1,3.1,3.3,3.1,96,2.5,2.8,1.6,0.4,6.4,3.1,3.1,3.1,1.4,0,0,0,0,0,0,0.159,0,100,0,2,0,1,4,1,0,0,0,"2021_11_28_7"
2.575,3.656,1326,169,600,180,2021,11,47,332,28,7,7,990.5,2.5,2.6,2.4,97,2.1,2.3,0,0,3.2,2.5,2.5,2.5,0.8,0,0,0,0,0,0,0.165,0,100,0,1.3,0,3,9,15,0,0,0,"2021_11_28_7"
3.147,2.891,1660,9,2340,0,2021,11,47,332,28,7,8,990.5,2.6,2.8,2.6,97,2.1,2.4,0,0,0,2.6,2.6,2.6,1,0,0,10,0.22,12,0,0.164,0,100,0,1.7,0,5,9,8,0,0,0,"2021_11_28_8"
5.46,4.358,1072,14,1740,0,2021,11,47,332,28,7,8,991.1,2.7,2.7,2.4,98,2.4,2.5,1.6,0.4,6.4,2.7,2.7,2.7,1.6,0,0,44,0.95,84,0,0.163,0,100,0,3.6,0,7,4,0,0,0,0,"2021_11_28_8"
7.921,7.921,747,160,0,0,2021,11,47,332,28,7,9,991.3,4.2,4.2,3.2,99,4,4.1,1.6,0.4,3.2,4.2,4.3,4.3,4.3,0,0,51,1.1,83,0.03,0.148,0,100,5,5.5,0,1,4,0,0,0,0,"2021_11_28_9"
8.107,8.824,1326,169,600,180,2021,11,47,332,28,7,9,991.3,5.3,5.3,5.1,98,5,5.1,1.6,0.4,3.2,5.3,5.4,5.4,5.1,0,0,42,0.9,56,0,0.136,0,100,5,6.5,0,3,4,11,0,0,0,"2021_11_28_9"
9.362,8.874,1660,9,2340,0,2021,11,47,332,28,7,10,991.5,5.6,5.7,5.4,98,5.3,5.5,1.6,0.4,4.8,5.6,5.7,5.7,5.7,0,0,54,1.16,63,0.03,0.133,0,100,3,7.3,0,5,11,12,0,0,0,"2021_11_28_10"
9.131,8.885,1072,14,1740,0,2021,11,47,332,28,7,10,991.5,5.7,5.7,5.6,98,5.4,5.5,1.6,0.4,4.8,5.7,5.8,5.8,5.6,0.2,0,49,1.05,58,0,0.132,0,100,3,7.5,0,7,10,9,0,0,0,"2021_11_28_10"
10.194,10.194,747,160,0,0,2021,11,47,332,28,7,11,991.5,5.9,5.9,5.7,98,5.7,5.8,0,0,3.2,5.9,6.1,6.1,6.2,0,0,66,1.42,88,0.03,0.129,0,100,4,8.1,0,1,9,9,0,0,0,"2021_11_28_11"
10.127,10.692,1326,169,600,180,2021,11,47,332,28,7,11,991.2,6,6,5.8,98,5.7,5.9,1.6,0.4,4.8,6,6.1,6.1,6.3,0,0,70,1.51,98,0,0.128,0,100,4,8.4,0,3,6,6,0,0,0,"2021_11_28_11"
10.392,9.322,1660,9,2340,0,2021,11,47,332,28,7,12,991.1,6.1,6.2,6.1,98,5.8,6,3.2,0.8,9.7,6.1,6.2,6.2,6.1,0,0,60,1.29,90,0.03,0.127,0,100,5,8.8,0,5,6,5,0,0,0,"2021_11_28_12"
12.544,11.569,1072,14,1740,0,2021,11,47,332,28,7,12,991.3,6.5,6.5,6.3,98,6.2,6.3,3.2,0.8,6.4,6.5,6.7,6.7,8,0,0,130,2.8,153,0,0.123,0,94.1,5,10.2,0,7,0,1,0,0,0,"2021_11_28_12"
16.435,16.435,747,160,0,0,2021,11,47,332,28,7,13,991.4,7,7,6.6,98,6.7,6.8,1.6,0.4,6.4,7,7.2,7.2,9.2,0,0,170,3.66,260,0.05,0.118,0,91.9,17,12.3,0,1,7,4,0,0,0,"2021_11_28_13"
12.168,13.385,1326,169,600,180,2021,11,47,332,28,7,13,990,7.8,7.8,7.5,95,7,7.4,3.2,0.8,6.4,7.8,7.9,7.9,10.2,0,0,178,3.83,455,0,0.11,0,83.1,17,11.8,0,3,16,7,0,0,0,"2021_11_28_13"
15.367,13.37,1660,9,2340,0,2021,11,47,332,28,7,14,990.6,8.1,8.1,7.8,88,6.2,7,1.6,0.4,6.4,8.1,8.1,8.1,11.8,0,0,260,5.59,404,0.1,0.107,0,85,9,13.4,0,5,7,6,0,0,0,"2021_11_28_14"
12.187,11.178,1072,14,1740,0,2021,11,47,332,28,7,14,990.1,7.9,8.2,7.9,89,6.2,7,3.2,0.8,8,7.9,8,8,8.6,0,0,82,1.76,97,0,0.108,0,87.9,9,10.8,0,7,7,7,0,0,0,"2021_11_28_14"
12.04,12.04,747,160,0,0,2021,11,47,332,28,7,15,990.2,8,8.2,8,90,6.5,7.2,1.6,0.4,4.8,8,8.1,8.1,9.9,0,0,134,2.88,199,0.05,0.108,0,85,5,10.9,0,1,8,6,0,0,0,"2021_11_28_15"
10.573,11.14,1326,169,600,180,2021,11,47,332,28,7,15,990,8.2,8.2,8,89,6.5,7.2,3.2,0.8,8,8.2,8.2,8.2,9.4,0,0,98,2.11,118,0,0.106,0,91.5,5,9.4,0,3,16,7,0,0,0,"2021_11_28_15"
8.914,9.404,1660,9,2340,0,2021,11,47,332,28,7,16,989.8,7.7,7.8,7.7,85,5.4,6.4,4.8,1.21,9.7,7.2,7.7,7.2,7.1,0,0,43,0.92,70,0.05,0.111,0,91.3,0,8.1,0,5,6,5,0,0,0,"2021_11_28_16"
7.165,6.096,1072,14,1740,0,2021,11,47,332,28,7,16,990,6.6,7.2,6.6,87,4.5,5.5,4.8,1.21,9.7,5.9,6.5,5.9,4.4,0,0,8,0.17,11,0,0.123,0,98.5,0,5.7,0,7,6,5,0,0,0,"2021_11_28_16"
5.664,5.664,747,160,0,0,2021,11,47,332,28,7,17,990.2,5.8,6.2,5.8,89,4.1,4.9,1.6,0.4,3.2,5.8,5.8,5.8,4.1,0,0,0,0,0,0,0.131,0,99.3,0,3.8,0,1,7,6,0,0,0,"2021_11_28_17"
6.609,6.682,1326,169,600,180,2021,11,47,332,28,7,17,990.3,5.7,5.7,5.3,90,4.2,5,8,2.01,12.9,4,5.7,4,2.3,0,0,0,0,0,0,0.131,0,100,0,4.9,0,3,6,5,0,0,0,"2021_11_28_17"
5.582,4.358,1660,9,2340,0,2021,11,47,332,28,7,18,990.1,5.1,5.4,5.1,91,3.8,4.4,4.8,1.21,9.7,4.3,5.1,4.3,2.6,0,0,0,0,0,0,0.138,0,100,0,3.8,0,5,6,5,0,0,0,"2021_11_28_18"
4.582,3.109,1072,14,1740,0,2021,11,47,332,28,7,18,990.6,4.6,4.7,4.6,92,3.4,4,1.6,0.4,3.2,4.6,4.5,4.5,2.8,0,0,0,0,0,0,0.144,0,100,0,2.7,0,7,6,5,0,0,0,"2021_11_28_18"
4.066,4.066,747,160,0,0,2021,11,47,332,28,7,19,990.6,4.3,4.4,4.2,93,3.3,3.8,3.2,0.8,4.8,4.2,4.3,4.2,2.5,0,0,0,0,0,0,0.146,0,100,0,2.1,0,1,6,5,0,0,0,"2021_11_28_19"
4.068,4.452,1326,169,600,180,2021,11,47,332,28,7,19,990.7,4.1,4.2,4.1,93,3,3.6,3.2,0.8,4.8,3.9,4,3.9,2.2,0,0,0,0,0,0,0.149,0,100,0,2,0,3,6,5,0,0,0,"2021_11_28_19"
3.961,2.597,1660,9,2340,0,2021,11,47,332,28,7,20,990.5,3.8,3.9,3.8,94,2.9,3.4,3.2,0.8,6.4,3.6,3.8,3.6,1.8,0,0,0,0,0,0,0.152,0,100,0,1.8,0,5,5,5,0,0,0,"2021_11_28_20"
4.273,3.493,1072,14,1740,0,2021,11,47,332,28,7,20,990.6,3.6,3.8,3.5,94,2.7,3.1,6.4,1.61,11.3,1.9,3.5,1.9,0.2,0,0,0,0,0,0,0.154,0,100,0,2.3,0,7,6,5,0,0,0,"2021_11_28_20"
3.689,3.689,747,160,0,0,2021,11,47,332,28,7,21,990.5,3.3,3.4,3.3,94,2.5,2.9,3.2,0.8,9.7,3.1,3.3,3.1,1.3,0,0,0,0,0,0,0.156,0,100,0,1.9,0,1,7,5,0,0,0,"2021_11_28_21"
3.459,3.909,1326,169,600,180,2021,11,47,332,28,7,21,991.1,2.9,3.2,2.8,94,2,2.5,1.6,0.4,4.8,2.9,2.9,2.9,1.1,0,0,0,0,0,0,0.161,0,100,0,1.2,0,3,16,16,0,0,0,"2021_11_28_21"
3.205,1.083,1660,9,2340,0,2021,11,47,332,28,7,22,991.2,2.2,2.3,2.2,94,1.3,1.8,1.6,0.4,4.8,2.2,2.2,2.2,0.4,0,0,0,0,0,0,0.168,0,99.3,0,0.8,0,5,5,4,0,0,0,"2021_11_28_22"
2.901,1.122,1072,14,1740,0,2021,11,47,332,28,7,22,991,2.3,2.5,2.3,93,1.3,1.8,1.6,0.4,4.8,2.3,2.3,2.3,0.5,0,0,0,0,0,0,0.167,0,98.9,0,0.6,0,7,6,6,0,0,0,"2021_11_28_22"
2.133,2.133,747,160,0,0,2021,11,47,332,28,7,23,991,2.7,2.8,2.2,91,1.4,2.1,1.6,0.4,6.4,2.7,2.7,2.7,0.9,0,0,0,0,0,0,0.163,0,97,0,0,0,1,7,5,0,0,0,"2021_11_28_23"
2.074,2.508,1326,169,600,180,2021,11,47,332,28,7,23,991.5,2.4,2.8,2.3,91,1.1,1.8,1.6,0.4,4.8,2.4,2.3,2.3,0.5,0,0,0,0,0,0,0.166,0,97.8,0,0.1,0,3,11,12,0,0,0,"2021_11_28_23"
2.145,0.477,1660,9,2340,0,2021,11,48,333,29,1,0,991.5,0.8,1.6,0.8,93,-0.2,0.4,3.2,0.8,4.8,0.3,0.8,0.3,-1.6,0,0,0,0,0,0,0.182,0,99.9,0,-0.1,0,5,12,10,0,0,0,"2021_11_29_0"
2.645,0.811,1072,14,1740,0,2021,11,48,333,29,1,0,991.7,0.8,0.8,0.6,95,0.1,0.5,1.6,0.4,6.4,0.8,0.7,0.7,-1.1,0,0,0,0,0,0,0.183,0,100,0,0.3,0,7,1,12,0,0,0,"2021_11_29_0"
1.423,1.423,747,160,0,0,2021,11,48,333,29,1,1,992,-0.1,0.3,-0.1,94,-0.9,-0.4,1.6,0.4,4.8,-0.1,-0.1,-0.1,-2,0,0,0,0,0,0,0.192,0,98.8,0,-0.9,0,1,10,9,0,0,0,"2021_11_29_1"
2.441,2.919,1326,169,600,180,2021,11,48,333,29,1,1,992.2,-0.7,-0.4,-0.7,96,-1.3,-1,1.6,0.4,4.8,-0.7,-0.8,-0.8,-2.6,0,0,0,0,0,0,0.198,0,100,0,0,0,3,12,12,0,0,0,"2021_11_29_1"
1.63,0.218,1660,9,2340,0,2021,11,48,333,29,1,2,992.5,-1.1,-0.7,-1.1,96,-1.6,-1.3,1.6,0.4,3.2,-1.1,-1.1,-1.1,-3,0,0,0,0,0,0,0.202,0,100,0,-0.4,0,5,10,14,0,0,0,"2021_11_29_2"
0.908,-0.643,1072,14,1740,0,2021,11,48,333,29,1,2,993.2,-1.3,-1.3,-1.4,96,-1.8,-1.5,1.6,0.4,4.8,-1.3,-1.3,-1.3,-3.2,0,0,0,0,0,0,0.204,0,97.4,0,-1.4,0,7,10,12,0,0,0,"2021_11_29_2"
1.831,1.831,747,160,0,0,2021,11,48,333,29,1,3,993.9,-0.4,-0.4,-1.2,98,-0.7,-0.6,1.6,0.4,3.2,-0.4,-0.5,-0.5,-2.3,0,0,0,0,0,0,0.196,0,99.2,0,-0.8,0,1,13,10,0,0,0,"2021_11_29_3"
2.805,3.128,1326,169,600,180,2021,11,48,333,29,1,3,993.4,0.6,0.6,0.1,98,0.3,0.5,3.2,0.8,4.8,0.1,0.6,0.1,-1.7,0,0,0,0,0,0,0.185,0,100,0,0.6,0,3,12,0,0,0,0,"2021_11_29_3"
3.446,2.319,1660,9,2340,0,2021,11,48,333,29,1,4,993.7,1.2,1.3,1,96,0.6,0.9,1.6,0.4,6.4,1.2,1.1,1.1,-0.7,0,0,0,0,0,0,0.179,0,100,0,1.3,0,5,16,16,0,0,0,"2021_11_29_4"
3.526,2.23,1072,14,1740,0,2021,11,48,333,29,1,4,993.8,0.6,0.7,0.6,97,0.1,0.4,1.6,0.4,3.2,0.6,0.5,0.5,-1.3,0,0,0,0,0,0,0.185,0,100,0,1.4,0,7,15,14,0,0,0,"2021_11_29_4"
3.18,3.18,747,160,0,0,2021,11,48,333,29,1,5,994,0.6,0.6,0.6,97,0.2,0.4,1.6,0.4,4.8,0.6,0.6,0.6,-1.2,0,0,0,0,0,0,0.185,0,100,0,1.3,0,1,14,15,0,0,0,"2021_11_29_5"
2.9,3.266,1326,169,600,180,2021,11,48,333,29,1,5,994.4,0.2,0.4,0.2,97,-0.2,0,0,0,3.2,0.2,0.2,0.2,-1.6,0,0,0,0,0,0,0.189,0,100,0,0.7,0,3,9,9,0,0,0,"2021_11_29_5"
2.384,0.828,1660,9,2340,0,2021,11,48,333,29,1,6,994.7,0.3,0.4,0.3,97,-0.1,0.2,0,0,3.2,0.3,0.3,0.3,-1.5,0,0,0,0,0,0,0.188,0,100,0,0.2,0,5,9,16,0,0,0,"2021_11_29_6"
2.14,0.98,1072,14,1740,0,2021,11,48,333,29,1,6,995.1,0.6,0.6,0.3,98,0.3,0.5,1.6,0.4,4.8,0.6,0.6,0.6,-1.2,0,0,0,0,0,0,0.185,0,100,0,0.1,0,7,15,14,0,0,0,"2021_11_29_6"
2.242,2.242,747,160,0,0,2021,11,48,333,29,1,7,995.7,0.7,0.7,0.6,97,0.2,0.5,1.6,0.4,3.2,0.7,0.6,0.6,-1.2,0,0,0,0,0,0,0.184,0,100,0,0.1,0,1,15,15,0,0,0,"2021_11_29_7"
2.753,3.128,1326,169,600,180,2021,11,48,333,29,1,7,996.4,0.7,0.8,0.7,97,0.3,0.5,0,0,3.2,0.7,0.7,0.7,-1.1,0,0,0,0,0,0,0.183,0,100,0,0.6,0,3,9,5,0,0,0,"2021_11_29_7"
3.385,2.202,1660,9,2340,0,2021,11,48,333,29,1,8,997.4,1.1,1.1,0.6,98,0.8,0.9,1.6,0.4,6.4,1.1,1,1,-0.7,0,0,4,0.09,5,0,0.18,0,100,0,1.3,0,5,7,6,0,0,0,"2021_11_29_8"
4.399,3.163,1072,14,1740,0,2021,11,48,333,29,1,8,997.6,1.4,1.4,1.3,97,1,1.2,4.8,1.21,11.3,0.1,1.4,0.1,-1.5,0,0,19,0.41,25,0,0.177,0,100,0,2.2,0,7,7,6,0,0,0,"2021_11_29_8"
5.523,5.523,747,160,0,0,2021,11,48,333,29,1,9,997.8,1.8,1.8,1.6,97,1.4,1.6,4.8,1.21,9.7,0.5,1.8,0.5,0.3,0,0,43,0.92,47,0,0.172,0,100,3,3.2,0,1,7,6,0,0,0,"2021_11_29_9"
9.254,9.631,1326,169,600,180,2021,11,48,333,29,1,9,998.2,2.3,2.3,2.1,96,1.8,2.1,6.4,1.61,11.3,0.5,2.3,0.5,1.6,0,0,102,2.19,130,0,0.167,0,100,3,5.9,0,3,8,7,0,0,0,"2021_11_29_9"
13.838,11.423,1660,9,2340,0,2021,11,48,333,29,1,10,998.9,3.7,3.8,3,95,3,3.4,9.7,2.41,17.7,1.2,3.7,1.2,4.7,0,0,238,5.12,281,0.05,0.152,0,92.4,10,11,0,5,8,7,0,0,0,"2021_11_29_10"
18.846,16.653,1072,14,1740,0,2021,11,48,333,29,1,10,999,5.3,5.3,4.8,90,3.8,4.5,11.3,2.82,16.1,2.7,5.3,2.7,8.1,0,0,389,8.37,406,0,0.136,0,78.7,10,16.7,0,7,8,7,0,0,0,"2021_11_29_10"
18.282,18.282,747,160,0,0,2021,11,48,333,29,1,11,999.2,6.1,6.2,5.8,87,4.1,5.1,11.3,2.82,19.3,3.8,6.1,3.7,7.8,0,0,298,6.41,404,0.15,0.127,0,79.8,17,16.2,0,1,8,16,0,0,0,"2021_11_29_11"
21.475,21.148,1326,169,600,180,2021,11,48,333,29,1,11,998.7,6.8,6.8,6.6,85,4.4,5.5,12.9,3.22,20.9,4.2,6.7,4.2,8.8,0,0,409,8.8,420,0,0.12,0,72.7,17,18.2,0,3,7,6,0,0,0,"2021_11_29_11"
22.553,19.563,1660,9,2340,0,2021,11,48,333,29,1,12,999.2,7.7,7.7,7.2,80,4.5,6,11.3,2.82,19.3,5.7,7.6,5.6,10.3,0,0,413,8.88,438,0.18,0.111,0,66.4,20,20.1,0,5,7,7,0,0,0,"2021_11_29_12"
22.335,18.253,1072,14,1740,0,2021,11,48,333,29,1,12,999.2,8.4,8.4,8.1,71,3.5,5.7,11.3,2.82,20.9,6.6,8.2,6.3,11.1,0,0,394,8.48,450,0,0.103,0,64.7,20,19.8,0,7,7,7,0,0,0,"2021_11_29_12"
21.103,21.103,747,160,0,0,2021,11,48,333,29,1,13,999.3,8.8,8.8,8.5,68,3.2,5.7,12.9,3.22,17.7,6.7,8.5,6.4,10.8,0,0,409,8.8,413,0.2,0.099,0,63,16,19.9,0,1,7,6,0,0,0,"2021_11_29_13"
19.352,19.94,1326,169,600,180,2021,11,48,333,29,1,13,999.3,8.9,8.9,8.8,71,3.9,6.1,12.9,3.22,20.9,6.7,8.6,6.5,10.9,0,0,379,8.15,385,0,0.098,0,64.9,16,18.1,0,3,6,6,0,0,0,"2021_11_29_13"
18.372,16.356,1660,9,2340,0,2021,11,48,333,29,1,14,999.5,9.2,9.3,8.9,73,4.6,6.6,12.9,3.22,19.3,7.1,9,6.9,11.1,0,0,344,7.4,355,0.2,0.095,0,67.4,10,16.9,0,5,6,5,0,0,0,"2021_11_29_14"
16.289,13.572,1072,14,1740,0,2021,11,48,333,29,1,14,999.7,9.2,9.2,9.1,75,5,6.9,14.5,3.62,20.9,6.8,9.1,6.6,10.4,0,0,295,6.35,306,0,0.095,0,69.2,10,14.9,0,7,6,5,0,0,0,"2021_11_29_14"
12.363,12.363,747,160,0,0,2021,11,48,333,29,1,15,999.8,8.6,9.3,8.6,72,3.8,6,12.9,3.22,22.5,6.4,8.4,6.2,8,0,0,145,3.12,188,0.15,0.101,0,72.9,2,12.1,0,1,6,4,0,0,0,"2021_11_29_15"
10.652,10.669,1326,169,600,180,2021,11,48,333,29,1,15,1000.5,7.9,8.2,7.9,73,3.4,5.5,11.3,2.82,19.3,6,7.7,5.7,6.4,0,0,80,1.72,105,0,0.108,0,78.9,2,9.4,0,3,6,5,0,0,0,"2021_11_29_15"
10.234,8.923,1660,9,2340,0,2021,11,48,333,29,1,16,1000.8,7.9,7.9,7.8,77,4.1,5.8,11.3,2.82,16.1,5.9,7.7,5.7,6.7,0,0,100,2.15,118,0.08,0.109,0,82,2,8.8,0,5,5,4,0,0,0,"2021_11_29_16"
8.087,6.894,1072,14,1740,0,2021,11,48,333,29,1,16,1001.1,7.5,7.8,7.4,73,3,5.1,9.7,2.41,14.5,5.7,7.3,5.5,3.9,0,0,27,0.58,42,0,0.113,0,85.7,2,6.7,0,7,6,5,0,0,0,"2021_11_29_16"
5.915,5.915,747,160,0,0,2021,11,48,333,29,1,17,1001.8,6.6,7,6.6,75,2.4,4.4,3.2,0.8,6.4,6.6,6.3,6.3,4.4,0,0,0,0,0,0.03,0.123,0,91.1,0,4.3,0,1,6,6,0,0,0,"2021_11_29_17"
5.711,5.933,1326,169,600,180,2021,11,48,333,29,1,17,1002.2,6.2,6.5,6.2,76,2.2,4.2,6.4,1.61,12.9,4.9,6,4.7,2.8,0,0,0,0,0,0,0.127,0,95.1,0,3.7,0,3,6,7,0,0,0,"2021_11_29_17"
5.048,3.399,1660,9,2340,0,2021,11,48,333,29,1,18,1002.7,5.3,5.8,5.3,78,1.8,3.6,6.4,1.61,11.3,4,5.1,3.8,1.8,0,0,0,0,0,0.03,0.135,0,95.1,0,3,0,5,6,5,0,0,0,"2021_11_29_18"
3.866,2.275,1072,14,1740,0,2021,11,48,333,29,1,18,1003.2,4.2,5.2,4.2,79,0.8,2.6,1.6,0.4,3.2,4.2,4,4,2,0,0,0,0,0,0,0.148,0,95.4,0,1.8,0,7,7,6,0,0,0,"2021_11_29_18"
3.15,3.15,747,160,0,0,2021,11,48,333,29,1,19,1003.9,3.1,3.8,3.1,83,0.5,1.9,0,0,3.2,3.1,3,3,0.9,0,0,0,0,0,0,0.159,0,94.2,0,0.9,0,1,9,3,0,0,0,"2021_11_29_19"
2.66,3.333,1326,169,600,180,2021,11,48,333,29,1,19,1004.4,2.6,2.9,2.6,85,0.3,1.5,0,0,3.2,2.6,2.4,2.4,0.4,0,0,0,0,0,0,0.164,0,92.5,0,0.3,0,3,9,3,0,0,0,"2021_11_29_19"
2.222,0.108,1660,9,2340,0,2021,11,48,333,29,1,20,1005.2,1.7,2.8,1.7,85,-0.6,0.7,1.6,0.4,4.8,1.7,1.6,1.6,-0.5,0,0,0,0,0,0,0.174,0,91.7,0,-0.1,0,5,13,12,0,0,0,"2021_11_29_20"
1.192,-0.432,1072,14,1740,0,2021,11,48,333,29,1,20,1005.6,1.1,1.2,1,90,-0.4,0.4,0,0,3.2,1.1,0.9,0.9,-1.1,0,0,0,0,0,0,0.18,0,93,0,-0.9,0,7,9,7,0,0,0,"2021_11_29_20"
1.171,1.171,747,160,0,0,2021,11,48,333,29,1,21,1006,0.6,0.8,0.6,90,-0.9,-0.1,0,0,3.2,0.6,0.4,0.4,-1.6,0,0,0,0,0,0,0.185,0,92.8,0,-1,0,1,9,14,0,0,0,"2021_11_29_21"
1.821,2.416,1326,169,600,180,2021,11,48,333,29,1,21,1006.5,0.3,0.8,0.3,88,-1.5,-0.5,1.6,0.4,6.4,0.3,0.2,0.2,-1.9,0,0,0,0,0,0,0.188,0,95.1,0,-0.9,0,3,6,16,0,0,0,"2021_11_29_21"
0.924,-0.785,1660,9,2340,0,2021,11,48,333,29,1,22,1007,-0.1,1.4,-0.1,87,-2,-0.8,1.6,0.4,4.8,-0.1,-0.1,-0.1,-2.3,0,0,0,0,0,0,0.192,0,93.6,0,-1.4,0,5,10,9,0,0,0,"2021_11_29_22"
0.788,-1.221,1072,14,1740,0,2021,11,48,333,29,1,22,1007.7,-0.4,-0.4,-0.6,93,-1.4,-0.8,1.6,0.4,3.2,-0.4,-0.5,-0.5,-2.6,0,0,0,0,0,0,0.195,0,93.6,0,-1.6,0,7,2,1,0,0,0,"2021_11_29_22"
0.785,0.785,747,160,0,0,2021,11,48,333,29,1,23,1008.2,-0.7,-0.6,-0.8,91,-2,-1.2,1.6,0.4,4.8,-0.7,-0.8,-0.8,-2.9,0,0,0,0,0,0,0.198,0,93.8,0,-1.4,0,1,12,11,0,0,0,"2021_11_29_23"
0.732,1.212,1326,169,600,180,2021,11,48,333,29,1,23,1008.8,-1.2,-1,-1.3,92,-2.3,-1.6,3.2,0.8,9.7,-1.9,-1.3,-1.9,-4.1,0,0,0,0,0,0,0.203,0,94,0,-1.6,0,3,15,9,0,0,0,"2021_11_29_23"
-0.254,-2.048,1660,9,2340,0,2021,11,48,334,30,2,0,1009,-0.2,-0.1,-0.9,86,-2.3,-1.1,1.6,0.4,3.2,-0.2,-0.3,-0.3,-2.5,0,0,0,0,0,0,0.193,0,91.7,0,-2.7,0,5,14,16,0,0,0,"2021_11_30_0"
0.763,-1.645,1072,14,1740,0,2021,11,48,334,30,2,0,1009.5,-1.3,-1.1,-1.3,91,-2.6,-1.8,1.6,0.4,6.4,-1.3,-1.4,-1.4,-3.5,0,0,0,0,0,0,0.204,0,94.2,0,-2.1,0,7,7,13,0,0,0,"2021_11_30_0"
0.487,0.487,747,160,0,0,2021,11,48,334,30,2,1,1009.9,-1.3,-1.2,-1.4,89,-2.9,-1.9,3.2,0.8,6.4,-2,-1.4,-2.1,-4.2,0,0,0,0,0,0,0.204,0,93.5,0,-2.1,0,1,8,7,0,0,0,"2021_11_30_1"
0.579,1.354,1326,169,600,180,2021,11,48,334,30,2,1,1010.6,-0.4,-0.4,-0.7,82,-3.1,-1.5,1.6,0.4,6.4,-0.4,-0.6,-0.6,-2.7,0,0,0,0,0,0,0.196,0,93.5,0,-2.2,0,3,8,7,0,0,0,"2021_11_30_1"
0.228,-1.585,1660,9,2340,0,2021,11,48,334,30,2,2,1010.9,0.6,0.8,0.4,72,-3.9,-1.3,1.6,0.4,4.8,0.6,0.4,0.4,-1.8,0,0,0,0,0,0,0.185,0,92,0,-2.3,0,5,16,16,0,0,0,"2021_11_30_2"
0.517,-1.676,1072,14,1740,0,2021,11,48,334,30,2,2,1011.4,-0.3,0.8,-0.3,79,-3.5,-1.6,1.6,0.4,4.8,-0.3,-0.5,-0.5,-2.6,0,0,0,0,0,0,0.194,0,93.2,0,-2.4,0,7,13,10,0,0,0,"2021_11_30_2"
0.812,0.812,747,160,0,0,2021,11,48,334,30,2,3,1012.4,3.4,3.4,0.9,51,-5.8,-0.9,4.8,1.21,12.9,2.4,2.9,1.9,-0.4,0,0,0,0,0,0.03,0.155,0,92.6,0,-1.8,0,1,7,6,0,0,0,"2021_11_30_3"
1.343,1.818,1326,169,600,180,2021,11,48,334,30,2,3,1012.2,3.7,3.7,3.2,47,-6.6,-1.2,4.8,1.21,11.3,2.7,3.1,2,-0.2,0,0,0,0,0,0,0.153,0,92.5,0,-1.1,0,3,16,15,0,0,0,"2021_11_30_3"
0.416,-1.351,1660,9,2340,0,2021,11,48,334,30,2,4,1012.2,2.8,3.7,2.8,53,-5.8,-1.1,1.6,0.4,4.8,2.8,2.3,2.3,0.1,0,0,0,0,0,0.05,0.161,0,90.9,0,-2,0,5,12,11,0,0,0,"2021_11_30_4"
-0.095,-1.41,1072,14,1740,0,2021,11,48,334,30,2,4,1012.9,0.9,2.1,0.7,60,-6,-2,3.2,0.8,6.4,0.5,0.6,0.1,-2.2,0,0,0,0,0,0,0.181,0,92.2,0,-2.3,0,7,5,2,0,0,0,"2021_11_30_4"
0.207,0.207,747,160,0,0,2021,11,48,334,30,2,5,1013,1.3,1.3,1.2,60,-5.6,-1.7,1.6,0.4,3.2,1.3,0.9,0.9,-1.4,0,0,0,0,0,0.03,0.178,0,92.1,0,-2.4,0,1,7,6,0,0,0,"2021_11_30_5"
1.098,1.718,1326,169,600,180,2021,11,48,334,30,2,5,1013.2,0.2,0.2,-0.1,68,-5,-2,3.2,0.8,4.8,-0.4,-0.1,-0.7,-2.9,0,0,0,0,0,0,0.189,0,93.6,0,-1.6,0,3,6,5,0,0,0,"2021_11_30_5"
1.306,-0.397,1660,9,2340,0,2021,11,48,334,30,2,6,1013.7,0.9,0.9,0.5,66,-4.7,-1.5,3.2,0.8,9.7,0.5,0.6,0.1,-2.1,0,0,0,0,0,0.03,0.181,0,94.4,0,-1.1,0,5,6,5,0,0,0,"2021_11_30_6"
0.721,-0.787,1072,14,1740,0,2021,11,48,334,30,2,6,1013.9,0.7,0.9,0.7,69,-4.3,-1.4,4.8,1.21,11.3,-0.7,0.4,-1,-3.2,0,0,0,0,0,0,0.183,0,91.9,0,-1.6,0,7,6,6,0,0,0,"2021_11_30_6"
0.689,0.689,747,160,0,0,2021,11,48,334,30,2,7,1014.2,0,0.4,0,73,-4.3,-1.8,3.2,0.8,6.4,-0.6,-0.2,-0.8,-3,0,0,0,0,0,0.03,0.191,0,93.5,0,-1.7,0,1,7,7,0,0,0,"2021_11_30_7"
0.53,1.049,1326,169,600,180,2021,11,48,334,30,2,7,1014.5,-0.5,-0.2,-0.7,81,-3.4,-1.7,4.8,1.21,9.7,-2.1,-0.7,-2.2,-4.4,0,0,0,0,0,0,0.196,0,94.2,0,-2.2,0,3,6,5,0,0,0,"2021_11_30_7"
0.649,-1.335,1660,9,2340,0,2021,11,48,334,30,2,8,1015.1,-0.2,-0.2,-0.6,82,-2.9,-1.3,3.2,0.8,9.7,-0.8,-0.4,-1,-3,0,0,10,0.22,12,0,0.193,0,93.9,1,-1.9,0,5,6,5,0,0,0,"2021_11_30_8"
1.708,0.292,1072,14,1740,0,2021,11,48,334,30,2,8,1015.1,0.1,0.1,-0.2,79,-3.2,-1.3,9.7,2.41,14.5,-3.1,-0.1,-3.3,-5.2,0,0,22,0.47,32,0,0.19,0,92.9,1,-0.8,0,7,6,5,0,0,0,"2021_11_30_8"
3.38,3.38,747,160,0,0,2021,11,48,334,30,2,9,1015.9,0.6,0.6,0.4,76,-3.2,-1,6.4,1.61,11.3,-1.5,0.3,-1.7,-1.9,0,0,54,1.16,139,0.03,0.185,0,93.3,6,0.1,0,1,7,6,0,0,0,"2021_11_30_9"
8.897,9.731,1326,169,600,180,2021,11,48,334,30,2,9,1015.9,1.7,1.7,1.2,76,-2.1,0,4.8,1.21,9.7,0.4,1.5,0.2,2.5,0,0,191,4.11,211,0,0.174,0,90,6,3.8,0,3,8,6,0,0,0,"2021_11_30_9"
11.388,8.619,1660,9,2340,0,2021,11,48,334,30,2,10,1015.8,3.1,3.1,2.4,72,-1.5,0.9,6.4,1.61,12.9,1.4,2.8,1.1,4.5,0,0,265,5.7,278,0.08,0.159,0,84.9,6,7.7,0,5,6,5,0,0,0,"2021_11_30_10"
13.557,10.365,1072,14,1740,0,2021,11,48,334,30,2,10,1015.6,4.6,4.6,3.9,67,-1,1.8,8,2.01,14.5,2.6,4.2,2.2,6.2,0,0,314,6.75,329,0,0.144,0,80.8,6,11.1,0,7,6,6,0,0,0,"2021_11_30_10"
16.874,16.874,747,160,0,0,2021,11,48,334,30,2,11,1015.5,6.3,6.3,5.3,65,0.2,3.2,8,2.01,14.5,4.6,5.9,4.2,8.6,0,0,357,7.68,367,0.15,0.126,0,72.5,16,13.2,0,1,7,5,0,0,0,"2021_11_30_11"
16.941,18.384,1326,169,600,180,2021,11,48,334,30,2,11,1015,6.7,6.8,6.7,67,1,3.7,12.9,3.22,20.9,4.1,6.3,3.7,8,0,0,386,8.3,392,0,0.122,0,66.2,16,14.7,0,3,6,5,0,0,0,"2021_11_30_11"
15.443,15.351,1660,9,2340,0,2021,11,48,334,30,2,12,1014.7,7.3,7.3,7,65,1.2,4.1,16.1,4.02,25.7,4.3,6.9,3.9,7.9,0,0,404,8.69,408,0.2,0.115,0,56.3,15,13.8,0,5,6,5,0,0,0,"2021_11_30_12"
15.968,15.728,1072,14,1740,0,2021,11,48,334,30,2,12,1014.1,7.8,7.8,7.4,57,-0.2,3.5,16.1,4.02,24.1,4.8,7.3,4.3,8.3,0,0,410,8.82,411,0,0.11,0,49.3,15,14.1,0,7,6,5,0,0,0,"2021_11_30_12"
15.927,15.927,747,160,0,0,2021,11,48,334,30,2,13,1013.5,8.2,8.2,7.6,54,-0.6,3.4,16.1,4.02,25.7,5.3,7.6,4.7,8.7,0,0,398,8.56,404,0.23,0.106,0,50.1,16,14.7,0,1,6,6,0,0,0,"2021_11_30_13"
14.291,15.484,1326,169,600,180,2021,11,48,334,30,2,13,1013.2,8.1,8.4,8.1,56,-0.2,3.7,17.7,4.43,27.4,4.9,7.6,4.4,8.2,0,0,374,8.05,383,0,0.106,0,52.8,16,13.1,0,3,6,4,0,0,0,"2021_11_30_13"
13.105,13.168,1660,9,2340,0,2021,11,48,334,30,2,14,1012.7,7.7,7.9,7.6,62,0.8,4,17.7,4.43,25.7,4.4,7.2,4,7.6,0,0,338,7.27,353,0.23,0.111,0,56.1,10,11.8,0,5,6,5,0,0,0,"2021_11_30_14"
11.812,12.966,1072,14,1740,0,2021,11,48,334,30,2,14,1012.8,8.3,8.3,8,58,0.5,4.1,16.1,4.02,24.1,5.4,7.8,4.9,8.3,0,0,293,6.3,327,0,0.105,0,55.2,10,11.1,0,7,6,5,0,0,0,"2021_11_30_14"
11.417,11.417,747,160,0,0,2021,11,48,334,30,2,15,1012.7,8.7,8.7,8.2,56,0.4,4.2,11.3,2.82,16.1,6.9,8.2,6.4,9.4,0,0,218,4.69,241,0.18,0.1,0,59.9,6,10.2,0,1,5,4,0,0,0,"2021_11_30_15"
10.075,10.224,1326,169,600,180,2021,11,48,334,30,2,15,1011.8,8.9,9.4,8.9,57,0.9,4.5,11.3,2.82,17.7,7.2,8.4,6.7,8.5,0,0,147,3.16,213,0,0.098,0,60.2,6,9.3,0,3,5,4,0,0,0,"2021_11_30_15"
8.539,8.441,1660,9,2340,0,2021,11,48,334,30,2,16,1012,8.6,8.7,8.6,55,0.1,3.9,8,2.01,14.5,7.4,8.1,6.8,7.4,0,0,85,1.83,113,0.1,0.101,0,64.3,2,7.4,0,5,6,5,0,0,0,"2021_11_30_16"
6.049,5.362,1072,14,1740,0,2021,11,48,334,30,2,16,1011.4,7.9,8.6,7.9,48,-2.4,2.4,6.4,1.61,12.9,7,7.3,6.3,4.3,0,0,7,0.15,11,0,0.108,0,74.7,2,4.8,0,7,6,6,0,0,0,"2021_11_30_16"
4.799,4.799,747,160,0,0,2021,11,48,334,30,2,17,1011.7,6.3,7,6.3,61,-0.6,2.8,9.7,2.41,16.1,4.3,5.9,3.9,1.9,0,0,0,0,0,0.05,0.125,0,78.5,0,3.3,0,1,6,4,0,0,0,"2021_11_30_17"
4.179,4.597,1326,169,600,180,2021,11,48,334,30,2,17,1011.8,5.6,5.9,5.6,66,-0.3,2.6,6.4,1.61,12.9,4.2,5.2,3.9,1.9,0,0,0,0,0,0,0.133,0,85,0,2.5,0,3,6,5,0,0,0,"2021_11_30_17"
3.999,3.125,1660,9,2340,0,2021,11,48,334,30,2,18,1011.8,5.4,5.5,5.4,64,-0.8,2.3,8,2.01,12.9,3.7,5,3.3,1.2,0,0,0,0,0,0.05,0.134,0,89.8,0,2.1,0,5,6,5,0,0,0,"2021_11_30_18"
3.681,2.815,1072,14,1740,0,2021,11,48,334,30,2,18,1011.6,5.2,5.4,5.1,63,-1.3,2,8,2.01,14.5,3.4,4.8,3,0.9,0,0,0,0,0,0,0.137,0,91.4,0,1.7,0,7,8,6,0,0,0,"2021_11_30_18"
3.992,3.992,747,160,0,0,2021,11,48,334,30,2,19,1011.6,5.3,5.7,5.3,62,-1.4,2,11.3,2.82,19.3,2.8,4.9,2.4,0.4,0,0,0,0,0,0.05,0.135,0,90,0,2,0,1,6,5,0,0,0,"2021_11_30_19"
3.976,4.343,1326,169,600,180,2021,11,48,334,30,2,19,1011.3,5.2,5.3,5.2,61,-1.7,1.8,14.5,3.62,20.9,2.1,4.8,1.6,-0.2,0,0,0,0,0,0,0.137,0,85.5,0,2.1,0,3,7,6,0,0,0,"2021_11_30_19"
3.817,3.335,1660,9,2340,0,2021,11,48,334,30,2,20,1011.2,5.2,5.2,5.1,60,-2,1.6,11.3,2.82,19.3,2.6,4.7,2.2,0.2,0,0,0,0,0,0.05,0.137,0,84.2,0,2,0,5,7,6,0,0,0,"2021_11_30_20"
3.325,3.065,1072,14,1740,0,2021,11,48,334,30,2,20,1011.2,4.8,5,4.8,62,-1.8,1.6,8,2.01,16.1,2.9,4.4,2.5,0.5,0,0,0,0,0,0,0.141,0,84.6,0,1.6,0,7,6,5,0,0,0,"2021_11_30_20"
2.618,2.618,747,160,0,0,2021,11,48,334,30,2,21,1011.1,4.1,4.2,4.1,66,-1.7,1.3,6.4,1.61,12.9,2.6,3.7,2.2,0.1,0,0,0,0,0,0.03,0.148,0,91.6,0,0.5,0,1,6,4,0,0,0,"2021_11_30_21"
4.136,4.18,1326,169,600,180,2021,11,48,334,30,2,21,1011.7,7.1,7.2,5.4,56,-1.1,2.8,11.3,2.82,25.7,5,6.6,4.4,2.4,0,0,0,0,0,0,0.117,0,89.6,0,1.9,0,3,8,7,0,0,0,"2021_11_30_21"
2.535,1.493,1660,9,2340,0,2021,11,48,334,30,2,22,1011.5,3.5,5.8,3.5,70,-1.5,1.2,1.6,0.4,6.4,3.5,3.2,3.2,1.1,0,0,0,0,0,0.05,0.155,0,93.7,0,0.8,0,5,12,0,0,0,0,"2021_11_30_22"
2.291,0.805,1072,14,1740,0,2021,11,48,334,30,2,22,1012,2.2,2.2,2.1,78,-1.2,0.7,1.6,0.4,4.8,2.2,2,2,0,0,0,0,0,0,0,0.168,0,96.2,0,0.2,0,7,3,0,0,0,0,"2021_11_30_22"
2.18,2.18,747,160,0,0,2021,11,48,334,30,2,23,1012.2,2.2,2.3,2.1,77,-1.4,0.6,3.2,0.8,8,1.9,2,1.7,-0.4,0,0,0,0,0,0.03,0.168,0,97.3,0,0,0,1,12,10,0,0,0,"2021_11_30_23"
2.531,2.888,1326,169,600,180,2021,11,48,334,30,2,23,1012.4,1.6,1.9,1.6,81,-1.4,0.3,3.2,0.8,6.4,1.1,1.4,1,-1.1,0,0,0,0,0,0,0.175,0,97.2,0,0.6,0,3,4,0,0,0,0,"2021_11_30_23"
2.062,0.656,1660,9,2340,0,2021,12,48,335,1,3,0,1012.3,0.9,1.2,0.9,83,-1.7,-0.2,3.2,0.8,6.4,0.4,0.7,0.2,-1.8,0,0,0,0,0,0.03,0.182,0,98.2,0,-0.1,0,5,13,11,0,0,0,"2021_12_1_0"
1.978,0.811,1072,14,1740,0,2021,12,48,335,1,3,0,1012.2,1.1,1.8,1.1,82,-1.6,-0.1,3.2,0.8,6.4,0.6,0.9,0.4,-1.6,0,0,0,0,0,0,0.179,0,98,0,-0.1,0,7,4,0,0,0,0,"2021_12_1_0"
1.646,1.646,747,160,0,0,2021,12,48,335,1,3,1,1012.1,0.7,0.7,0.6,85,-1.6,-0.3,3.2,0.8,4.8,0.2,0.5,0,-2,0,0,0,0,0,0,0.184,0,96.5,0,-0.6,0,1,3,13,0,0,0,"2021_12_1_1"
2.175,2.446,1326,169,600,180,2021,12,48,335,1,3,1,1012,1.1,1.1,0.8,83,-1.5,-0.1,3.2,0.8,8,0.6,0.9,0.4,-1.6,0,0,0,0,0,0,0.18,0,97.8,0,-0.1,0,3,0,13,0,0,0,"2021_12_1_1"
1.079,-0.515,1660,9,2340,0,2021,12,48,335,1,3,2,1012,0.9,1.1,0.9,82,-1.8,-0.2,0,0,3.2,0.9,0.8,0.8,-1.3,0,0,0,0,0,0,0.181,0,96.3,0,-1.1,0,5,9,13,0,0,0,"2021_12_1_2"
0.759,-0.324,1072,14,1740,0,2021,12,48,335,1,3,2,1012,0.9,1.1,0.9,80,-2.2,-0.4,1.6,0.4,4.8,0.9,0.7,0.7,-1.4,0,0,0,0,0,0,0.182,0,96.1,0,-1.2,0,7,11,12,0,0,0,"2021_12_1_2"
1.313,1.313,747,160,0,0,2021,12,48,335,1,3,3,1011.7,-0.2,0.1,-0.2,85,-2.4,-1.1,1.6,0.4,4.8,-0.2,-0.3,-0.3,-2.4,0,0,0,0,0,0,0.193,0,95.6,0,-0.9,0,1,11,12,0,0,0,"2021_12_1_3"
0.883,1.493,1326,169,600,180,2021,12,48,335,1,3,3,1011.6,-0.6,-0.3,-0.6,85,-2.8,-1.5,1.6,0.4,3.2,-0.6,-0.7,-0.7,-2.7,0,0,0,0,0,0,0.197,0,95.9,0,-1.5,0,3,11,12,0,0,0,"2021_12_1_3"
1.503,-0.001,1660,9,2340,0,2021,12,48,335,1,3,4,1011.4,-0.8,-0.6,-0.8,86,-2.8,-1.6,0,0,3.2,-0.8,-0.9,-0.9,-3,0,0,0,0,0,0,0.199,0,98.6,0,-0.7,0,5,9,11,0,0,0,"2021_12_1_4"
1.422,-0.074,1072,14,1740,0,2021,12,48,335,1,3,4,1011.8,-0.9,-0.9,-1,88,-2.7,-1.6,0,0,1.6,-0.9,-1.1,-1.1,-3.1,0,0,0,0,0,0,0.201,0,98,0,-0.7,0,7,9,10,0,0,0,"2021_12_1_4"
0.97,0.97,747,160,0,0,2021,12,48,335,1,3,5,1011.7,-0.6,-0.4,-0.6,86,-2.6,-1.4,1.6,0.4,4.8,-0.6,-0.7,-0.7,-2.7,0,0,0,0,0,0,0.197,0,97.7,0,-1.2,0,1,12,0,0,0,0,"2021_12_1_5"
1.379,1.825,1326,169,600,180,2021,12,48,335,1,3,5,1011.6,-0.7,-0.5,-0.7,87,-2.6,-1.5,1.6,0.4,4.8,-0.7,-0.8,-0.8,-2.9,0,0,0,0,0,0,0.198,0,99,0,-0.8,0,3,12,11,0,0,0,"2021_12_1_5"
1.605,-0.053,1660,9,2340,0,2021,12,48,335,1,3,6,1011.8,-0.9,-0.8,-1,88,-2.6,-1.6,3.2,0.8,4.8,-1.5,-1,-1.7,-3.7,0,0,0,0,0,0,0.2,0,99.4,0,-0.8,0,5,16,16,0,0,0,"2021_12_1_6"
0.97,-0.399,1072,14,1740,0,2021,12,48,335,1,3,6,1011.9,-0.9,-0.8,-1,88,-2.6,-1.6,1.6,0.4,4.8,-0.9,-1,-1,-3.1,0,0,0,0,0,0,0.2,0,98.7,0,-1.3,0,7,12,11,0,0,0,"2021_12_1_6"
0.823,0.823,747,160,0,0,2021,12,48,335,1,3,7,1011.9,-0.6,-0.6,-0.7,87,-2.5,-1.4,1.6,0.4,4.8,-0.6,-0.7,-0.7,-2.8,0,0,0,0,0,0,0.197,0,98.6,0,-1.2,0,1,15,15,0,0,0,"2021_12_1_7"
0.812,1.493,1326,169,600,180,2021,12,48,335,1,3,7,1012,-1.1,-0.8,-1.1,88,-2.8,-1.7,0,0,1.6,-1.1,-1.2,-1.2,-3.3,0,0,0,0,0,0,0.202,0,97.8,0,-1.5,0,3,9,0,0,0,0,"2021_12_1_7"
1.257,-0.566,1660,9,2340,0,2021,12,48,335,1,3,8,1012.4,-0.7,-0.7,-1.2,89,-2.3,-1.4,3.2,0.8,9.7,-1.4,-0.8,-1.5,-3.4,0,0,10,0.22,14,0,0.198,0,99.4,0,-1.4,0,5,16,11,0,0,0,"2021_12_1_8"
2.813,1.547,1072,14,1740,0,2021,12,48,335,1,3,8,1012.4,0.3,0.4,0,84,-2.1,-0.7,3.2,0.8,6.4,-0.3,0.2,-0.4,-1.9,0,0,40,0.86,53,0,0.188,0,99.3,3,0.3,0,7,12,11,0,0,0,"2021_12_1_8"
5.219,5.219,747,160,0,0,2021,12,48,335,1,3,9,1012.6,0.8,0.8,0.4,86,-1.2,-0.1,0,0,3.2,0.8,0.7,0.7,1.5,0,0,102,2.19,118,0.03,0.182,0,97.2,3,2.3,0,1,9,15,0,0,0,"2021_12_1_9"
8.093,9.808,1326,169,600,180,2021,12,48,335,1,3,9,1012.4,2.3,2.3,1.5,82,-0.5,1,1.6,0.4,4.8,2.3,2.1,2.1,4.4,0,0,175,3.76,192,0,0.167,0,94.1,3,5.9,0,3,4,0,0,0,0,"2021_12_1_9"
9.403,8.619,1660,9,2340,0,2021,12,48,335,1,3,10,1012.2,4.4,4.4,2.8,79,1.1,2.8,3.2,0.8,6.4,4.3,4.3,4.1,7.5,0,0,244,5.25,257,0.08,0.145,0,73.3,6,8.3,0,5,12,0,0,0,0,"2021_12_1_10"
12.847,11.569,1072,14,1740,0,2021,12,48,335,1,3,10,1012,6.6,6.6,5.7,68,1.1,3.7,4.8,1.21,11.3,5.9,6.2,5.6,9.6,0,0,295,6.35,306,0,0.123,0,71.8,6,11,0,7,12,0,0,0,0,"2021_12_1_10"
16.516,16.516,747,160,0,0,2021,12,48,335,1,3,11,1011.6,8.1,8.2,7.4,61,1,4.3,9.7,2.41,16.1,6.5,7.7,6,10.3,0,0,346,7.44,374,0.15,0.106,0,70.3,18,13.8,0,1,12,11,0,0,0,"2021_12_1_11"
16.487,17.388,1326,169,600,180,2021,12,48,335,1,3,11,1011.1,8.8,8.9,8.8,55,0.3,4.1,12.9,3.22,20.9,6.7,8.3,6.1,10.4,0,0,364,7.83,371,0,0.099,0,54.5,18,14.7,0,3,12,12,0,0,0,"2021_12_1_11"
14.865,13.481,1660,9,2340,0,2021,12,48,335,1,3,12,1010.7,9.5,9.5,9.3,56,1.1,4.8,11.3,2.82,20.9,7.8,9,7.3,11.9,0,0,381,8.2,385,0.23,0.092,0,49.4,15,14.4,0,5,13,11,0,0,0,"2021_12_1_12"
15.208,12.752,1072,14,1740,0,2021,12,48,335,1,3,12,1010.4,9.6,9.6,9.3,56,1.3,4.9,11.3,2.82,20.9,8,9.1,7.4,12.1,0,0,385,8.28,388,0,0.091,0,47.8,15,15.4,0,7,12,0,0,0,0,"2021_12_1_12"
15.634,15.634,747,160,0,0,2021,12,48,335,1,3,13,1009.6,9.7,9.8,9.6,54,0.8,4.7,12.9,3.22,20.9,7.7,9.1,7.1,11.5,0,0,377,8.11,381,0.23,0.09,0,52.5,15,15.9,0,1,12,11,0,0,0,"2021_12_1_13"
15.542,15.886,1326,169,600,180,2021,12,48,335,1,3,13,1009.1,9.8,9.8,9.6,56,1.4,5,12.9,3.22,19.3,7.8,9.2,7.3,11.5,0,0,355,7.64,364,0,0.089,0,51.2,15,14.9,0,3,12,11,0,0,0,"2021_12_1_13"
11.599,11.196,1660,9,2340,0,2021,12,48,335,1,3,14,1008.3,9.6,9.7,9.5,55,0.9,4.7,9.7,2.41,17.7,8.2,9,7.6,10.1,0,0,193,4.15,478,0.2,0.091,0,54.2,5,11.6,0,5,12,0,0,0,0,"2021_12_1_14"
10.566,10.038,1072,14,1740,0,2021,12,48,335,1,3,14,1008,9.1,9.2,9.1,61,1.9,5.1,8,2.01,17.7,7.9,8.6,7.5,7.9,0,0,77,1.66,86,0,0.097,0,57.8,5,9.6,0,7,13,11,0,0,0,"2021_12_1_14"
9.518,9.518,747,160,0,0,2021,12,48,335,1,3,15,1007.7,8.6,8.9,8.6,62,1.7,4.8,8,2.01,14.5,7.4,8.2,7,6.6,0,0,42,0.9,46,0.08,0.101,0,62.9,2,8.5,0,1,13,10,0,0,0,"2021_12_1_15"
9.194,9.404,1326,169,600,180,2021,12,48,335,1,3,15,1007.2,8,8.3,7.9,66,2,4.8,8,2.01,14.5,6.7,7.6,6.3,5.3,0,0,16,0.34,19,0,0.108,0,72.6,2,8.1,0,3,13,10,0,0,0,"2021_12_1_15"
8.416,8.392,1660,9,2340,0,2021,12,48,335,1,3,16,1007,7.7,7.8,7.6,69,2.3,4.8,8,2.01,14.5,6.3,7.4,6,4.8,0,0,9,0.19,12,0.03,0.111,0,78.1,0,7.6,0,5,13,10,0,0,0,"2021_12_1_16"
7.676,7.591,1072,14,1740,0,2021,12,48,335,1,3,16,1006.4,7.2,7.5,7.2,73,2.7,4.8,4.8,1.21,11.3,6.7,7,6.4,4.8,0,0,0,0,0,0,0.116,0,86.1,0,6.9,0,7,13,10,0,0,0,"2021_12_1_16"
7.283,7.283,747,160,0,0,2021,12,48,335,1,3,17,1006,6.3,6.8,6.3,82,3.5,4.9,4.8,1.21,9.7,5.7,6.2,5.6,4,0.2,0,0,0,0,0.03,0.125,0,96.3,0,6.2,0,1,12,11,0,0,0,"2021_12_1_17"
7.14,7.44,1326,169,600,180,2021,12,48,335,1,3,17,1006,6,6.1,5.9,84,3.5,4.7,3.2,0.8,6.4,6,5.9,5.9,4.3,0,0,0,0,0,0,0.128,0,100,0,6.1,0,3,13,11,0,0,0,"2021_12_1_17"
7.091,6.941,1660,9,2340,0,2021,12,48,335,1,3,18,1005.8,5.9,5.9,5.8,85,3.6,4.7,1.6,0.4,4.8,5.9,5.8,5.8,4.2,0,0,0,0,0,0,0.13,0,100,0,6.1,0,5,11,12,0,0,0,"2021_12_1_18"
7.044,6.579,1072,14,1740,0,2021,12,48,335,1,3,18,1005.5,5.7,5.8,5.7,86,3.5,4.6,1.6,0.4,3.2,5.7,5.6,5.6,4,0,0,0,0,0,0,0.132,0,100,0,5.9,0,7,13,10,0,0,0,"2021_12_1_18"
6.974,6.974,747,160,0,0,2021,12,48,335,1,3,19,1005.2,5.7,5.7,5.6,87,3.7,4.7,3.2,0.8,4.8,5.7,5.7,5.7,4.1,0.2,0,0,0,0,0,0.131,0,100,0,6,0,1,11,9,0,0,0,"2021_12_1_19"
6.936,7.195,1326,169,600,180,2021,12,48,335,1,3,19,1005,5.5,5.6,5.5,89,3.8,4.7,1.6,0.4,3.2,5.5,5.5,5.5,3.9,0,0,0,0,0,0,0.134,0,100,0,5.9,0,3,13,10,0,0,0,"2021_12_1_19"
7.097,6.595,1660,9,2340,0,2021,12,48,335,1,3,20,1005,5.5,5.5,5.4,90,4,4.7,1.6,0.4,3.2,5.5,5.5,5.5,3.9,0,0,0,0,0,0,0.134,0,100,0,5.8,0,5,10,12,0,0,0,"2021_12_1_20"
7.118,6.596,1072,14,1740,0,2021,12,48,335,1,3,20,1004.7,5.6,5.6,5.4,90,4,4.8,1.6,0.4,3.2,5.6,5.6,5.6,4,0,0,0,0,0,0,0.133,0,100,0,5.9,0,7,13,9,0,0,0,"2021_12_1_20"
6.965,6.965,747,160,0,0,2021,12,48,335,1,3,21,1004.4,5.6,5.6,5.6,90,4.1,4.8,1.6,0.4,3.2,5.6,5.6,5.6,4,0,0,0,0,0,0,0.133,0,100,0,5.9,0,1,10,9,0,0,0,"2021_12_1_21"
7.349,7.567,1326,169,600,180,2021,12,48,335,1,3,21,1003.8,5.6,5.7,5.6,91,4.3,4.9,0,0,1.6,5.6,5.6,5.6,4,0.2,0,0,0,0,0,0.133,0,100,0,6,0,3,9,9,0,0,0,"2021_12_1_21"
7.269,6.838,1660,9,2340,0,2021,12,48,335,1,3,22,1003.3,5.5,5.6,5.5,92,4.3,4.9,1.6,0.4,3.2,5.5,5.5,5.5,3.9,0.2,0,0,0,0,0,0.134,0,100,0,6,0,5,4,12,0,0,0,"2021_12_1_22"
7.089,6.832,1072,14,1740,0,2021,12,48,335,1,3,22,1003,5.8,5.8,5.8,92,4.6,5.2,3.2,0.8,4.8,5.8,5.8,5.8,4.2,0.2,0,0,0,0,0,0.131,0,100,0,6,0,7,4,11,0,0,0,"2021_12_1_22"
6.897,6.897,747,160,0,0,2021,12,48,335,1,3,23,1002.8,5.8,5.8,5.6,90,4.3,5,3.2,0.8,9.7,5.8,5.8,5.8,4.2,0,0,0,0,0,0,0.131,0,100,0,5.9,0,1,13,9,0,0,0,"2021_12_1_23"
6.919,7.294,1326,169,600,180,2021,12,48,335,1,3,23,1002.7,5.8,5.9,5.8,90,4.3,5,3.2,0.8,6.4,5.8,5.8,5.8,4.2,0.2,0,0,0,0,0,0.131,0,100,0,5.9,0,3,13,11,0,0,0,"2021_12_1_23"
7.121,6.864,1660,9,2340,0,2021,12,48,336,2,4,0,1002.5,5.7,5.8,5.7,91,4.4,5,0,0,1.6,5.7,5.7,5.7,4.1,0.2,0,0,0,0,0,0.131,0,100,0,6,0,5,9,10,0,0,0,"2021_12_2_0"
7.141,6.799,1072,14,1740,0,2021,12,48,336,2,4,0,1002,5.8,5.8,5.7,93,4.7,5.2,0,0,3.2,5.8,5.8,5.8,4.2,0,0,0,0,0,0,0.131,0,100,0,6,0,7,9,9,0,0,0,"2021_12_2_0"
7.223,7.223,747,160,0,0,2021,12,48,336,2,4,1,1001.6,5.6,5.7,5.6,94,4.7,5.2,0,0,1.6,5.6,5.7,5.7,4.1,0.2,0,0,0,0,0,0.133,0,100,0,6,0,1,9,10,0,0,0,"2021_12_2_1"
7.327,7.506,1326,169,600,180,2021,12,48,336,2,4,1,1001.4,5.6,5.6,5.6,95,4.9,5.2,0,0,3.2,5.6,5.7,5.7,4.1,0.4,2.2,0,0,0,0,0.133,0,100,0,5.9,0,3,9,10,0,0,0,"2021_12_2_1"
7.233,6.762,1660,9,2340,0,2021,12,48,336,2,4,2,1001.4,5.5,5.6,5.4,95,4.8,5.1,1.6,0.4,4.8,5.5,5.6,5.6,4,0.4,1.8,0,0,0,0,0.134,0,100,0,5.9,0,5,4,4,0,0,0,"2021_12_2_2"
7.377,6.449,1072,14,1740,0,2021,12,48,336,2,4,2,1001.2,5.4,5.5,5.4,95,4.7,5,0,0,1.6,5.4,5.4,5.4,3.9,0.2,1,0,0,0,0,0.135,0,100,0,5.8,0,7,9,4,0,0,0,"2021_12_2_2"
7.341,7.341,747,160,0,0,2021,12,48,336,2,4,3,1000.9,5.4,5.4,5.3,96,4.9,5.1,1.6,0.4,4.8,5.4,5.5,5.5,3.9,0,0,0,0,0,0,0.134,0,100,0,5.8,0,1,5,4,0,0,0,"2021_12_2_3"
7.366,7.431,1326,169,600,180,2021,12,48,336,2,4,3,1000.7,5.5,5.5,5.4,96,4.9,5.2,3.2,0.8,4.8,5.5,5.6,5.5,4,0.4,1,0,0,0,0,0.134,0,100,0,5.8,0,3,2,2,0,0,0,"2021_12_2_3"
7.333,6.78,1660,9,2340,0,2021,12,48,336,2,4,4,1000.4,5.4,5.4,5.4,96,4.9,5.1,3.2,0.8,6.4,5.4,5.5,5.5,3.9,0.2,1.2,0,0,0,0,0.134,0,100,0,5.8,0,5,1,1,0,0,0,"2021_12_2_4"
7.329,6.377,1072,14,1740,0,2021,12,48,336,2,4,4,1000,5.4,5.4,5.4,96,4.9,5.1,4.8,1.21,6.4,4.7,5.5,4.7,3.2,0.2,1.2,0,0,0,0,0.134,0,100,0,5.8,0,7,1,3,0,0,0,"2021_12_2_4"
7.223,7.223,747,160,0,0,2021,12,48,336,2,4,5,999.9,5.4,5.4,5.4,97,5,5.2,4.8,1.21,8,4.7,5.5,4.7,3.2,0.2,1,0,0,0,0,0.134,0,100,0,5.6,0,1,1,3,0,0,0,"2021_12_2_5"
7.291,7.363,1326,169,600,180,2021,12,48,336,2,4,5,999.6,5.4,5.4,5.4,97,5,5.2,4.8,1.21,6.4,4.7,5.5,4.7,3.2,0.2,2,0,0,0,0,0.134,0,100,0,5.7,0,3,1,3,0,0,0,"2021_12_2_5"
7.384,6.701,1660,9,2340,0,2021,12,48,336,2,4,6,999.4,5.5,5.5,5.4,97,5.1,5.3,3.2,0.8,4.8,5.5,5.6,5.6,4,0.2,1.8,0,0,0,0,0.134,0,100,0,5.7,0,5,5,4,0,0,0,"2021_12_2_6"
7.225,6.471,1072,14,1740,0,2021,12,48,336,2,4,6,999.4,5.6,5.6,5.5,97,5.1,5.3,3.2,0.8,9.7,5.5,5.6,5.6,4.1,0.4,2.4,0,0,0,0,0.133,0,100,0,5.6,0,7,6,5,0,0,0,"2021_12_2_6"
7.266,7.266,747,160,0,0,2021,12,48,336,2,4,7,999.2,5.6,5.6,5.6,97,5.1,5.3,3.2,0.8,4.8,5.5,5.6,5.6,4.1,0.2,1.2,0,0,0,0,0.133,0,100,0,5.6,0,1,6,5,0,0,0,"2021_12_2_7"
7.299,7.258,1326,169,600,180,2021,12,48,336,2,4,7,999.1,5.4,5.6,5.4,97,5,5.2,1.6,0.4,4.8,5.4,5.5,5.5,4,0.2,0,0,0,0,0,0.134,0,100,0,5.7,0,3,6,4,0,0,0,"2021_12_2_7"
7.373,6.698,1660,9,2340,0,2021,12,48,336,2,4,8,999,5.5,5.6,5.5,97,5.1,5.3,3.2,0.8,6.4,5.5,5.6,5.6,4,0,0,0,0,0,0,0.134,0,100,0,5.7,0,5,5,4,0,0,0,"2021_12_2_8"
7.787,6.864,1072,14,1740,0,2021,12,48,336,2,4,8,998.9,5.5,5.5,5.4,97,5.1,5.3,4.8,1.21,8,4.7,5.6,4.8,3.5,0,0,15,0.32,19,0,0.134,0,100,0,6,0,7,5,4,0,0,0,"2021_12_2_8"
8.905,8.905,747,160,0,0,2021,12,48,336,2,4,9,998.9,5.7,5.7,5.5,97,5.2,5.4,6.4,1.61,11.3,4.4,5.7,4.4,4.3,0,0,41,0.88,53,0,0.132,0,100,3,6.8,0,1,6,5,0,0,0,"2021_12_2_9"
9.112,9.635,1326,169,600,180,2021,12,48,336,2,4,9,999,5.8,5.8,5.7,97,5.3,5.6,6.4,1.61,12.9,4.5,5.9,4.6,5.1,0,0,72,1.55,77,0,0.131,0,100,3,7.1,0,3,5,4,0,0,0,"2021_12_2_9"
10.224,9.689,1660,9,2340,0,2021,12,48,336,2,4,10,999.1,6,6,5.8,97,5.6,5.8,6.4,1.61,14.5,4.8,6.1,4.8,5.6,0,0,85,1.83,91,0.03,0.128,0,100,4,8.1,0,5,6,5,0,0,0,"2021_12_2_10"
10.87,10.478,1072,14,1740,0,2021,12,48,336,2,4,10,999.1,6.3,6.3,6.1,97,5.8,6.1,4.8,1.21,9.7,5.6,6.4,5.7,6.6,0,0,93,2,104,0,0.126,0,100,4,9.2,0,7,6,5,0,0,0,"2021_12_2_10"
11.699,11.699,747,160,0,0,2021,12,48,336,2,4,11,998.7,6.6,6.7,6.4,95,5.9,6.2,8,2.01,12.9,5,6.7,5.1,6,0,0,100,2.15,120,0.05,0.122,0,100,5,10.3,0,1,6,5,0,0,0,"2021_12_2_11"
11.317,12.477,1326,169,600,180,2021,12,48,336,2,4,11,998.1,6.8,6.8,6.7,95,6.1,6.4,4.8,1.21,12.9,6.2,6.9,6.3,7.3,0,0,106,2.28,128,0,0.12,0,100,5,10.7,0,3,7,7,0,0,0,"2021_12_2_11"
12.766,14.038,1660,9,2340,0,2021,12,48,336,2,4,12,997.6,7.1,7.2,7,94,6.2,6.6,4.8,1.21,11.3,6.5,7.2,6.6,8.4,0,0,156,3.36,169,0.05,0.117,0,97.1,7,12.3,0,5,7,6,0,0,0,"2021_12_2_12"
12.736,11.99,1072,14,1740,0,2021,12,48,336,2,4,12,997.4,7.1,7.2,7.1,93,6.1,6.6,6.4,1.61,11.3,6,7.2,6.1,7.4,0,0,124,2.67,130,0,0.117,0,97.6,7,11.2,0,7,6,5,0,0,0,"2021_12_2_12"
11.595,11.595,747,160,0,0,2021,12,48,336,2,4,13,997,7.3,7.4,7.2,92,6.1,6.7,4.8,1.21,11.3,6.8,7.4,6.9,7.4,0,0,85,1.83,95,0.05,0.115,0,94.6,4,10.3,0,1,6,5,0,0,0,"2021_12_2_13"
12.435,12.98,1326,169,600,180,2021,12,48,336,2,4,13,996.6,7.6,7.6,7.4,92,6.4,7,3.2,0.8,6.4,7.6,7.7,7.7,8.4,0,0,94,2.02,111,0,0.112,0,99.3,4,10.6,0,3,6,5,0,0,0,"2021_12_2_13"
11.671,11.678,1660,9,2340,0,2021,12,48,336,2,4,14,996.1,7.8,7.8,7.7,92,6.6,7.1,3.2,0.8,6.4,7.8,7.9,7.9,8.1,0,0,69,1.48,81,0.05,0.11,0,99,2,10.8,0,5,2,2,0,0,0,"2021_12_2_14"
10.413,10.363,1072,14,1740,0,2021,12,48,336,2,4,14,995.9,7.7,7.7,7.6,92,6.4,7,3.2,0.8,6.4,7.7,7.8,7.8,7.5,0,0,42,0.9,51,0,0.111,0,100,2,9.8,0,7,0,13,0,0,0,"2021_12_2_14"
9.33,9.33,747,160,0,0,2021,12,48,336,2,4,15,995.8,7.4,7.5,7.4,92,6.2,6.8,4.8,1.21,6.4,6.9,7.5,7,6.1,0,0,16,0.34,26,0.03,0.113,0,100,0,8.5,0,1,2,2,0,0,0,"2021_12_2_15"
9.216,9.549,1326,169,600,180,2021,12,48,336,2,4,15,995.7,7.2,7.3,7.2,93,6.1,6.6,6.4,1.61,9.7,6.1,7.3,6.2,5.2,0,0,13,0.28,18,0,0.116,0,100,0,8.2,0,3,0,1,0,0,0,"2021_12_2_15"
8.726,8.504,1660,9,2340,0,2021,12,48,336,2,4,16,995.7,6.9,7.1,6.9,93,5.9,6.4,4.8,1.21,9.7,6.4,7,6.5,5.3,0,0,5,0.11,9,0,0.119,0,100,0,7.4,0,5,2,2,0,0,0,"2021_12_2_16"
16.363,17.974,1326,191,794,221,2021,12,50,349,15,3,11,1028.2,8.8,8.8,8.3,76,4.8,6.6,3.2,0.8,4.8,8.8,8.6,8.6,13,0,0,339,7.29,360,0,0.1,0,72.5,12,15.5,0,4,6,5,0,0,0,"2021_12_15_11"
17.68,17.821,1660,351,2397,347,2021,12,50,349,15,3,12,1027.6,9.4,9.4,9.2,77,5.6,7.3,3.2,0.8,9.7,9.4,9.3,9.3,13.8,0,0,346,7.44,376,0,0.093,0,72.4,17,16.5,0,6,6,5,0,0,0,"2021_12_15_12"
16.292,17.182,1072,346,1816,343,2021,12,50,349,15,3,12,1027.4,9.6,9.7,9.6,76,5.6,7.4,4.8,1.21,11.3,9.4,9.5,9.3,13.6,0,0,313,6.73,346,0,0.091,0,70.2,16,15.3,0,0,6,5,0,0,0,"2021_12_15_12"
15.44,16.356,747,200,520,270,2021,12,50,349,15,3,13,1027.8,9.8,9.8,9.8,75,5.6,7.5,6.4,1.61,11.3,9.2,9.7,9.1,13.4,0,0,321,6.91,341,0,0.089,0,71.1,13,14.5,0,2,5,4,0,0,0,"2021_12_15_13"
14.916,17.03,1326,191,794,221,2021,12,50,349,15,3,13,1027.5,10.1,10.1,9.8,74,5.6,7.6,6.4,1.61,11.3,9.4,9.9,9.3,13.4,0,0,298,6.41,315,0,0.086,0,72.1,10,14.1,0,4,5,4,0,0,0,"2021_12_15_13"
14.171,14.474,1660,351,2397,347,2021,12,50,349,15,3,14,1027.6,10.2,10.2,10.1,72,5.3,7.4,6.4,1.61,9.7,9.6,10,9.4,13.1,0,0,262,5.64,279,0,0.085,0,76.5,8,12.8,0,6,2,2,0,0,0,"2021_12_15_14"
13.218,13.927,1072,346,1816,343,2021,12,50,349,15,3,14,1027.3,10.3,10.3,10.2,74,5.8,7.8,4.8,1.21,8,10.1,10.1,9.9,13,0,0,225,4.84,246,0,0.084,0,81.4,5,12.2,0,0,1,2,0,0,0,"2021_12_15_14"
11.693,11.645,747,200,520,270,2021,12,50,349,15,3,15,1027,9.9,10.1,9.9,72,5.1,7.2,4.8,1.21,8,9.8,9.8,9.6,11.5,0,0,145,3.12,153,0,0.087,0,87.7,4,10.6,0,2,1,3,0,0,0,"2021_12_15_15"
9.834,10.009,1326,191,794,221,2021,12,50,349,15,3,15,1027,9.6,9.8,9.6,78,5.9,7.5,3.2,0.8,4.8,9.6,9.5,9.5,8.7,0,0,93,2,109,0,0.091,0,94.3,2,8.7,0,4,1,3,0,0,0,"2021_12_15_15"
6.77,6.065,1660,351,2397,347,2021,12,50,349,15,3,16,1027.3,8.9,9.2,8.8,76,4.9,6.7,1.6,0.4,4.8,8.9,8.7,8.7,7.2,0,0,38,0.82,49,0,0.098,0,97.9,0,5.5,0,6,1,4,0,0,0,"2021_12_15_16"
4.345,3.413,1072,346,1816,343,2021,12,50,349,15,3,16,1027.3,7.9,8.6,7.9,78,4.3,6,0,0,3.2,7.9,7.8,7.8,5.8,0,0,0,0,0,0,0.108,0,99.3,0,2.8,0,0,9,4,0,0,0,"2021_12_15_16"
3.65,3.617,747,200,520,270,2021,12,50,349,15,3,17,1027.8,6.7,7.2,6.7,84,4.2,5.4,1.6,0.4,3.2,6.7,6.6,6.6,4.6,0,0,0,0,0,0,0.122,0,100,0,1.8,0,2,6,5,0,0,0,"2021_12_15_17"
3.528,3.373,1326,191,794,221,2021,12,50,349,15,3,17,1028.5,5.9,6.2,5.9,88,4.1,5,3.2,0.8,6.4,5.9,5.9,5.9,3.9,0,0,0,0,0,0,0.129,0,100,0,1.5,0,4,7,6,0,0,0,"2021_12_15_17"
3.434,2.255,1660,351,2397,347,2021,12,50,349,15,3,18,1028.5,5.4,5.6,5.4,90,3.9,4.6,3.2,0.8,4.8,5.4,5.4,5.3,3.3,0,0,0,0,0,0,0.135,0,100,0,1.4,0,6,7,6,0,0,0,"2021_12_15_18"
3.11,1.971,1072,346,1816,343,2021,12,50,349,15,3,18,1028.2,4.9,5.3,4.9,91,3.6,4.3,3.2,0.8,4.8,4.9,4.9,4.8,2.8,0,0,0,0,0,0,0.139,0,100,0,1.1,0,0,7,6,0,0,0,"2021_12_15_18"
2.573,2.725,747,200,520,270,2021,12,50,349,15,3,19,1028.6,4.3,4.6,4.3,92,3.1,3.8,3.2,0.8,4.8,4.2,4.3,4.2,2.2,0,0,0,0,0,0,0.146,0,100,0,0.7,0,2,8,6,0,0,0,"2021_12_15_19"
2.047,2.049,1326,191,794,221,2021,12,50,349,15,3,19,1028.7,3.9,4.1,3.8,93,2.9,3.4,1.6,0.4,3.2,3.9,3.9,3.9,1.8,0,0,0,0,0,0,0.15,0,100,0,0.1,0,4,8,7,0,0,0,"2021_12_15_19"
1.686,0.392,1660,351,2397,347,2021,12,50,349,15,3,20,1028.6,3.3,3.7,3.3,93,2.3,2.9,0,0,3.2,3.3,3.3,3.3,1.3,0,0,0,0,0,0,0.156,0,100,0,-0.3,0,6,9,7,0,0,0,"2021_12_15_20"
1.182,0.202,1072,346,1816,343,2021,12,50,349,15,3,20,1029.1,3.2,3.3,3.1,95,2.5,2.9,1.6,0.4,3.2,3.2,3.2,3.2,1.2,0,0,0,0,0,0,0.157,0,100,0,-0.8,0,0,16,7,0,0,0,"2021_12_15_20"
1.129,1.096,747,200,520,270,2021,12,50,349,15,3,21,1029,2.3,3,2.3,94,1.5,1.9,0,0,3.2,2.3,2.3,2.3,0.2,0,0,0,0,0,0,0.167,0,100,0,-1,0,2,9,16,0,0,0,"2021_12_15_21"
0.591,0.499,1326,191,794,221,2021,12,50,349,15,3,21,1029,1.7,2.1,1.7,95,1,1.4,0,0,0,1.7,1.7,1.7,-0.4,0,0,0,0,0,0,0.174,0,100,0,-1.4,0,4,9,8,0,0,0,"2021_12_15_21"
1.563,0.635,1660,351,2397,347,2021,12,50,349,15,3,22,1029.2,1.4,1.7,1.4,95,0.7,1.1,1.6,0.4,3.2,1.4,1.4,1.4,-0.7,0,0,0,0,0,0,0.176,0,100,0,-0.4,0,6,16,16,0,0,0,"2021_12_15_22"
1.823,0.702,1660,351,2397,347,2021,12,50,350,16,4,22,1031.2,-0.4,-0.4,-0.4,98,-0.7,-0.6,1.6,0.4,4.8,-0.4,-0.5,-0.5,-2.3,0,0,0,0,0,0,0.196,0,100,0,-0.1,0,6,15,16,0,0,0,"2021_12_16_22"
4.312,3.449,1660,351,2397,347,2021,12,50,351,17,5,22,1027.8,1.6,1.6,1.4,99,1.4,1.5,3.2,0.8,6.4,1.1,1.6,1.2,-0.9,0,0,0,0,0,0,0.175,0,100,0,2.5,0,6,16,5,0,0,0,"2021_12_17_22"
3.158,2.232,1660,351,2397,347,2021,12,50,352,18,6,22,1030.2,0.3,0.3,0.2,99,0.2,0.3,4.8,1.21,9.7,-1.1,0.3,-1.1,-2.9,0,0,0,0,0,0,0.188,0,100,0,1.2,0,6,7,6,0,0,0,"2021_12_18_22"
8.506,8.291,1660,351,2397,347,2021,12,51,360,26,7,16,1006.5,5.8,5.8,5.7,98,5.5,5.6,0,0,3.2,5.8,5.9,5.9,4.4,0,0,9,0.19,11,0,0.131,0,100,0,7.2,0,6,9,11,0,0,0,"2021_12_26_16"
8.266,7.704,1072,14,1740,0,2021,12,51,360,26,7,16,1006.7,5.8,5.8,5.7,98,5.5,5.6,0,0,0,5.8,5.9,5.9,4.3,0,0,2,0.04,5,0,0.131,0,100,0,6.9,0,7,9,8,0,0,0,"2021_12_26_16"
7.892,7.666,1072,346,1816,343,2021,12,51,360,26,7,16,1006.9,5.8,5.8,5.8,98,5.5,5.6,1.6,0.4,3.2,5.8,5.9,5.9,4.2,0,0,0,0,0,0,0.131,0,100,0,6.7,0,0,12,11,0,0,0,"2021_12_26_16"
7.774,7.774,747,160,0,0,2021,12,51,360,26,7,17,1007.1,5.8,5.8,5.8,98,5.5,5.7,3.2,0.8,4.8,5.8,5.9,5.9,4.3,0,0,0,0,0,0,0.13,0,100,0,6.4,0,1,6,2,0,0,0,"2021_12_26_17"
7.599,7.682,747,200,520,270,2021,12,51,360,26,7,17,1007.2,5.8,5.8,5.8,98,5.5,5.6,3.2,0.8,4.8,5.8,5.9,5.9,4.2,0,0,0,0,0,0,0.131,0,100,0,6.2,0,2,6,5,0,0,0,"2021_12_26_17"
7.531,8.276,1326,169,600,180,2021,12,51,360,26,7,17,1007.2,5.7,5.8,5.7,98,5.4,5.6,3.2,0.8,4.8,5.7,5.8,5.8,4.2,0,0,0,0,0,0,0.131,0,100,0,6,0,3,5,4,0,0,0,"2021_12_26_17"
7.447,7.6,1326,191,794,221,2021,12,51,360,26,7,17,1007.2,5.7,5.7,5.7,98,5.4,5.5,1.6,0.4,3.2,5.7,5.8,5.8,4.1,0,0,0,0,0,0,0.132,0,100,0,5.9,0,4,6,4,0,0,0,"2021_12_26_17"
7.464,6.883,1660,9,2340,0,2021,12,51,360,26,7,18,1007.2,5.7,5.7,5.6,98,5.4,5.5,1.6,0.4,3.2,5.7,5.8,5.8,4.1,0,0,0,0,0,0,0.132,0,100,0,5.9,0,5,6,5,0,0,0,"2021_12_26_18"
7.445,6.796,1660,351,2397,347,2021,12,51,360,26,7,18,1007.1,5.7,5.7,5.6,98,5.4,5.5,0,0,0,5.7,5.8,5.8,4.1,0,0,0,0,0,0,0.132,0,100,0,5.8,0,6,9,8,0,0,0,"2021_12_26_18"
7.215,6.811,1072,14,1740,0,2021,12,51,360,26,7,18,1007.2,5.7,5.7,5.6,98,5.4,5.5,0,0,3.2,5.7,5.8,5.8,4.1,0,0,0,0,0,0,0.132,0,100,0,5.8,0,7,9,5,0,0,0,"2021_12_26_18"
7.241,6.732,1072,346,1816,343,2021,12,51,360,26,7,18,1007.3,5.7,5.7,5.7,98,5.4,5.5,3.2,0.8,4.8,5.7,5.8,5.8,4.1,0,0,0,0,0,0,0.132,0,100,0,5.8,0,0,6,5,0,0,0,"2021_12_26_18"
7.092,7.092,747,160,0,0,2021,12,51,360,26,7,19,1007.5,5.6,5.7,5.6,98,5.3,5.5,3.2,0.8,6.4,5.6,5.7,5.7,4.1,0,0,0,0,0,0,0.133,0,100,0,5.7,0,1,6,4,0,0,0,"2021_12_26_19"
7.192,7.296,747,200,520,270,2021,12,51,360,26,7,19,1007.6,5.6,5.7,5.6,98,5.3,5.5,4.8,1.21,6.4,4.9,5.7,4.9,3.3,0,0,0,0,0,0,0.133,0,100,0,5.6,0,2,6,4,0,0,0,"2021_12_26_19"
7.195,7.812,1326,169,600,180,2021,12,51,360,26,7,19,1007.5,5.7,5.7,5.6,98,5.4,5.5,3.2,0.8,4.8,5.7,5.8,5.8,4.1,0,0,0,0,0,0,0.132,0,100,0,5.6,0,3,7,5,0,0,0,"2021_12_26_19"
7.214,7.247,1326,191,794,221,2021,12,51,360,26,7,19,1007.5,5.7,5.7,5.6,98,5.4,5.6,1.6,0.4,4.8,5.7,5.8,5.8,4.2,0,0,0,0,0,0,0.131,0,100,0,5.6,0,4,7,5,0,0,0,"2021_12_26_19"
7.196,6.701,1660,9,2340,0,2021,12,51,360,26,7,20,1007.5,5.8,5.8,5.7,98,5.5,5.6,3.2,0.8,4.8,5.8,5.9,5.9,4.2,0,0,0,0,0,0,0.131,0,100,0,5.6,0,5,7,6,0,0,0,"2021_12_26_20"
7.162,6.83,1660,351,2397,347,2021,12,51,360,26,7,20,1007.7,5.8,5.8,5.7,98,5.5,5.6,3.2,0.8,4.8,5.8,5.9,5.9,4.2,0,0,0,0,0,0,0.131,0,100,0,5.7,0,6,7,6,0,0,0,"2021_12_26_20"
7.196,6.713,1072,14,1740,0,2021,12,51,360,26,7,20,1007.7,5.8,5.8,5.8,98,5.5,5.6,3.2,0.8,4.8,5.8,5.9,5.9,4.2,0,0,0,0,0,0,0.131,0,100,0,5.7,0,7,7,5,0,0,0,"2021_12_26_20"
7.19,6.69,1072,346,1816,343,2021,12,51,360,26,7,20,1007.6,5.8,5.8,5.8,98,5.5,5.7,3.2,0.8,6.4,5.8,5.9,5.9,4.3,0,0,0,0,0,0,0.13,0,100,0,5.7,0,0,8,7,0,0,0,"2021_12_26_20"
7.014,7.014,747,160,0,0,2021,12,51,360,26,7,21,1007.6,5.9,5.9,5.8,98,5.6,5.7,3.2,0.8,6.4,5.9,6,6,4.4,0,0,0,0,0,0,0.13,0,100,0,5.7,0,1,7,6,0,0,0,"2021_12_26_21"
6.96,6.889,747,200,520,270,2021,12,51,360,26,7,21,1007.7,5.9,5.9,5.9,98,5.6,5.7,3.2,0.8,4.8,5.9,6,6,4.4,0,0,0,0,0,0,0.13,0,100,0,5.5,0,2,7,6,0,0,0,"2021_12_26_21"
6.969,7.679,1326,169,600,180,2021,12,51,360,26,7,21,1007.7,5.9,5.9,5.8,98,5.6,5.7,3.2,0.8,6.4,5.9,6,6,4.4,0,0,0,0,0,0,0.13,0,100,0,5.5,0,3,6,5,0,0,0,"2021_12_26_21"
6.99,7.148,1326,191,794,221,2021,12,51,360,26,7,21,1007.7,5.8,5.9,5.8,98,5.5,5.7,3.2,0.8,6.4,5.8,5.9,5.9,4.3,0,0,0,0,0,0,0.13,0,100,0,5.5,0,4,7,6,0,0,0,"2021_12_26_21"
6.944,6.587,1660,9,2340,0,2021,12,51,360,26,7,22,1007.6,5.8,5.9,5.8,98,5.5,5.7,1.6,0.4,4.8,5.8,5.9,5.9,4.3,0,0,0,0,0,0,0.13,0,100,0,5.5,0,5,7,5,0,0,0,"2021_12_26_22"
7.064,6.641,1660,351,2397,347,2021,12,51,360,26,7,22,1007.8,5.8,5.9,5.8,98,5.5,5.7,6.4,1.61,11.3,4.6,5.9,4.7,3,0,0,0,0,0,0,0.13,0,100,0,5.5,0,6,6,5,0,0,0,"2021_12_26_22"
7.11,6.498,1072,14,1740,0,2021,12,51,360,26,7,22,1007.7,5.8,5.9,5.8,98,5.5,5.7,6.4,1.61,11.3,4.6,5.9,4.7,3,0,0,0,0,0,0,0.13,0,100,0,5.5,0,7,6,5,0,0,0,"2021_12_26_22"
7.069,6.547,1072,346,1816,343,2021,12,51,360,26,7,22,1007.6,5.8,5.9,5.8,98,5.5,5.7,3.2,0.8,6.4,5.8,5.9,5.9,4.3,0,0,0,0,0,0,0.13,0,100,0,5.5,0,0,6,5,0,0,0,"2021_12_26_22"
7.04,7.04,747,160,0,0,2021,12,51,360,26,7,23,1007.8,5.8,5.9,5.8,98,5.5,5.7,4.8,1.21,6.4,5.1,5.9,5.2,3.6,0,0,0,0,0,0,0.13,0,100,0,5.4,0,1,6,5,0,0,0,"2021_12_26_23"
7.01,7.063,747,200,520,270,2021,12,51,360,26,7,23,1007.6,5.8,5.9,5.8,98,5.5,5.7,1.6,0.4,4.8,5.8,5.9,5.9,4.3,0,0,0,0,0,0,0.13,0,100,0,5.4,0,2,6,5,0,0,0,"2021_12_26_23"
6.999,7.657,1326,169,600,180,2021,12,51,360,26,7,23,1007.6,5.8,5.9,5.8,98,5.5,5.7,3.2,0.8,6.4,5.8,5.9,5.9,4.3,0,0,0,0,0,0,0.13,0,100,0,5.4,0,3,6,5,0,0,0,"2021_12_26_23"
7.115,7.104,1326,191,794,221,2021,12,51,360,26,7,23,1007.6,5.9,5.9,5.8,98,5.6,5.7,3.2,0.8,6.4,5.9,6,6,4.4,0,0,0,0,0,0,0.13,0,100,0,5.5,0,4,7,6,0,0,0,"2021_12_26_23"
7.063,6.645,1660,9,2340,0,2021,12,52,361,27,1,0,1007.7,5.9,6,5.9,98,5.7,5.8,3.2,0.8,6.4,5.9,6.1,6.1,4.4,0,0,0,0,0,0,0.129,0,100,0,5.5,0,5,7,6,0,0,0,"2021_12_27_0"
7.126,6.604,1660,351,2397,347,2021,12,52,361,27,1,0,1007.5,5.9,6,5.9,98,5.7,5.8,4.8,1.21,9.7,5.2,6.1,5.3,3.7,0,0,0,0,0,0,0.129,0,100,0,5.5,0,6,6,5,0,0,0,"2021_12_27_0"
7.072,6.607,1072,14,1740,0,2021,12,52,361,27,1,0,1007.3,5.9,6,5.9,98,5.7,5.8,3.2,0.8,6.4,5.9,6.1,6.1,4.4,0,0,0,0,0,0,0.129,0,100,0,5.5,0,7,6,5,0,0,0,"2021_12_27_0"
7.07,6.53,1072,346,1816,343,2021,12,52,361,27,1,0,1007.2,5.9,5.9,5.9,98,5.7,5.8,3.2,0.8,6.4,5.9,6.1,6.1,4.4,0,0,0,0,0,0,0.129,0,100,0,5.5,0,0,6,5,0,0,0,"2021_12_27_0"
6.663,6.663,747,160,0,0,2021,12,52,361,27,1,1,1007,5.9,5.9,5.9,98,5.7,5.8,3.2,0.8,4.8,5.9,6.1,6.1,4.4,0,0,0,0,0,0,0.129,0,100,0,5.3,0,1,7,6,0,0,0,"2021_12_27_1"
6.301,6.528,747,200,520,270,2021,12,52,361,27,1,1,1006.8,5.8,5.9,5.8,98,5.5,5.6,3.2,0.8,4.8,5.8,5.9,5.9,4.2,0,0,0,0,0,0,0.131,0,100,0,4.7,0,2,7,6,0,0,0,"2021_12_27_1"
5.778,6.916,1326,169,600,180,2021,12,52,361,27,1,1,1006.6,5.7,5.8,5.7,98,5.4,5.6,3.2,0.8,4.8,5.7,5.8,5.8,4.2,0,0,0,0,0,0,0.131,0,100,0,4.3,0,3,7,6,0,0,0,"2021_12_27_1"
5.494,5.679,1326,191,794,221,2021,12,52,361,27,1,1,1006.7,5.5,5.7,5.5,98,5.2,5.4,3.2,0.8,4.8,5.5,5.6,5.6,3.9,0,0,0,0,0,0,0.134,0,100,0,3.8,0,4,6,6,0,0,0,"2021_12_27_1"
5.871,5.362,1660,9,2340,0,2021,12,52,361,27,1,2,1006.8,5.6,5.6,5.5,98,5.3,5.4,1.6,0.4,6.4,5.6,5.6,5.6,4,0,0,0,0,0,0,0.133,0,100,0,4.2,0,5,7,5,0,0,0,"2021_12_27_2"
5.327,4.61,1660,351,2397,347,2021,12,52,361,27,1,2,1006.9,5.5,5.6,5.4,98,5.2,5.4,1.6,0.4,3.2,5.5,5.6,5.6,4,0,0,0,0,0,0,0.134,0,100,0,3.7,0,6,7,6,0,0,0,"2021_12_27_2"
5.163,4.399,1072,14,1740,0,2021,12,52,361,27,1,2,1007.1,5.3,5.5,5.3,98,5,5.2,1.6,0.4,4.8,5.3,5.4,5.4,3.8,0,0,0,0,0,0,0.135,0,100,0,3.5,0,7,2,4,0,0,0,"2021_12_27_2"
5.56,4.913,1072,346,1816,343,2021,12,52,361,27,1,2,1007.3,5.5,5.5,5.3,98,5.2,5.4,3.2,0.8,4.8,5.5,5.6,5.6,3.9,0,0,0,0,0,0,0.134,0,100,0,3.8,0,0,5,4,0,0,0,"2021_12_27_2"
5.839,5.839,747,160,0,0,2021,12,52,361,27,1,3,1007.2,5.6,5.6,5.4,98,5.3,5.4,3.2,0.8,4.8,5.5,5.6,5.6,4,0,0,0,0,0,0,0.133,0,100,0,4.1,0,1,8,4,0,0,0,"2021_12_27_3"
5.995,6.062,747,200,520,270,2021,12,52,361,27,1,3,1007.2,5.6,5.6,5.5,98,5.3,5.4,3.2,0.8,4.8,5.5,5.6,5.6,4,0,0,0,0,0,0,0.133,0,100,0,4.2,0,2,7,5,0,0,0,"2021_12_27_3"
6.089,6.903,1326,169,600,180,2021,12,52,361,27,1,3,1007.2,5.6,5.6,5.6,98,5.3,5.4,4.8,1.21,9.7,4.8,5.6,4.9,3.2,0,0,0,0,0,0,0.133,0,100,0,4.4,0,3,7,5,0,0,0,"2021_12_27_3"
5.928,5.997,1326,191,794,221,2021,12,52,361,27,1,3,1007.2,5.6,5.6,5.6,98,5.3,5.5,3.2,0.8,4.8,5.6,5.7,5.7,4.1,0,0,0,0,0,0,0.133,0,100,0,4.3,0,4,6,6,0,0,0,"2021_12_27_3"
5.704,5.061,1660,9,2340,0,2021,12,52,361,27,1,4,1007.1,5.5,5.6,5.4,98,5.2,5.4,1.6,0.4,4.8,5.5,5.6,5.6,4,0,0,0,0,0,0,0.134,0,100,0,4,0,5,6,6,0,0,0,"2021_12_27_4"
5.645,4.973,1660,351,2397,347,2021,12,52,361,27,1,4,1006.9,5.4,5.5,5.4,98,5.2,5.3,0,0,1.6,5.4,5.5,5.5,3.9,0,0,0,0,0,0,0.134,0,100,0,3.9,0,6,9,5,0,0,0,"2021_12_27_4"
5.789,5.147,1072,14,1740,0,2021,12,52,361,27,1,4,1006.9,5.4,5.5,5.4,98,5.2,5.3,1.6,0.4,4.8,5.4,5.5,5.5,3.9,0,0,0,0,0,0,0.134,0,100,0,4,0,7,6,5,0,0,0,"2021_12_27_4"
6.148,5.574,1072,346,1816,343,2021,12,52,361,27,1,4,1006.8,5.4,5.5,5.4,99,5.3,5.4,3.2,0.8,6.4,5.4,5.5,5.5,3.9,0,0,0,0,0,0,0.134,0,100,0,4.4,0,0,2,2,0,0,0,"2021_12_27_4"
6.318,6.318,747,160,0,0,2021,12,52,361,27,1,5,1006.9,5.4,5.5,5.4,99,5.3,5.4,3.2,0.8,6.4,5.4,5.5,5.5,3.9,0,0,0,0,0,0,0.134,0,100,0,4.6,0,1,2,2,0,0,0,"2021_12_27_5"
6.48,6.625,747,200,520,270,2021,12,52,361,27,1,5,1006.7,5.3,5.5,5.3,99,5.1,5.2,4.8,1.21,9.7,4.5,5.4,4.6,2.9,0,0,0,0,0,0,0.136,0,100,0,4.8,0,2,5,5,0,0,0,"2021_12_27_5"
6.542,7.17,1326,169,600,180,2021,12,52,361,27,1,5,1006.8,5.2,5.3,5.2,98,4.9,5,3.2,0.8,4.8,5.1,5.3,5.2,3.5,0,0,0,0,0,0,0.137,0,100,0,4.9,0,3,5,4,0,0,0,"2021_12_27_5"
6.484,6.509,1326,191,794,221,2021,12,52,361,27,1,5,1006.8,5.1,5.2,5.1,99,5,5,1.6,0.4,4.8,5.1,5.2,5.2,3.6,0,0,0,0,0,0,0.138,0,100,0,4.8,0,4,6,7,0,0,0,"2021_12_27_5"
6.493,5.899,1660,9,2340,0,2021,12,52,361,27,1,6,1007,5.1,5.1,5.1,99,4.9,5,3.2,0.8,4.8,5,5.2,5.1,3.4,0,0,0,0,0,0,0.138,0,100,0,4.8,0,5,8,7,0,0,0,"2021_12_27_6"
6.571,6,1660,351,2397,347,2021,12,52,361,27,1,6,1007.1,5.1,5.1,5.1,99,5,5,1.6,0.4,4.8,5.1,5.2,5.2,3.6,0,0,0,0,0,0,0.138,0,100,0,4.9,0,6,8,7,0,0,0,"2021_12_27_6"
6.642,6.064,1072,14,1740,0,2021,12,52,361,27,1,6,1007.1,5.1,5.2,5.1,99,5,5,1.6,0.4,4.8,5.1,5.2,5.2,3.6,0,0,0,0,0,0,0.138,0,100,0,5,0,7,7,6,0,0,0,"2021_12_27_6"
6.587,6.033,1072,346,1816,343,2021,12,52,361,27,1,6,1007.2,5.1,5.2,5.1,99,5,5,1.6,0.4,4.8,5.1,5.2,5.2,3.6,0,0,0,0,0,0,0.138,0,100,0,4.9,0,0,14,14,0,0,0,"2021_12_27_6"
6.549,6.549,747,160,0,0,2021,12,52,361,27,1,7,1007.1,5.1,5.2,5.1,99,4.9,5,0,0,3.2,5.1,5.2,5.2,3.5,0,0,0,0,0,0,0.138,0,100,0,5,0,1,9,14,0,0,0,"2021_12_27_7"
6.582,6.74,747,200,520,270,2021,12,52,361,27,1,7,1007.3,5,5.1,5,99,4.9,4.9,1.6,0.4,4.8,5,5.1,5.1,3.4,0,0,0,0,0,0,0.139,0,100,0,5,0,2,10,9,0,0,0,"2021_12_27_7"
6.412,7.212,1326,169,600,180,2021,12,52,361,27,1,7,1007.4,4.9,5,4.9,99,4.7,4.8,0,0,3.2,4.9,5,5,3.3,0,0,0,0,0,0,0.14,0,100,0,5,0,3,9,12,0,0,0,"2021_12_27_7"
6.526,6.66,1326,191,794,221,2021,12,52,361,27,1,7,1007.6,4.9,4.9,4.8,99,4.7,4.8,0,0,0,4.9,5,5,3.3,0,0,0,0,0,0,0.14,0,100,0,5,0,4,9,8,0,0,0,"2021_12_27_7"
6.577,6.104,1660,9,2340,0,2021,12,52,361,27,1,8,1007.8,4.9,4.9,4.8,99,4.7,4.8,0,0,1.6,4.9,5,5,3.3,0,0,0,0,0,0,0.14,0,100,0,5,0,5,9,12,0,0,0,"2021_12_27_8"
6.596,6.196,1660,351,2397,347,2021,12,52,361,27,1,8,1008,5,5,4.9,99,4.9,4.9,0,0,1.6,5,5.1,5.1,3.4,0,0,0,0,0,0,0.139,0,100,0,5.1,0,6,9,12,0,0,0,"2021_12_27_8"
6.827,6.252,1072,14,1740,0,2021,12,52,361,27,1,8,1007.9,5.1,5.1,4.9,99,4.9,5,3.2,0.8,4.8,5,5.2,5.1,3.5,0,0,2,0.04,7,0,0.138,0,100,0,5.2,0,7,5,1,0,0,0,"2021_12_27_8"
6.98,6.393,1072,346,1816,343,2021,12,52,361,27,1,8,1007.8,5.1,5.1,5,99,4.9,5,1.6,0.4,3.2,5.1,5.2,5.2,3.6,0,0,8,0.17,11,0,0.138,0,100,0,5.3,0,0,5,4,0,0,0,"2021_12_27_8"
7.292,7.292,747,160,0,0,2021,12,52,361,27,1,9,1007.8,5.1,5.1,5.1,99,5,5,0,0,1.6,5.1,5.2,5.2,3.7,0,0,12,0.26,14,0,0.138,0,100,0,5.5,0,1,9,4,0,0,0,"2021_12_27_9"
7.494,7.633,747,200,520,270,2021,12,52,361,27,1,9,1007.9,5.2,5.2,5.1,99,5,5.1,1.6,0.4,3.2,5.2,5.3,5.3,3.8,0,0,14,0.3,16,0,0.137,0,100,0,5.8,0,2,5,4,0,0,0,"2021_12_27_9"
7.868,8.277,1326,169,600,180,2021,12,52,361,27,1,9,1007.9,5.2,5.2,5.1,99,5,5.1,1.6,0.4,3.2,5.2,5.3,5.3,4.5,0,0,19,0.41,30,0,0.137,0,100,1,6,0,3,6,4,0,0,0,"2021_12_27_9"
8.357,8.551,1326,191,794,221,2021,12,52,361,27,1,9,1007.9,5.3,5.3,5.2,99,5.1,5.2,0,0,1.6,5.3,5.4,5.4,4.9,0,0,32,0.69,33,0,0.136,0,100,2,6.4,0,4,9,5,0,0,0,"2021_12_27_9"
8.585,8.071,1660,9,2340,0,2021,12,52,361,27,1,10,1008.2,5.3,5.4,5.3,99,5.2,5.3,0,0,3.2,5.3,5.4,5.4,4.9,0,0,30,0.65,33,0,0.135,0,100,2,6.9,0,5,9,4,0,0,0,"2021_12_27_10"
8.68,8.308,1660,351,2397,347,2021,12,52,361,27,1,10,1008.4,5.4,5.5,5.3,99,5.3,5.4,0,0,3.2,5.4,5.5,5.5,5.2,0,0,39,0.84,40,0,0.134,0,100,2,7.2,0,6,9,2,0,0,0,"2021_12_27_10"
8.847,8.188,1072,14,1740,0,2021,12,52,361,27,1,10,1008.5,5.5,5.6,5.4,99,5.4,5.4,3.2,0.8,4.8,5.5,5.6,5.6,5.2,0,0,37,0.8,44,0,0.134,0,100,2,7.2,0,7,16,7,0,0,0,"2021_12_27_10"
9.256,8.928,1072,346,1816,343,2021,12,52,361,27,1,10,1008.6,5.7,5.7,5.5,99,5.5,5.6,3.2,0.8,6.4,5.7,5.8,5.8,5.8,0,0,55,1.18,69,0,0.132,0,100,3,7.6,0,0,15,16,0,0,0,"2021_12_27_10"
10.368,10.368,747,160,0,0,2021,12,52,361,27,1,11,1008.7,5.8,5.8,5.7,99,5.7,5.8,3.2,0.8,4.8,5.8,6,6,6.5,0,0,79,1.7,93,0.03,0.13,0,100,5,8.3,0,1,15,16,0,0,0,"2021_12_27_11"
11.072,11.091,747,200,520,270,2021,12,52,361,27,1,11,1008.6,6,6,5.8,99,5.9,5.9,3.2,0.8,6.4,6,6.1,6.1,7.1,0,0,96,2.07,118,0,0.128,0,100,6,8.9,0,2,15,15,0,0,0,"2021_12_27_11"
13.421,13.626,1326,169,600,180,2021,12,52,361,27,1,11,1008.4,6.3,6.3,6,99,6.2,6.3,4.8,1.21,8,5.7,6.5,5.8,8.1,0,0,165,3.55,237,0,0.125,0,100,10,10.9,0,3,14,14,0,0,0,"2021_12_27_11"
18.084,20.424,1326,191,794,221,2021,12,52,361,27,1,11,1009.3,6.8,6.8,6.3,100,6.8,6.8,3.2,0.8,6.4,6.8,7,7,11.1,0,0,277,5.96,383,0,0.12,0,100,19,14.4,0,4,11,12,0,0,0,"2021_12_27_11"
14.924,16.411,1660,9,2340,0,2021,12,52,361,27,1,12,1007.7,7,7.1,6.8,99,6.9,6.9,3.2,0.8,8,7,7.2,7.2,10.9,0,0,251,5.4,413,0.08,0.118,0,98,9,14.9,0,5,12,11,0,0,0,"2021_12_27_12"
14.411,15.121,1660,351,2397,347,2021,12,52,361,27,1,12,1007.4,7.1,7.1,6.9,99,6.9,7,1.6,0.4,6.4,7.1,7.3,7.3,9,0,0,138,2.97,158,0,0.117,0,100,8,13.8,0,6,12,3,0,0,0,"2021_12_27_12"
14.592,14.969,1072,14,1740,0,2021,12,52,361,27,1,12,1007.3,7.1,7.1,7,98,6.8,6.9,4.8,1.21,9.7,6.5,7.2,6.7,8.2,0,0,128,2.75,176,0,0.117,0,100,8,13.4,0,7,1,1,0,0,0,"2021_12_27_12"
14.11,15.643,1072,346,1816,343,2021,12,52,361,27,1,12,1007.5,7.4,7.4,7.1,98,7.1,7.2,4.8,1.21,8,6.9,7.6,7.1,9.6,0,0,181,3.89,257,0,0.114,0,100,12,13.5,0,0,0,1,0,0,0,"2021_12_27_12"
13.38,13.38,747,160,0,0,2021,12,52,361,27,1,13,1006.9,7.7,7.7,7.4,97,7.3,7.5,4.8,1.21,11.3,7.2,7.9,7.4,9.7,0,0,165,3.55,229,0.08,0.111,0,100,5,13.9,0,1,0,1,0,0,0,"2021_12_27_13"
12.385,13.117,747,200,520,270,2021,12,52,361,27,1,13,1006.9,7.7,7.8,7.7,96,7.1,7.3,3.2,0.8,8,7.7,7.8,7.8,8.9,0,0,102,2.19,127,0,0.111,0,100,5,12.5,0,2,4,13,0,0,0,"2021_12_27_13"
12.91,13.215,1326,169,600,180,2021,12,52,361,27,1,13,1007.1,7.6,7.7,7.6,96,7,7.2,4.8,1.21,9.7,7.1,7.7,7.2,8,0,0,88,1.89,109,0,0.112,0,100,6,12.1,0,3,0,1,0,0,0,"2021_12_27_13"
12.47,14.102,1326,191,794,221,2021,12,52,361,27,1,13,1007.2,7.7,7.7,7.6,96,7.1,7.4,1.6,0.4,4.8,7.7,7.9,7.9,8.9,0,0,98,2.11,121,0,0.111,0,100,4,12.3,0,4,13,11,0,0,0,"2021_12_27_13"
12.506,12.939,1660,9,2340,0,2021,12,52,361,27,1,14,1007.2,7.7,7.7,7.7,95,7,7.3,1.6,0.4,6.4,7.7,7.9,7.9,8.4,0,0,72,1.55,83,0.05,0.111,0,100,5,11.2,0,5,0,13,0,0,0,"2021_12_27_14"
11.915,12.873,1660,351,2397,347,2021,12,52,361,27,1,14,1007.1,7.7,7.8,7.7,96,7.1,7.4,3.2,0.8,6.4,7.7,7.9,7.9,8.8,0,0,90,1.94,102,0,0.111,0,100,2,11.2,0,6,5,4,0,0,0,"2021_12_27_14"
11.272,11.274,1072,14,1740,0,2021,12,52,361,27,1,14,1007,7.8,7.8,7.7,96,7.2,7.5,4.8,1.21,8,7.3,8,7.5,7.6,0,0,52,1.12,69,0,0.11,0,100,3,10,0,7,5,4,0,0,0,"2021_12_27_14"
10.86,11.557,1072,346,1816,343,2021,12,52,361,27,1,14,1006.9,7.8,7.8,7.7,95,7,7.4,3.2,0.8,6.4,7.8,7.9,7.9,8.2,0,0,58,1.25,72,0,0.11,0,100,1,10.1,0,0,5,4,0,0,0,"2021_12_27_14"
10.043,10.043,747,160,0,0,2021,12,52,361,27,1,15,1006.8,7.6,7.8,7.6,95,6.9,7.2,3.2,0.8,8,7.6,7.8,7.8,7.2,0,0,27,0.58,30,0.03,0.112,0,100,1,8.8,0,1,6,4,0,0,0,"2021_12_27_15"
10.079,10.144,747,200,520,270,2021,12,52,361,27,1,15,1006.7,7.6,7.7,7.6,95,6.9,7.2,3.2,0.8,6.4,7.6,7.8,7.8,7.4,0,0,33,0.71,35,0,0.112,0,100,2,8.7,0,2,6,5,0,0,0,"2021_12_27_15"
9.814,10.407,1326,169,600,180,2021,12,52,361,27,1,15,1006.5,7.6,7.7,7.6,95,6.9,7.2,1.6,0.4,4.8,7.6,7.8,7.8,6.6,0,0,31,0.67,33,0,0.112,0,100,1,8.7,0,3,7,6,0,0,0,"2021_12_27_15"
9.886,10.167,1326,191,794,221,2021,12,52,361,27,1,15,1006.4,7.7,7.7,7.6,95,6.9,7.3,0,0,3.2,7.7,7.8,7.8,6.6,0,0,22,0.47,28,0,0.111,0,100,1,8.5,0,4,9,6,0,0,0,"2021_12_27_15"
9.285,8.974,1660,9,2340,0,2021,12,52,361,27,1,16,1006.2,7.7,7.7,7.7,95,6.9,7.3,1.6,0.4,3.2,7.7,7.8,7.8,6.5,0,0,18,0.39,21,0,0.111,0,100,0,8.1,0,5,11,15,0,0,0,"2021_12_27_16"
8.562,8.779,1660,351,2397,347,2021,12,52,361,27,1,16,1006.6,7.6,7.7,7.6,95,6.9,7.2,1.6,0.4,4.8,7.6,7.8,7.8,6.3,0,0,9,0.19,14,0,0.112,0,100,0,7.7,0,6,13,13,0,0,0,"2021_12_27_16"
8.635,8.744,1072,14,1740,0,2021,12,52,361,27,1,16,1006.8,7.6,7.6,7.6,95,6.8,7.2,3.2,0.8,4.8,7.6,7.7,7.7,6.1,0,0,0,0,5,0,0.112,0,100,0,7.6,0,7,2,13,0,0,0,"2021_12_27_16"
8.198,8.296,1072,346,1816,343,2021,12,52,361,27,1,16,1006.8,7.5,7.6,7.5,96,6.9,7.2,1.6,0.4,3.2,7.5,7.7,7.7,6.1,0,0,0,0,0,0,0.113,0,100,0,7.2,0,0,0,3,0,0,0,"2021_12_27_16"
7.884,7.884,747,160,0,0,2021,12,52,361,27,1,17,1006.7,7.4,7.5,7.4,95,6.6,7,1.6,0.4,3.2,7.4,7.5,7.5,5.9,0,0,0,0,0,0,0.114,0,100,0,7,0,1,3,1,0,0,0,"2021_12_27_17"
7.885,8.073,747,200,520,270,2021,12,52,361,27,1,17,1006.6,7.3,7.4,7.3,96,6.7,7,0,0,3.2,7.3,7.4,7.4,5.9,0,0,0,0,0,0,0.115,0,100,0,6.8,0,2,9,13,0,0,0,"2021_12_27_17"
7.838,8.291,1326,169,600,180,2021,12,52,361,27,1,17,1006.6,7.2,7.3,7.2,96,6.6,6.9,0,0,1.6,7.2,7.3,7.3,5.7,0,0,0,0,0,0,0.116,0,100,0,6.7,0,3,9,13,0,0,0,"2021_12_27_17"
7.622,7.895,1326,191,794,221,2021,12,52,361,27,1,17,1006.7,7.1,7.2,7.1,96,6.5,6.8,1.6,0.4,3.2,7.1,7.2,7.2,5.7,0,0,0,0,0,0,0.117,0,100,0,6.5,0,4,3,13,0,0,0,"2021_12_27_17"
7.87,7.467,1660,9,2340,0,2021,12,52,361,27,1,18,1006.8,7.1,7.1,7.1,97,6.6,6.8,0,0,3.2,7.1,7.2,7.2,5.6,0,0,0,0,0,0,0.117,0,100,0,6.4,0,5,9,13,0,0,0,"2021_12_27_18"
7.851,7.528,1660,351,2397,347,2021,12,52,361,27,1,18,1006.8,7.1,7.1,7.1,97,6.6,6.8,0,0,3.2,7.1,7.2,7.2,5.6,0,0,0,0,0,0,0.117,0,100,0,6.4,0,6,9,13,0,0,0,"2021_12_27_18"
7.926,7.478,1072,14,1740,0,2021,12,52,361,27,1,18,1006.8,7.1,7.1,7.1,97,6.6,6.8,0,0,1.6,7.1,7.2,7.2,5.6,0,0,0,0,0,0,0.117,0,100,0,6.4,0,7,9,13,0,0,0,"2021_12_27_18"
7.92,7.538,1072,346,1816,343,2021,12,52,361,27,1,18,1007,7,7.1,7,97,6.6,6.8,0,0,0,7,7.2,7.2,5.6,0.2,0,0,0,0,0,0.118,0,100,0,6.5,0,0,9,8,0,0,0,"2021_12_27_18"
7.954,7.954,747,160,0,0,2021,12,52,361,27,1,19,1007.1,7,7.1,7,97,6.6,6.8,0,0,1.6,7,7.2,7.2,5.6,0,0,0,0,0,0,0.118,0,100,0,6.4,0,1,9,13,0,0,0,"2021_12_27_19"
7.971,7.942,747,200,520,270,2021,12,52,361,27,1,19,1007.2,7.1,7.1,7,97,6.6,6.8,0,0,0,7.1,7.2,7.2,5.6,0.2,0,0,0,0,0,0.117,0,100,0,6.5,0,2,9,8,0,0,0,"2021_12_27_19"
7.881,8.501,1326,169,600,180,2021,12,52,361,27,1,19,1007.4,7.1,7.1,7,97,6.6,6.8,0,0,0,7.1,7.2,7.2,5.6,0.2,0.8,0,0,0,0,0.117,0,100,0,6.3,0,3,9,8,0,0,0,"2021_12_27_19"
7.759,7.846,1326,191,794,221,2021,12,52,361,27,1,19,1007.5,7,7.1,7,97,6.6,6.8,0,0,0,7,7.2,7.2,5.6,0.2,1.2,0,0,0,0,0.118,0,100,0,6.2,0,4,9,8,0,0,0,"2021_12_27_19"
7.644,7.174,1660,9,2340,0,2021,12,52,361,27,1,20,1007.6,7.1,7.1,7,98,6.8,6.9,0,0,1.6,7.1,7.2,7.2,5.7,0,0,0,0,0,0,0.117,0,100,0,6.1,0,5,9,13,0,0,0,"2021_12_27_20"
7.654,7.27,1660,351,2397,347,2021,12,52,361,27,1,20,1007.7,7.1,7.1,7,98,6.8,6.9,1.6,0.4,3.2,7.1,7.2,7.2,5.7,0.2,0,0,0,0,0,0.117,0,100,0,6.1,0,6,3,13,0,0,0,"2021_12_27_20"
7.661,7.366,1072,14,1740,0,2021,12,52,361,27,1,20,1007.9,6.9,7.1,6.9,98,6.7,6.8,0,0,1.6,6.9,7.1,7.1,5.5,0.2,0,0,0,0,0,0.119,0,100,0,6.2,0,7,9,13,0,0,0,"2021_12_27_20"
7.651,7.382,1072,346,1816,343,2021,12,52,361,27,1,20,1007.9,7.1,7.1,6.9,98,6.8,6.9,1.6,0.4,3.2,7.1,7.2,7.2,5.7,0,0,0,0,0,0,0.117,0,100,0,6.3,0,0,3,1,0,0,0,"2021_12_27_20"
7.724,7.724,747,160,0,0,2021,12,52,361,27,1,21,1008,7.1,7.1,7,98,6.8,7,1.6,0.4,3.2,7.1,7.3,7.3,5.7,0.2,0,0,0,0,0,0.117,0,100,0,6.3,0,1,0,1,0,0,0,"2021_12_27_21"
7.683,7.708,747,200,520,270,2021,12,52,361,27,1,21,1007.9,7.1,7.1,7,98,6.8,6.9,1.6,0.4,3.2,7.1,7.2,7.2,5.7,0.2,0,0,0,0,0,0.117,0,100,0,6.2,0,2,6,5,0,0,0,"2021_12_27_21"
7.599,8.332,1326,169,600,180,2021,12,52,361,27,1,21,1008,6.9,7.1,6.9,98,6.7,6.8,0,0,1.6,6.9,7.1,7.1,5.5,0.2,0,0,0,0,0,0.119,0,100,0,6.1,0,3,9,7,0,0,0,"2021_12_27_21"
7.497,7.633,1326,191,794,221,2021,12,52,361,27,1,21,1007.9,6.9,7,6.9,98,6.7,6.8,0,0,1.6,6.9,7.1,7.1,5.5,0,0,0,0,0,0,0.119,0,100,0,6,0,4,9,7,0,0,0,"2021_12_27_21"
7.421,7.018,1660,9,2340,0,2021,12,52,361,27,1,22,1008,6.8,6.9,6.8,98,6.5,6.7,0,0,1.6,6.8,7,7,5.4,0.2,0,0,0,0,0,0.12,0,100,0,5.9,0,5,9,7,0,0,0,"2021_12_27_22"
7.421,7.02,1660,351,2397,347,2021,12,52,361,27,1,22,1008.1,6.8,6.8,6.8,98,6.5,6.7,0,0,1.6,6.8,7,7,5.4,0,0,0,0,0,0,0.12,0,100,0,5.8,0,6,9,7,0,0,0,"2021_12_27_22"
7.321,7.007,1072,14,1740,0,2021,12,52,361,27,1,22,1008.1,6.8,6.8,6.8,98,6.5,6.7,1.6,0.4,3.2,6.8,7,7,5.4,0.2,0,0,0,0,0,0.12,0,100,0,5.8,0,7,8,7,0,0,0,"2021_12_27_22"
7.126,6.917,1072,346,1816,343,2021,12,52,361,27,1,22,1008.1,6.8,6.9,6.8,98,6.5,6.7,0,0,1.6,6.8,7,7,5.4,0,0,0,0,0,0,0.12,0,100,0,5.8,0,0,9,7,0,0,0,"2021_12_27_22"
6.629,6.629,747,160,0,0,2021,12,52,361,27,1,23,1008,6.8,6.8,6.7,98,6.5,6.6,0,0,0,6.8,7,7,5.4,0.2,0,0,0,0,0,0.12,0,100,0,5.3,0,1,9,8,0,0,0,"2021_12_27_23"
6.326,6.59,747,200,520,270,2021,12,52,361,27,1,23,1008.1,6.6,6.8,6.6,98,6.3,6.4,0,0,0,6.6,6.7,6.7,5.1,0,0,0,0,0,0,0.123,0,100,0,4.8,0,2,9,8,0,0,0,"2021_12_27_23"
6.36,7.302,1326,169,600,180,2021,12,52,361,27,1,23,1007.9,6.3,6.6,6.3,98,6,6.2,1.6,0.4,3.2,6.3,6.5,6.5,4.9,0,0,0,0,0,0,0.125,0,100,0,4.6,0,3,8,7,0,0,0,"2021_12_27_23"
5.864,6.167,1326,191,794,221,2021,12,52,361,27,1,23,1007.8,6.1,6.3,6.1,98,5.8,6,0,0,3.2,6.1,6.2,6.2,4.6,0,0,0,0,0,0,0.127,0,100,0,4.4,0,4,9,10,0,0,0,"2021_12_27_23"
6.186,5.399,1660,9,2340,0,2021,12,52,362,28,2,0,1008,6,6.1,5.9,98,5.7,5.9,1.6,0.4,4.8,6,6.1,6.1,4.5,0,0,0,0,0,0,0.128,0,100,0,4.4,0,5,8,16,0,0,0,"2021_12_28_0"
6.561,5.88,1660,351,2397,347,2021,12,52,362,28,2,0,1008.1,6.2,6.2,6,99,6,6.1,3.2,0.8,4.8,6.2,6.3,6.3,4.7,0,0,0,0,0,0,0.127,0,100,0,4.8,0,6,8,5,0,0,0,"2021_12_28_0"
6.401,5.944,1072,14,1740,0,2021,12,52,362,28,2,0,1007.8,6.2,6.2,6.1,98,5.9,6.1,0,0,3.2,6.2,6.4,6.4,4.8,0,0,0,0,0,0,0.126,0,100,0,4.7,0,7,9,5,0,0,0,"2021_12_28_0"
6.631,6.075,1072,346,1816,343,2021,12,52,362,28,2,0,1007.9,6.2,6.3,6.2,99,6.1,6.1,1.6,0.4,4.8,6.2,6.4,6.4,4.8,0,0,0,0,0,0,0.126,0,100,0,4.9,0,0,6,6,0,0,0,"2021_12_28_0"
6.872,6.872,747,160,0,0,2021,12,52,362,28,2,1,1007.7,6.2,6.3,6.1,99,6,6.1,1.6,0.4,4.8,6.2,6.3,6.3,4.7,0,0,0,0,0,0,0.127,0,100,0,5.1,0,1,6,5,0,0,0,"2021_12_28_1"
6.927,6.962,747,200,520,270,2021,12,52,362,28,2,1,1007.5,6.2,6.2,6.1,98,5.9,6,0,0,1.6,6.2,6.3,6.3,4.7,0,0,0,0,0,0,0.127,0,100,0,5.3,0,2,9,5,0,0,0,"2021_12_28_1"
6.848,7.672,1326,169,600,180,2021,12,52,362,28,2,1,1007.9,6.2,6.2,6.1,98,5.9,6.1,3.2,0.8,6.4,6.2,6.4,6.4,4.8,0,0,0,0,0,0,0.126,0,100,0,5.2,0,3,7,6,0,0,0,"2021_12_28_1"
6.949,7.059,1326,191,794,221,2021,12,52,362,28,2,1,1007.9,6.3,6.3,6.2,99,6.1,6.2,3.2,0.8,6.4,6.3,6.4,6.4,4.9,0,0,0,0,0,0,0.126,0,100,0,5.4,0,4,7,6,0,0,0,"2021_12_28_1"
7.127,6.679,1660,9,2340,0,2021,12,52,362,28,2,2,1007.7,6.3,6.3,6.2,99,6.1,6.2,3.2,0.8,9.7,6.3,6.4,6.4,4.9,0,0,0,0,0,0,0.126,0,100,0,5.5,0,5,6,5,0,0,0,"2021_12_28_2"
7.182,6.8,1660,351,2397,347,2021,12,52,362,28,2,2,1007.7,6.4,6.4,6.3,99,6.2,6.3,3.2,0.8,4.8,6.4,6.6,6.6,5,0,0,0,0,0,0,0.124,0,100,0,5.6,0,6,7,6,0,0,0,"2021_12_28_2"
7.174,6.81,1072,14,1740,0,2021,12,52,362,28,2,2,1007.9,6.3,6.4,6.3,99,6.2,6.3,3.2,0.8,4.8,6.3,6.5,6.5,4.9,0,0,0,0,0,0,0.125,0,100,0,5.7,0,7,6,6,0,0,0,"2021_12_28_2"
7.203,6.808,1072,346,1816,343,2021,12,52,362,28,2,2,1007.8,6.3,6.4,6.3,99,6.2,6.3,1.6,0.4,4.8,6.3,6.5,6.5,4.9,0,0,0,0,0,0,0.125,0,100,0,5.7,0,0,6,5,0,0,0,"2021_12_28_2"
7.264,7.264,747,160,0,0,2021,12,52,362,28,2,3,1007.9,6.4,6.4,6.3,99,6.2,6.3,1.6,0.4,4.8,6.4,6.6,6.6,5,0,0,0,0,0,0,0.124,0,100,0,5.7,0,1,8,7,0,0,0,"2021_12_28_3"
7.152,7.25,747,200,520,270,2021,12,52,362,28,2,3,1008,6.4,6.4,6.3,99,6.2,6.3,1.6,0.4,6.4,6.4,6.6,6.6,5,0,0,0,0,0,0,0.124,0,100,0,5.8,0,2,8,6,0,0,0,"2021_12_28_3"
7.319,7.971,1326,169,600,180,2021,12,52,362,28,2,3,1007.8,6.4,6.4,6.3,99,6.3,6.4,3.2,0.8,6.4,6.4,6.6,6.6,5,0,0,0,0,0,0,0.124,0,100,0,5.7,0,3,7,5,0,0,0,"2021_12_28_3"
7.256,7.377,1326,191,794,221,2021,12,52,362,28,2,3,1007.6,6.4,6.4,6.4,99,6.2,6.3,3.2,0.8,6.4,6.4,6.6,6.6,5,0,0,0,0,0,0,0.124,0,100,0,5.7,0,4,7,5,0,0,0,"2021_12_28_3"
7.263,6.932,1660,9,2340,0,2021,12,52,362,28,2,4,1007.3,6.4,6.4,6.4,99,6.3,6.4,3.2,0.8,6.4,6.4,6.6,6.6,5,0,0,0,0,0,0,0.124,0,100,0,5.7,0,5,8,7,0,0,0,"2021_12_28_4"
7.242,6.939,1660,351,2397,347,2021,12,52,362,28,2,4,1006.9,6.4,6.5,6.4,99,6.3,6.4,3.2,0.8,6.4,6.4,6.6,6.6,5,0,0,0,0,0,0,0.124,0,100,0,5.8,0,6,8,7,0,0,0,"2021_12_28_4"
7.228,6.944,1072,14,1740,0,2021,12,52,362,28,2,4,1006.6,6.4,6.5,6.4,99,6.3,6.4,1.6,0.4,3.2,6.4,6.6,6.6,5,0,0,0,0,0,0,0.124,0,100,0,5.8,0,7,16,16,0,0,0,"2021_12_28_4"
7.138,6.906,1072,346,1816,343,2021,12,52,362,28,2,4,1006.6,6.4,6.5,6.4,99,6.3,6.4,1.6,0.4,3.2,6.4,6.6,6.6,5,0,0,0,0,0,0,0.124,0,100,0,5.8,0,0,16,16,0,0,0,"2021_12_28_4"
7.051,7.051,747,160,0,0,2021,12,52,362,28,2,5,1006.6,6.5,6.5,6.4,99,6.4,6.4,1.6,0.4,3.2,6.5,6.7,6.7,5.1,0,0,0,0,0,0,0.123,0,100,0,5.8,0,1,16,16,0,0,0,"2021_12_28_5"
7.187,7.239,747,200,520,270,2021,12,52,362,28,2,5,1006.9,6.4,6.5,6.4,99,6.3,6.4,1.6,0.4,4.8,6.4,6.6,6.6,5,0,0,0,0,0,0,0.124,0,100,0,5.9,0,2,16,5,0,0,0,"2021_12_28_5"
7.219,7.903,1326,169,600,180,2021,12,52,362,28,2,5,1007,6.4,6.4,6.4,99,6.3,6.4,4.8,1.21,6.4,5.8,6.6,6,4.4,0,0,0,0,0,0,0.124,0,100,0,5.8,0,3,6,4,0,0,0,"2021_12_28_5"
7.17,7.321,1326,191,794,221,2021,12,52,362,28,2,5,1007.2,6.4,6.5,6.4,99,6.3,6.4,4.8,1.21,9.7,5.8,6.6,6,4.4,0,0,0,0,0,0,0.124,0,100,0,5.7,0,4,6,5,0,0,0,"2021_12_28_5"
7.307,7.072,1660,9,2340,0,2021,12,52,362,28,2,6,1007.4,6.6,6.6,6.4,99,6.4,6.5,6.4,1.61,12.9,5.4,6.7,5.6,4,0,0,0,0,0,0,0.123,0,100,0,5.8,0,5,6,5,0,0,0,"2021_12_28_6"
7.253,7.006,1660,351,2397,347,2021,12,52,362,28,2,6,1006.8,6.6,6.6,6.6,99,6.4,6.5,3.2,0.8,9.7,6.6,6.7,6.7,5.2,0,0,0,0,0,0,0.123,0,100,0,5.8,0,6,7,5,0,0,0,"2021_12_28_6"
7.344,6.941,1072,14,1740,0,2021,12,52,362,28,2,6,1007.3,6.5,6.6,6.5,99,6.4,6.4,4.8,1.21,6.4,5.9,6.7,6,4.5,0,0,0,0,0,0,0.123,0,100,0,5.8,0,7,6,5,0,0,0,"2021_12_28_6"
7.108,6.947,1072,346,1816,343,2021,12,52,362,28,2,6,1007.1,6.6,6.6,6.5,99,6.4,6.5,6.4,1.61,11.3,5.4,6.7,5.6,4,0,0,0,0,0,0,0.123,0,100,0,5.7,0,0,6,5,0,0,0,"2021_12_28_6"
7.252,7.252,747,160,0,0,2021,12,52,362,28,2,7,1007.2,6.6,6.6,6.5,99,6.4,6.5,4.8,1.21,11.3,5.9,6.7,6.1,4.5,0,0,0,0,0,0,0.123,0,100,0,5.7,0,1,6,5,0,0,0,"2021_12_28_7"
7.327,7.387,747,200,520,270,2021,12,52,362,28,2,7,1007,6.6,6.6,6.6,99,6.5,6.5,3.2,0.8,6.4,6.6,6.8,6.8,5.2,0,0,0,0,0,0,0.122,0,100,0,5.8,0,2,5,5,0,0,0,"2021_12_28_7"
7.277,7.978,1326,169,600,180,2021,12,52,362,28,2,7,1007,6.6,6.6,6.6,99,6.5,6.5,3.2,0.8,6.4,6.6,6.8,6.8,5.2,0,0,0,0,0,0,0.122,0,100,0,5.8,0,3,6,4,0,0,0,"2021_12_28_7"
7.296,7.481,1326,191,794,221,2021,12,52,362,28,2,7,1007.1,6.6,6.6,6.6,99,6.4,6.5,3.2,0.8,4.8,6.6,6.7,6.7,5.2,0,0,0,0,0,0,0.123,0,100,0,5.9,0,4,6,5,0,0,0,"2021_12_28_7"
7.333,7.119,1660,9,2340,0,2021,12,52,362,28,2,8,1007.2,6.6,6.6,6.6,99,6.5,6.5,3.2,0.8,4.8,6.6,6.8,6.8,5.2,0,0,0,0,0,0,0.122,0,100,0,6,0,5,6,5,0,0,0,"2021_12_28_8"
7.425,7.269,1660,351,2397,347,2021,12,52,362,28,2,8,1007.3,6.6,6.6,6.6,99,6.5,6.5,3.2,0.8,6.4,6.6,6.8,6.8,5.2,0,0,0,0,0,0,0.122,0,100,0,6.1,0,6,5,4,0,0,0,"2021_12_28_8"
7.657,7.237,1072,14,1740,0,2021,12,52,362,28,2,8,1007.3,6.6,6.6,6.6,99,6.5,6.5,3.2,0.8,4.8,6.6,6.8,6.8,5.3,0,0,4,0.09,11,0,0.122,0,100,0,6.1,0,7,5,4,0,0,0,"2021_12_28_8"
7.978,7.638,1072,346,1816,343,2021,12,52,362,28,2,8,1008,6.6,6.6,6.6,99,6.4,6.5,4.8,1.21,9.7,5.9,6.7,6.1,4.8,0,0,18,0.39,21,0,0.123,0,100,0,6.3,0,0,6,5,0,0,0,"2021_12_28_8"
8.018,8.018,747,160,0,0,2021,12,52,362,28,2,9,1007.8,6.6,6.6,6.6,99,6.5,6.5,4.8,1.21,9.7,6,6.8,6.2,4.8,0,0,14,0.3,18,0,0.122,0,100,0,6.4,0,1,5,5,0,0,0,"2021_12_28_9"
8.374,8.551,747,200,520,270,2021,12,52,362,28,2,9,1008,6.6,6.6,6.6,99,6.5,6.5,6.4,1.61,11.3,5.5,6.8,5.7,4.4,0,0,28,0.6,49,0,0.122,0,100,2,6.5,0,2,5,4,0,0,0,"2021_12_28_9"
8.674,9.333,1326,169,600,180,2021,12,52,362,28,2,9,1007.8,6.6,6.6,6.6,99,6.5,6.5,8,2.01,12.9,5,6.8,5.2,5.1,0,0,40,0.86,49,0,0.122,0,100,2,6.9,0,3,6,5,0,0,0,"2021_12_28_9"
9.814,10.204,1326,191,794,221,2021,12,52,362,28,2,9,1007.7,6.7,6.7,6.6,99,6.5,6.6,6.4,1.61,11.3,5.5,6.9,5.7,6.1,0,0,62,1.33,81,0,0.122,0,100,3,7.7,0,4,6,4,0,0,0,"2021_12_28_9"
9.638,9.838,1660,9,2340,0,2021,12,52,362,28,2,10,1008,6.7,6.7,6.6,99,6.6,6.6,6.4,1.61,9.7,5.6,6.9,5.8,5.8,0,0,48,1.03,60,0.03,0.121,0,100,2,8.1,0,5,6,5,0,0,0,"2021_12_28_10"
9.68,10.4,1660,351,2397,347,2021,12,52,362,28,2,10,1008,6.8,6.8,6.7,99,6.7,6.8,4.8,1.21,11.3,6.2,7,6.4,6.8,0,0,64,1.38,100,0,0.12,0,100,2,8.7,0,6,6,5,0,0,0,"2021_12_28_10"
9.661,10.28,1072,14,1740,0,2021,12,52,362,28,2,10,1008.1,6.8,6.9,6.7,99,6.7,6.8,4.8,1.21,11.3,6.2,7,6.4,6.3,0,0,45,0.97,62,0,0.12,0,100,4,8.8,0,7,7,7,0,0,0,"2021_12_28_10"
10.306,11.104,1072,346,1816,343,2021,12,52,362,28,2,10,1008,6.9,6.9,6.8,99,6.7,6.8,6.4,1.61,11.3,5.8,7.1,6,6.4,0,0,69,1.48,98,0,0.119,0,100,3,9.2,0,0,6,5,0,0,0,"2021_12_28_10"
10.432,10.432,747,160,0,0,2021,12,52,362,28,2,11,1008,7.1,7.1,6.9,98,6.8,6.9,4.8,1.21,11.3,6.5,7.2,6.7,7.1,0,0,72,1.55,79,0.03,0.117,0,100,4,9.4,0,1,6,4,0,0,0,"2021_12_28_11"
10.908,11.257,747,200,520,270,2021,12,52,362,28,2,11,1007.8,7.2,7.2,7.1,98,6.9,7,4.8,1.21,11.3,6.6,7.3,6.8,7.3,0,0,75,1.61,84,0,0.116,0,100,5,9.8,0,2,6,5,0,0,0,"2021_12_28_11"
11.33,12.13,1326,169,600,180,2021,12,52,362,28,2,11,1007.8,7.2,7.2,7.1,98,6.9,7,4.8,1.21,8,6.6,7.3,6.8,7.7,0,0,93,2,109,0,0.116,0,100,4,10.2,0,3,8,7,0,0,0,"2021_12_28_11"
10.834,11.643,1326,191,794,221,2021,12,52,362,28,2,11,1007.7,7.2,7.2,7.2,98,6.9,7.1,3.2,0.8,9.7,7.2,7.4,7.4,7.8,0,0,70,1.51,91,0,0.116,0,100,2,9.9,0,4,7,5,0,0,0,"2021_12_28_11"
10.605,11.294,1660,9,2340,0,2021,12,52,362,28,2,12,1007.8,7.4,7.4,7.2,98,7.1,7.2,4.8,1.21,11.3,6.9,7.6,7.1,7.3,0,0,66,1.42,90,0.03,0.114,0,100,4,9.6,0,5,7,7,0,0,0,"2021_12_28_12"
10.38,11.815,1660,351,2397,347,2021,12,52,362,28,2,12,1007.7,7.4,7.5,7.4,98,7.1,7.3,4.8,1.21,8,6.9,7.6,7.1,7.4,0,0,67,1.44,88,0,0.113,0,100,2,9.6,0,6,8,7,0,0,0,"2021_12_28_12"
11.139,12.059,1072,14,1740,0,2021,12,52,362,28,2,12,1007.5,7.6,7.6,7.4,98,7.3,7.5,3.2,0.8,6.4,7.6,7.8,7.8,8.2,0,0,71,1.53,84,0,0.112,0,100,4,9.8,0,7,7,5,0,0,0,"2021_12_28_12"
10.715,12.013,1072,346,1816,343,2021,12,52,362,28,2,12,1007.2,7.7,7.7,7.6,97,7.3,7.5,3.2,0.8,6.4,7.7,7.9,7.9,8.4,0,0,77,1.66,86,0,0.111,0,100,3,10,0,0,7,6,0,0,0,"2021_12_28_12"
10.834,10.834,747,160,0,0,2021,12,52,362,28,2,13,1007.2,7.8,7.8,7.7,97,7.4,7.6,4.8,1.21,6.4,7.4,8,7.6,8.1,0,0,75,1.61,95,0.03,0.109,0,100,4,10.1,0,1,7,5,0,0,0,"2021_12_28_13"
11.765,12.326,747,200,520,270,2021,12,52,362,28,2,13,1006.9,7.9,8,7.8,97,7.5,7.7,4.8,1.21,11.3,7.5,8.1,7.7,8.6,0,0,93,2,107,0,0.108,0,100,6,10.7,0,2,8,6,0,0,0,"2021_12_28_13"
12.195,13.032,1326,169,600,180,2021,12,52,362,28,2,13,1006.6,8.2,8.2,7.9,96,7.6,7.8,4.8,1.21,9.7,7.7,8.4,7.9,8.7,0,0,87,1.87,105,0,0.106,0,100,3,11.4,0,3,6,6,0,0,0,"2021_12_28_13"
12.21,13.142,1326,191,794,221,2021,12,52,362,28,2,13,1006.5,8.2,8.2,8.1,96,7.6,7.8,8,2.01,12.9,6.9,8.4,7,7.8,0,0,83,1.79,100,0,0.106,0,100,5,10.5,0,4,6,5,0,0,0,"2021_12_28_13"
11.743,12.001,1660,9,2340,0,2021,12,52,362,28,2,14,1006.5,8.3,8.3,8.2,95,7.5,7.9,9.7,2.41,14.5,6.7,8.4,6.8,7.6,0,0,85,1.83,98,0.05,0.105,0,100,4,10,0,5,5,4,0,0,0,"2021_12_28_14"
12.441,11.942,1660,351,2397,347,2021,12,52,362,28,2,14,1006.3,8.3,8.3,8.2,95,7.5,7.9,9.7,2.41,14.5,6.7,8.4,6.8,7.8,0,0,89,1.91,104,0,0.105,0,100,4,10.4,0,6,6,4,0,0,0,"2021_12_28_14"
11.943,11.869,1072,14,1740,0,2021,12,52,362,28,2,14,1006.2,8.3,8.4,8.3,95,7.5,7.9,8,2.01,12.9,7,8.4,7.2,7.9,0,0,79,1.7,95,0,0.105,0,100,3,10.4,0,7,6,5,0,0,0,"2021_12_28_14"
11.634,11.166,1072,346,1816,343,2021,12,52,362,28,2,14,1006.3,8.3,8.3,8.3,95,7.6,7.9,8,2.01,12.9,7.1,8.5,7.2,7.5,0,0,57,1.23,62,0,0.104,0,100,4,9.7,0,0,6,5,0,0,0,"2021_12_28_14"
11.342,11.342,747,160,0,0,2021,12,52,362,28,2,15,1006.4,8.3,8.4,8.3,95,7.6,7.9,9.7,2.41,14.5,6.7,8.5,6.9,7.2,0,0,57,1.23,67,0.03,0.104,0,100,4,9.7,0,1,6,5,0,0,0,"2021_12_28_15"
11.481,11.736,747,200,520,270,2021,12,52,362,28,2,15,1006.2,8.3,8.4,8.3,94,7.4,7.8,8,2.01,14.5,7.1,8.5,7.2,7.8,0,0,73,1.57,86,0,0.104,0,100,3,10,0,2,6,5,0,0,0,"2021_12_28_15"
10.921,11.801,1326,169,600,180,2021,12,52,362,28,2,15,1006.2,8.4,8.4,8.3,94,7.5,7.9,9.7,2.41,16.1,6.8,8.5,6.9,5.9,0,0,52,1.12,63,0,0.104,0,100,2,10,0,3,6,5,0,0,0,"2021_12_28_15"
10.279,11.128,1326,191,794,221,2021,12,52,362,28,2,15,1006.3,8.3,8.4,8.3,94,7.4,7.8,8,2.01,16.1,7.1,8.5,7.2,6,0,0,33,0.71,46,0,0.104,0,100,1,9.4,0,4,6,5,0,0,0,"2021_12_28_15"
9.646,9.794,1660,9,2340,0,2021,12,52,362,28,2,16,1006.2,8.3,8.3,8.2,94,7.4,7.8,8,2.01,12.9,7,8.4,7.1,5.7,0,0,20,0.43,28,0.03,0.105,0,100,0,9,0,5,6,5,0,0,0,"2021_12_28_16"
9.245,9.359,1660,351,2397,347,2021,12,52,362,28,2,16,1006.1,8.2,8.3,8.2,94,7.3,7.7,6.4,1.61,11.3,7.3,8.4,7.5,5.9,0,0,7,0.15,11,0,0.105,0,100,0,8.4,0,6,6,5,0,0,0,"2021_12_28_16"
9.067,8.852,1072,14,1740,0,2021,12,52,362,28,2,16,1005.9,8.1,8.2,8.1,95,7.4,7.7,4.8,1.21,8,7.7,8.3,7.9,6.2,0,0,0,0,5,0,0.106,0,100,0,7.8,0,7,5,4,0,0,0,"2021_12_28_16"
8.771,8.5,1072,346,1816,343,2021,12,52,362,28,2,16,1005.7,8.1,8.2,8.1,95,7.3,7.6,3.2,0.8,4.8,8.1,8.2,8.2,6.6,0,0,0,0,0,0,0.107,0,100,0,7.5,0,0,6,5,0,0,0,"2021_12_28_16"
8.512,8.512,747,160,0,0,2021,12,52,362,28,2,17,1005.7,8,8.1,8,95,7.2,7.6,4.8,1.21,8,7.6,8.2,7.7,6.1,0,0,0,0,0,0,0.108,0,100,0,7.2,0,1,5,4,0,0,0,"2021_12_28_17"
8.302,8.29,747,200,520,270,2021,12,52,362,28,2,17,1005.6,7.9,8,7.9,95,7.2,7.5,6.4,1.61,11.3,7,8.1,7.2,5.5,0,0,0,0,0,0,0.108,0,100,0,6.9,0,2,5,4,0,0,0,"2021_12_28_17"
8.179,8.914,1326,169,600,180,2021,12,52,362,28,2,17,1005.7,7.8,7.9,7.8,95,7.1,7.4,6.4,1.61,11.3,6.9,8,7,5.4,0,0,0,0,0,0,0.109,0,100,0,6.8,0,3,5,4,0,0,0,"2021_12_28_17"
8.124,8.293,1326,191,794,221,2021,12,52,362,28,2,17,1005.7,7.8,7.9,7.8,96,7.2,7.5,6.4,1.61,11.3,6.8,8,7,5.3,0,0,0,0,0,0,0.11,0,100,0,6.7,0,4,5,4,0,0,0,"2021_12_28_17"
8.043,7.971,1660,9,2340,0,2021,12,52,362,28,2,18,1005.9,7.8,7.8,7.7,96,7.2,7.5,8,2.01,12.9,6.4,8,6.6,4.9,0,0,0,0,0,0,0.11,0,100,0,6.6,0,5,5,5,0,0,0,"2021_12_28_18"
7.999,7.92,1660,351,2397,347,2021,12,52,362,28,2,18,1005.6,7.7,7.8,7.6,96,7.1,7.3,8,2.01,12.9,6.3,7.8,6.4,4.8,0,0,0,0,0,0,0.111,0,100,0,6.6,0,6,5,4,0,0,0,"2021_12_28_18"
7.962,7.837,1072,14,1740,0,2021,12,52,362,28,2,18,1006,7.6,7.7,7.6,96,7,7.3,6.4,1.61,9.7,6.6,7.8,6.8,5.1,0,0,0,0,0,0,0.112,0,100,0,6.5,0,7,5,5,0,0,0,"2021_12_28_18"
7.984,7.755,1072,346,1816,343,2021,12,52,362,28,2,18,1006.2,7.6,7.6,7.6,96,7,7.2,6.4,1.61,9.7,6.5,7.7,6.7,5,0,0,0,0,0,0,0.112,0,100,0,6.5,0,0,6,5,0,0,0,"2021_12_28_18"
8.026,8.026,747,160,0,0,2021,12,52,362,28,2,19,1006.2,7.6,7.6,7.5,96,7,7.2,4.8,1.21,9.7,7.1,7.7,7.2,5.5,0,0,0,0,0,0,0.112,0,100,0,6.5,0,1,6,5,0,0,0,"2021_12_28_19"
8.127,8.107,747,200,520,270,2021,12,52,362,28,2,19,1006.3,7.5,7.6,7.5,96,6.9,7.2,1.6,0.4,4.8,7.5,7.7,7.7,6,0,0,0,0,0,0,0.113,0,100,0,6.5,0,2,7,6,0,0,0,"2021_12_28_19"
8.087,8.664,1326,169,600,180,2021,12,52,362,28,2,19,1006.6,7.5,7.6,7.5,96,6.9,7.2,3.2,0.8,6.4,7.5,7.7,7.7,6,0,0,0,0,0,0,0.113,0,100,0,6.5,0,3,6,6,0,0,0,"2021_12_28_19"
7.932,8.078,1326,191,794,221,2021,12,52,362,28,2,19,1006.4,7.5,7.6,7.5,96,6.9,7.2,4.8,1.21,11.3,7,7.7,7.1,5.5,0,0,0,0,0,0,0.113,0,100,0,6.5,0,4,5,4,0,0,0,"2021_12_28_19"
7.793,7.696,1660,9,2340,0,2021,12,52,362,28,2,20,1005.9,7.4,7.5,7.4,96,6.8,7.1,6.4,1.61,14.5,6.4,7.6,6.6,4.9,0,0,0,0,0,0,0.113,0,100,0,6.4,0,5,5,4,0,0,0,"2021_12_28_20"
7.784,7.68,1660,351,2397,347,2021,12,52,362,28,2,20,1005.4,7.4,7.5,7.4,96,6.8,7.1,6.4,1.61,11.3,6.4,7.6,6.6,4.9,0,0,0,0,0,0,0.113,0,100,0,6.3,0,6,5,4,0,0,0,"2021_12_28_20"
7.751,7.582,1072,14,1740,0,2021,12,52,362,28,2,20,1005.5,7.4,7.4,7.4,96,6.8,7.1,4.8,1.21,12.9,6.9,7.5,7,5.3,0,0,0,0,0,0,0.114,0,100,0,6.3,0,7,5,5,0,0,0,"2021_12_28_20"
7.787,7.564,1072,346,1816,343,2021,12,52,362,28,2,20,1005.8,7.3,7.4,7.3,97,6.9,7.1,3.2,0.8,8,7.3,7.5,7.5,5.8,0,0,0,0,0,0,0.115,0,100,0,6.3,0,0,6,4,0,0,0,"2021_12_28_20"
7.943,7.943,747,160,0,0,2021,12,52,362,28,2,21,1005.7,7.3,7.4,7.3,97,6.9,7.1,3.2,0.8,6.4,7.3,7.5,7.5,5.8,0,0,0,0,0,0,0.115,0,100,0,6.4,0,1,6,6,0,0,0,"2021_12_28_21"
7.713,7.729,747,200,520,270,2021,12,52,362,28,2,21,1005.9,7.3,7.3,7.3,96,6.7,7,6.4,1.61,9.7,6.2,7.4,6.4,4.7,0,0,0,0,0,0,0.115,0,100,0,6.3,0,2,6,5,0,0,0,"2021_12_28_21"
7.777,8.411,1326,169,600,180,2021,12,52,362,28,2,21,1005.9,7.3,7.3,7.2,97,6.8,7,4.8,1.21,11.3,6.7,7.4,6.9,5.2,0,0,0,0,0,0,0.115,0,100,0,6.3,0,3,7,6,0,0,0,"2021_12_28_21"
7.76,7.854,1326,191,794,221,2021,12,52,362,28,2,21,1005.8,7.2,7.3,7.2,96,6.6,6.9,8,2.01,11.3,5.7,7.3,5.8,4.1,0,0,0,0,0,0,0.116,0,100,0,6.3,0,4,6,6,0,0,0,"2021_12_28_21"
7.443,7.204,1660,9,2340,0,2021,12,52,362,28,2,22,1005.5,7.2,7.3,7.2,96,6.6,6.9,6.4,1.61,9.7,6.1,7.3,6.2,4.5,0,0,0,0,0,0,0.116,0,100,0,6.1,0,5,7,5,0,0,0,"2021_12_28_22"
7.209,6.504,1660,351,2397,347,2021,12,52,362,28,2,22,1005.6,7,7.2,6.9,97,6.6,6.8,4.8,1.21,9.7,6.4,7.2,6.6,4.9,0,0,0,0,0,0,0.118,0,100,0,5.5,0,6,7,5,0,0,0,"2021_12_28_22"
7.355,7.015,1072,14,1740,0,2021,12,52,362,28,2,22,1005.9,7.1,7.1,6.9,97,6.6,6.8,4.8,1.21,11.3,6.5,7.2,6.6,4.9,0,0,0,0,0,0,0.117,0,100,0,5.8,0,7,8,6,0,0,0,"2021_12_28_22"
7.343,7.088,1072,346,1816,343,2021,12,52,362,28,2,22,1005.7,7.1,7.1,7,97,6.6,6.8,3.2,0.8,9.7,7.1,7.2,7.2,5.5,0,0,0,0,0,0,0.117,0,100,0,5.9,0,0,6,6,0,0,0,"2021_12_28_22"
7.41,7.41,747,160,0,0,2021,12,52,362,28,2,23,1005.9,6.9,7.1,6.9,97,6.5,6.7,3.2,0.8,6.4,6.9,7.1,7.1,5.4,0,0,0,0,0,0,0.119,0,100,0,5.8,0,1,7,6,0,0,0,"2021_12_28_23"
7.481,7.614,747,200,520,270,2021,12,52,362,28,2,23,1005.9,7,7,6.9,97,6.6,6.8,3.2,0.8,6.4,7,7.2,7.2,5.5,0,0,0,0,0,0,0.118,0,100,0,5.9,0,2,7,7,0,0,0,"2021_12_28_23"
7.563,8.238,1326,169,600,180,2021,12,52,362,28,2,23,1005.9,6.9,7,6.9,97,6.5,6.7,3.2,0.8,6.4,6.9,7.1,7.1,5.4,0,0,0,0,0,0,0.119,0,100,0,6,0,3,7,7,0,0,0,"2021_12_28_23"
7.531,7.693,1326,191,794,221,2021,12,52,362,28,2,23,1005.6,6.9,7,6.8,97,6.4,6.7,1.6,0.4,4.8,6.9,7,7,5.3,0,0,0,0,0,0,0.119,0,100,0,6.2,0,4,6,6,0,0,0,"2021_12_28_23"
7.594,7.45,1660,9,2340,0,2021,12,52,363,29,3,0,1005.7,6.8,6.9,6.8,97,6.3,6.5,3.2,0.8,6.4,6.8,6.9,6.9,5.2,0,0,0,0,0,0,0.12,0,100,0,6.2,0,5,5,4,0,0,0,"2021_12_29_0"
7.594,7.291,1660,351,2397,347,2021,12,52,363,29,3,0,1005.7,6.7,6.8,6.7,97,6.3,6.5,3.2,0.8,6.4,6.7,6.9,6.9,5.2,0,0,0,0,0,0,0.121,0,100,0,6.1,0,6,6,5,0,0,0,"2021_12_29_0"
7.553,7.133,1072,14,1740,0,2021,12,52,363,29,3,0,1005.5,6.7,6.8,6.6,97,6.2,6.4,4.8,1.21,9.7,6.1,6.8,6.2,4.5,0,0,0,0,0,0,0.122,0,100,0,6,0,7,6,5,0,0,0,"2021_12_29_0"
7.418,7.074,1072,346,1816,343,2021,12,52,363,29,3,0,1005.6,6.6,6.7,6.6,97,6.2,6.4,4.8,1.21,9.7,6,6.8,6.1,4.4,0,0,0,0,0,0,0.122,0,100,0,5.9,0,0,6,5,0,0,0,"2021_12_29_0"
7.417,7.417,747,160,0,0,2021,12,52,363,29,3,1,1005.5,6.6,6.7,6.6,97,6.2,6.4,4.8,1.21,9.7,6,6.8,6.1,4.4,0,0,0,0,0,0,0.122,0,100,0,5.9,0,1,6,5,0,0,0,"2021_12_29_1"
7.344,7.379,747,200,520,270,2021,12,52,363,29,3,1,1005.5,6.6,6.6,6.6,97,6.1,6.3,4.8,1.21,11.3,5.9,6.7,6.1,4.4,0,0,0,0,0,0,0.123,0,100,0,5.9,0,2,6,5,0,0,0,"2021_12_29_1"
7.299,8.142,1326,169,600,180,2021,12,52,363,29,3,1,1005.5,6.5,6.6,6.5,97,6.1,6.3,3.2,0.8,6.4,6.5,6.6,6.6,4.9,0,0,0,0,0,0,0.123,0,100,0,5.8,0,3,6,5,0,0,0,"2021_12_29_1"
7.146,7.418,1326,191,794,221,2021,12,52,363,29,3,1,1005.7,6.4,6.5,6.4,97,6,6.2,3.2,0.8,6.4,6.4,6.6,6.6,4.9,0,0,0,0,0,0,0.124,0,100,0,5.8,0,4,6,5,0,0,0,"2021_12_29_1"
7.096,6.846,1660,9,2340,0,2021,12,52,363,29,3,2,1005.7,6.4,6.4,6.4,97,5.9,6.2,3.2,0.8,6.4,6.4,6.5,6.5,4.8,0,0,0,0,0,0,0.124,0,100,0,5.7,0,5,6,5,0,0,0,"2021_12_29_2"
6.823,6.526,1660,351,2397,347,2021,12,52,363,29,3,2,1005.6,6.3,6.4,6.3,97,5.8,6.1,4.8,1.21,9.7,5.6,6.4,5.7,4,0,0,0,0,0,0,0.126,0,100,0,5.4,0,6,6,5,0,0,0,"2021_12_29_2"
6.07,5.819,1072,14,1740,0,2021,12,52,363,29,3,2,1005.6,6.2,6.3,6.2,97,5.8,6,3.2,0.8,6.4,6.2,6.3,6.3,4.6,0,0,0,0,0,0,0.126,0,100,0,4.7,0,7,6,5,0,0,0,"2021_12_29_2"
5.525,4.977,1072,346,1816,343,2021,12,52,363,29,3,2,1005.7,6.1,6.2,6,97,5.6,5.8,4.8,1.21,9.7,5.4,6.2,5.5,3.7,0,0,0,0,0,0,0.128,0,100,0,4,0,0,6,5,0,0,0,"2021_12_29_2"
5.891,5.891,747,160,0,0,2021,12,52,363,29,3,3,1006.2,6.1,6.1,5.9,98,5.8,5.9,4.8,1.21,9.7,5.4,6.2,5.5,3.8,0,0,0,0,0,0,0.128,0,100,0,4.1,0,1,6,5,0,0,0,"2021_12_29_3"
6.523,6.672,747,200,520,270,2021,12,52,363,29,3,3,1005.9,6.2,6.2,6.1,98,5.9,6,6.4,1.61,12.9,4.9,6.3,5.1,3.3,0,0,0,0,0,0,0.127,0,100,0,4.8,0,2,6,5,0,0,0,"2021_12_29_3"
6.897,7.578,1326,169,600,180,2021,12,52,363,29,3,3,1005.7,6.3,6.3,6.2,98,6,6.1,6.4,1.61,11.3,5.1,6.4,5.2,3.5,0,0,0,0,0,0,0.126,0,100,0,5.2,0,3,6,5,0,0,0,"2021_12_29_3"
6.845,7.003,1326,191,794,221,2021,12,52,363,29,3,3,1005.5,6.1,6.3,6.1,97,5.7,5.9,9.7,2.41,14.5,4.1,6.2,4.2,2.4,0,0,0,0,0,0,0.127,0,100,0,5.3,0,4,6,4,0,0,0,"2021_12_29_3"
6.971,6.815,1660,351,2397,347,2021,12,52,363,29,3,4,1005.8,5.7,5.9,5.6,98,5.4,5.5,6.4,1.61,11.3,4.4,5.8,4.5,2.7,0,0,0,0,0,0,0.132,0,100,0,5.5,0,6,6,4,0,0,0,"2021_12_29_4"
6.705,6.411,1072,346,1816,343,2021,12,52,363,29,3,4,1006.1,5.6,5.7,5.6,98,5.3,5.5,6.4,1.61,11.3,4.3,5.7,4.4,2.6,0,0,0,0,0,0,0.133,0,100,0,5.2,0,0,6,4,0,0,0,"2021_12_29_4"
6.739,6.745,747,200,520,270,2021,12,52,363,29,3,5,1006.1,5.6,5.7,5.6,98,5.3,5.4,6.4,1.61,11.3,4.2,5.6,4.3,2.6,0,0,0,0,0,0,0.133,0,100,0,5.3,0,2,6,5,0,0,0,"2021_12_29_5"
6.58,6.892,1326,191,794,221,2021,12,52,363,29,3,5,1006.2,5.6,5.6,5.5,99,5.4,5.5,3.2,0.8,6.4,5.5,5.7,5.6,3.9,0,0,0,0,0,0,0.133,0,100,0,5.4,0,4,7,7,0,0,0,"2021_12_29_5"
6.895,6.61,1660,351,2397,347,2021,12,52,363,29,3,6,1006.3,5.6,5.6,5.6,99,5.4,5.5,3.2,0.8,6.4,5.5,5.7,5.6,3.9,0,0,0,0,0,0,0.133,0,100,0,5.5,0,6,6,5,0,0,0,"2021_12_29_6"
6.995,6.553,1072,346,1816,343,2021,12,52,363,29,3,6,1006.8,5.6,5.6,5.6,99,5.5,5.5,3.2,0.8,6.4,5.6,5.7,5.7,4,0,0,0,0,0,0,0.133,0,100,0,5.5,0,0,6,5,0,0,0,"2021_12_29_6"
6.72,6.721,747,200,520,270,2021,12,52,363,29,3,7,1007,5.6,5.6,5.5,99,5.4,5.5,3.2,0.8,6.4,5.5,5.7,5.6,3.9,0,0,0,0,0,0,0.133,0,100,0,5.2,0,2,6,5,0,0,0,"2021_12_29_7"
6.815,7.018,1326,191,794,221,2021,12,52,363,29,3,7,1006.9,5.4,5.5,5.4,99,5.3,5.4,3.2,0.8,6.4,5.4,5.5,5.5,3.8,0,0,0,0,0,0,0.134,0,100,0,5.4,0,4,6,5,0,0,0,"2021_12_29_7"
6.778,6.819,1660,351,2397,347,2021,12,52,363,29,3,8,1007.3,5.4,5.4,5.3,99,5.2,5.3,3.2,0.8,6.4,5.4,5.5,5.5,3.7,0,0,0,0,0,0,0.135,0,100,0,5.4,0,6,6,5,0,0,0,"2021_12_29_8"
6.925,6.832,1072,346,1816,343,2021,12,52,363,29,3,8,1007.7,5.3,5.3,5.3,99,5.2,5.3,3.2,0.8,4.8,5.3,5.4,5.4,3.7,0,0,4,0.09,5,0,0.135,0,100,0,5.5,0,0,6,5,0,0,0,"2021_12_29_8"
7.599,7.827,747,200,520,270,2021,12,52,363,29,3,9,1007.9,5.3,5.3,5.3,99,5.2,5.3,1.6,0.4,3.2,5.3,5.4,5.4,3.9,0,0,19,0.41,26,0,0.135,0,100,2,6,0,2,8,7,0,0,0,"2021_12_29_9"
7.748,8.307,1326,191,794,221,2021,12,52,363,29,3,9,1008.2,5.3,5.4,5.3,99,5.2,5.3,3.2,0.8,4.8,5.3,5.4,5.4,4.8,0,0,25,0.54,30,0,0.135,0,100,2,6.4,0,4,6,5,0,0,0,"2021_12_29_9"
7.921,7.918,1660,351,2397,347,2021,12,52,363,29,3,10,1008.4,5.3,5.3,5.3,99,5.1,5.2,3.2,0.8,6.4,5.2,5.4,5.3,4.6,0,0,22,0.47,46,0,0.136,0,100,2,6.5,0,6,6,5,0,0,0,"2021_12_29_10"
10.092,9.529,1072,346,1816,343,2021,12,52,363,29,3,10,1008.8,5.5,5.5,5.3,99,5.4,5.4,1.6,0.4,3.2,5.5,5.6,5.6,5.8,0,0,63,1.36,83,0,0.134,0,100,4,8,0,0,6,5,0,0,0,"2021_12_29_10"
10.366,10.45,747,200,520,270,2021,12,52,363,29,3,11,1008.8,5.8,5.8,5.7,99,5.7,5.8,3.2,0.8,6.4,5.8,6,6,5.8,0,0,47,1.01,58,0,0.13,0,100,3,8.6,0,2,5,13,0,0,0,"2021_12_29_11"
11.183,11.904,1326,191,794,221,2021,12,52,363,29,3,11,1008.7,5.9,5.9,5.9,99,5.8,5.9,4.8,1.21,6.4,5.2,6.1,5.4,5.9,0,0,79,1.7,88,0,0.129,0,100,5,9.5,0,4,1,1,0,0,0,"2021_12_29_11"
10.741,10.352,1660,351,2397,347,2021,12,52,363,29,3,12,1008.8,6,6.1,5.9,99,5.9,5.9,3.2,0.8,6.4,6,6.1,6.1,6.3,0,0,65,1.4,77,0,0.128,0,100,4,9.1,0,6,2,2,0,0,0,"2021_12_29_12"
11.549,11.329,1072,346,1816,343,2021,12,52,363,29,3,12,1008.9,6.2,6.2,6.1,98,5.9,6.1,3.2,0.8,8,6.2,6.4,6.4,6.9,0,0,79,1.7,93,0,0.126,0,100,4,9.9,0,0,0,3,0,0,0,"2021_12_29_12"
11.494,11.393,747,200,520,270,2021,12,52,363,29,3,13,1008.6,6.4,6.4,6.3,98,6.1,6.2,1.6,0.4,4.8,6.4,6.5,6.5,7.2,0,0,84,1.81,93,0,0.124,0,100,5,9.8,0,2,5,4,0,0,0,"2021_12_29_13"
12.101,12.877,1326,191,794,221,2021,12,52,363,29,3,13,1008.6,6.6,6.6,6.4,96,6,6.3,1.6,0.4,6.4,6.6,6.7,6.7,7.3,0,0,78,1.68,84,0,0.122,0,100,4,10.6,0,4,0,1,0,0,0,"2021_12_29_13"
12.397,12.45,1660,351,2397,347,2021,12,52,363,29,3,14,1008.4,6.6,6.7,6.6,96,6,6.3,3.2,0.8,6.4,6.6,6.7,6.7,8,0,0,108,2.32,113,0,0.122,0,100,5,10.7,0,6,2,3,0,0,0,"2021_12_29_14"
11.425,10.908,1072,346,1816,343,2021,12,52,363,29,3,14,1008.3,6.7,6.7,6.6,95,6,6.3,1.6,0.4,4.8,6.7,6.8,6.8,7.4,0,0,72,1.55,77,0,0.121,0,100,4,9.5,0,0,5,5,0,0,0,"2021_12_29_14"
12.36,12.431,747,200,520,270,2021,12,52,363,29,3,15,1008.7,7,7.1,6.8,95,6.3,6.6,0,0,3.2,7,7.1,7.1,8.1,0,0,97,2.09,134,0,0.118,0,100,4,10.7,0,2,9,5,0,0,0,"2021_12_29_15"
11.543,12.113,1326,191,794,221,2021,12,52,363,29,3,15,1008.7,7.1,7.2,7.1,93,6.1,6.6,1.6,0.4,6.4,7.1,7.2,7.2,6.1,0,0,61,1.31,69,0,0.117,0,100,2,10.3,0,4,4,1,0,0,0,"2021_12_29_15"
9.251,9.378,1660,351,2397,347,2021,12,52,363,29,3,16,1009.1,7.1,7.2,7.1,93,6.1,6.6,1.6,0.4,8,7.1,7.2,7.2,5.6,0,0,18,0.39,26,0,0.117,0,100,0,8.2,0,6,0,13,0,0,0,"2021_12_29_16"
7.924,7.809,1072,346,1816,343,2021,12,52,363,29,3,16,1009.7,6.9,7.1,6.9,93,5.8,6.3,3.2,0.8,6.4,6.9,7,7,5.2,0,0,0,0,5,0,0.119,0,100,0,7,0,0,4,0,0,0,0,"2021_12_29_16"
6.889,7.012,747,200,520,270,2021,12,52,363,29,3,17,1009.4,6.6,6.8,6.6,93,5.5,6,1.6,0.4,4.8,6.6,6.6,6.6,4.8,0,0,0,0,0,0,0.123,0,100,0,5.8,0,2,4,0,0,0,0,"2021_12_29_17"
7.159,7.269,1326,191,794,221,2021,12,52,363,29,3,17,1009.9,6.3,6.4,6.3,94,5.4,5.9,0,0,3.2,6.3,6.4,6.4,4.5,0,0,0,0,0,0,0.125,0,100,0,5.5,0,4,9,0,0,0,0,"2021_12_29_17"
7.297,6.811,1660,351,2397,347,2021,12,52,363,29,3,18,1010.6,6.6,6.6,6.4,95,5.8,6.2,1.6,0.4,3.2,6.6,6.7,6.7,4.8,0,0,0,0,0,0,0.123,0,100,0,5.6,0,6,4,0,0,0,0,"2021_12_29_18"
6.944,6.685,1072,346,1816,343,2021,12,52,363,29,3,18,1010.4,6.5,6.6,6.4,95,5.8,6.1,0,0,3.2,6.5,6.6,6.6,4.8,0,0,0,0,0,0,0.123,0,100,0,5.5,0,0,9,0,0,0,0,"2021_12_29_18"
5.598,5.864,747,200,520,270,2021,12,52,363,29,3,19,1011.3,6.4,6.4,6.4,95,5.6,6,1.6,0.4,4.8,6.4,6.5,6.5,4.6,0,0,0,0,0,0,0.124,0,100,0,4.2,0,2,4,0,0,0,0,"2021_12_29_19"
6.121,6.21,1326,191,794,221,2021,12,52,363,29,3,19,1011.7,6.3,6.3,6.2,95,5.5,5.9,1.6,0.4,3.2,6.3,6.4,6.4,4.5,0,0,0,0,0,0,0.126,0,100,0,4.4,0,4,8,7,0,0,0,"2021_12_29_19"
6.655,6.334,1660,351,2397,347,2021,12,52,363,29,3,20,1011.1,6.2,6.3,6.2,95,5.5,5.8,0,0,3.2,6.2,6.3,6.3,4.4,0,0,0,0,0,0,0.126,0,100,0,5,0,6,9,12,0,0,0,"2021_12_29_20"
6.052,5.6,1072,346,1816,343,2021,12,52,363,29,3,20,1010.9,5.8,5.9,5.8,96,5.2,5.5,1.6,0.4,6.4,5.8,5.8,5.8,4,0,0,0,0,0,0,0.131,0,100,0,4.4,0,0,13,5,0,0,0,"2021_12_29_20"
5.443,5.706,747,200,520,270,2021,12,52,363,29,3,21,1012.2,5.6,5.7,5.6,96,5,5.3,1.6,0.4,6.4,5.6,5.6,5.6,3.7,0,0,0,0,0,0,0.133,0,100,0,3.5,0,2,7,6,0,0,0,"2021_12_29_21"
5.029,5.25,1326,191,794,221,2021,12,52,363,29,3,21,1012.2,5.3,5.6,5.2,96,4.7,5,3.2,0.8,6.4,5.2,5.3,5.3,3.4,0,0,0,0,0,0,0.136,0,100,0,3.2,0,4,6,5,0,0,0,"2021_12_29_21"
4.276,3.612,1660,351,2397,347,2021,12,52,363,29,3,22,1012.6,5.1,5.3,5.1,96,4.5,4.8,3.2,0.8,6.4,5,5.1,5.1,3.2,0,0,0,0,0,0,0.138,0,100,0,2.5,0,6,16,6,0,0,0,"2021_12_29_22"
5.719,5.579,1072,346,1816,343,2021,12,52,363,29,3,22,1013,5.4,5.4,5.2,97,5,5.2,1.6,0.4,4.8,5.4,5.5,5.5,3.6,0,0,0,0,0,0,0.135,0,100,0,4,0,0,16,7,0,0,0,"2021_12_29_22"
5.297,5.605,747,200,520,270,2021,12,52,363,29,3,23,1013,5.2,5.2,5.1,97,4.7,5,1.6,0.4,3.2,5.2,5.2,5.2,3.4,0,0,0,0,0,0,0.137,0,100,0,3.6,0,2,2,11,0,0,0,"2021_12_29_23"
4.193,4.475,1326,191,794,221,2021,12,52,363,29,3,23,1012.9,5.2,5.3,5.2,97,4.7,5,1.6,0.4,3.2,5.2,5.2,5.2,3.4,0,0,0,0,0,0,0.137,0,100,0,2.3,0,4,7,6,0,0,0,"2021_12_29_23"
4.338,3.403,1660,351,2397,347,2021,12,52,364,30,4,0,1013.2,5.1,5.1,5.1,97,4.6,4.8,0,0,3.2,5.1,5.1,5.1,3.3,0,0,0,0,0,0,0.138,0,100,0,2.3,0,6,9,6,0,0,0,"2021_12_30_0"
2.868,2.223,1072,346,1816,343,2021,12,52,364,30,4,0,1013.2,4.7,4.9,4.7,96,4.1,4.4,1.6,0.4,3.2,4.7,4.7,4.7,2.8,0,0,0,0,0,0,0.142,0,100,0,1.2,0,0,7,6,0,0,0,"2021_12_30_0"
2.156,3.044,747,200,520,270,2021,12,52,364,30,4,1,1013.6,4.1,4.5,4,97,3.6,3.8,1.6,0.4,3.2,4.1,4.1,4.1,2.2,0,0,0,0,0,0,0.149,0,100,0,0.2,0,2,7,6,0,0,0,"2021_12_30_1"
2.471,2.642,1326,191,794,221,2021,12,52,364,30,4,1,1013.7,3.6,3.8,3.6,97,3.1,3.4,1.6,0.4,4.8,3.6,3.6,3.6,1.6,0,0,0,0,0,0,0.154,0,100,0,0.4,0,4,7,5,0,0,0,"2021_12_30_1"
2.605,1.328,1660,351,2397,347,2021,12,52,364,30,4,2,1013.7,3.6,3.7,3.6,97,3.1,3.4,1.6,0.4,4.8,3.6,3.6,3.6,1.6,0,0,0,0,0,0,0.154,0,100,0,0.4,0,6,7,6,0,0,0,"2021_12_30_2"
2.712,1.529,1072,346,1816,343,2021,12,52,364,30,4,2,1014,3.4,3.5,3.4,98,3.2,3.3,1.6,0.4,4.8,3.4,3.5,3.5,1.5,0,0,0,0,0,0,0.155,0,100,0,0.6,0,0,7,6,0,0,0,"2021_12_30_2"
4.351,4.586,747,200,520,270,2021,12,52,364,30,4,3,1014.5,4.3,4.3,3.9,99,4.2,4.3,3.2,0.8,6.4,4.2,4.4,4.3,2.4,0,0,0,0,0,0,0.146,0,100,0,2.1,0,2,7,7,0,0,0,"2021_12_30_3"
5.382,5.239,1326,191,794,221,2021,12,52,364,30,4,3,1014.3,4.6,4.8,4.6,98,4.3,4.5,8,2.01,12.9,2.7,4.7,2.8,0.9,0,0,0,0,0,0,0.143,0,100,0,3.5,0,4,6,5,0,0,0,"2021_12_30_3"
5.746,5.446,1660,351,2397,347,2021,12,52,364,30,4,4,1014.8,4.7,4.7,4.6,99,4.5,4.6,6.4,1.61,12.9,3.2,4.8,3.3,1.4,0,0,0,0,0,0,0.142,0,100,0,4.1,0,6,7,6,0,0,0,"2021_12_30_4"
5.55,5.68,1072,346,1816,343,2021,12,52,364,30,4,4,1014.9,4.5,4.7,4.5,99,4.4,4.4,6.4,1.61,9.7,3,4.6,3.1,1.2,0,0,0,0,0,0,0.144,0,100,0,4.3,0,0,8,7,0,0,0,"2021_12_30_4"
5.656,5.701,747,200,520,270,2021,12,52,364,30,4,5,1015.1,4.4,4.5,4.4,99,4.3,4.4,6.4,1.61,12.9,3,4.5,3.1,1.2,0,0,0,0,0,0,0.145,0,100,0,4.3,0,2,8,6,0,0,0,"2021_12_30_5"
5.541,5.95,1326,191,794,221,2021,12,52,364,30,4,5,1015.4,4.4,4.5,4.4,99,4.3,4.4,6.4,1.61,14.5,3,4.5,3.1,1.2,0,0,0,0,0,0,0.145,0,100,0,4.3,0,4,7,7,0,0,0,"2021_12_30_5"
5.64,5.501,1660,351,2397,347,2021,12,52,364,30,4,6,1015.9,4.3,4.4,4.3,99,4.2,4.3,8,2.01,14.5,2.4,4.4,2.5,0.6,0,0,0,0,0,0,0.146,0,100,0,4.2,0,6,8,6,0,0,0,"2021_12_30_6"
5.361,5.456,1072,346,1816,343,2021,12,52,364,30,4,6,1016.6,4.2,4.3,4.2,99,4.1,4.2,4.8,1.21,11.3,3.3,4.3,3.4,1.5,0,0,0,0,0,0,0.147,0,100,0,4.3,0,0,7,5,0,0,0,"2021_12_30_6"
5.671,5.655,747,200,520,270,2021,12,52,364,30,4,7,1016.7,4.1,4.2,4.1,99,3.9,4,4.8,1.21,11.3,3.1,4.1,3.2,1.3,0,0,0,0,0,0,0.149,0,100,0,4.3,0,2,6,4,0,0,0,"2021_12_30_7"
5.586,5.866,1326,191,794,221,2021,12,52,364,30,4,7,1017.2,4,4.1,3.9,99,3.9,3.9,6.4,1.61,11.3,2.4,4.1,2.5,0.6,0,0,0,0,0,0,0.149,0,100,0,4.1,0,4,6,5,0,0,0,"2021_12_30_7"
5.427,5.531,1660,351,2397,347,2021,12,52,364,30,4,8,1017.8,3.8,4,3.8,99,3.7,3.8,3.2,0.8,8,3.6,3.9,3.7,1.8,0,0,3,0.06,5,0,0.151,0,100,0,4.4,0,6,8,6,0,0,0,"2021_12_30_8"
5.653,5.829,1072,346,1816,343,2021,12,52,364,30,4,8,1018.1,3.8,3.8,3.7,99,3.6,3.7,4.8,1.21,9.7,2.8,3.9,2.9,1.1,0,0,12,0.26,14,0,0.152,0,100,0,4.6,0,0,8,7,0,0,0,"2021_12_30_8"
6.282,6.572,747,200,520,270,2021,12,52,364,30,4,9,1018.7,3.7,3.8,3.7,99,3.6,3.7,4.8,1.21,8,2.7,3.8,2.8,1.2,0,0,26,0.56,28,0,0.152,0,100,2,5,0,2,8,16,0,0,0,"2021_12_30_9"
6.985,7.752,1326,191,794,221,2021,12,52,364,30,4,9,1019,3.9,4,3.8,99,3.8,3.9,4.8,1.21,8,3,4,3.1,2.9,0,0,45,0.97,51,0,0.15,0,100,2,5.8,0,4,7,7,0,0,0,"2021_12_30_9"
8.26,8.663,1660,351,2397,347,2021,12,52,364,30,4,10,1019.5,4.1,4.1,3.9,99,3.9,4,3.2,0.8,6.4,3.9,4.1,4,4.1,0,0,58,1.25,63,0,0.149,0,100,3,6.7,0,6,7,7,0,0,0,"2021_12_30_10"
8.285,8.571,1072,346,1816,343,2021,12,52,364,30,4,10,1019.8,4.2,4.2,4,99,4.1,4.2,3.2,0.8,9.7,4.1,4.3,4.2,4.2,0,0,57,1.23,69,0,0.147,0,100,4,6.8,0,0,6,5,0,0,0,"2021_12_30_10"
8.869,9.21,747,200,520,270,2021,12,52,364,30,4,11,1020.1,4.2,4.3,4.2,99,4.1,4.2,3.2,0.8,8,4.1,4.3,4.2,4.3,0,0,64,1.38,67,0,0.147,0,100,3,7.5,0,2,6,6,0,0,0,"2021_12_30_11"
9.697,10.473,1326,191,794,221,2021,12,52,364,30,4,11,1020.2,4.4,4.4,4.2,99,4.2,4.3,3.2,0.8,9.7,4.3,4.5,4.4,5,0,0,86,1.85,98,0,0.145,0,100,5,8.6,0,4,7,5,0,0,0,"2021_12_30_11"
10.918,10.254,1660,351,2397,347,2021,12,52,364,30,4,12,1020.1,4.7,4.7,4.5,100,4.7,4.7,3.2,0.8,8,4.6,4.8,4.7,5.3,0,0,84,1.81,104,0,0.142,0,100,7,8.7,0,6,8,7,0,0,0,"2021_12_30_12"
9.895,10.511,1072,346,1816,343,2021,12,52,364,30,4,12,1020.1,4.8,4.8,4.6,99,4.6,4.7,4.8,1.21,8,3.9,4.9,4,4.6,0,0,83,1.79,93,0,0.141,0,100,5,9.2,0,0,8,7,0,0,0,"2021_12_30_12"
10.219,10.56,747,200,520,270,2021,12,52,364,30,4,13,1019.9,4.9,4.9,4.9,100,4.9,4.9,4.8,1.21,11.3,4.1,5.1,4.2,5,0,0,92,1.98,109,0,0.139,0,100,7,8.9,0,2,8,6,0,0,0,"2021_12_30_13"
11.254,12.416,1326,191,794,221,2021,12,52,364,30,4,13,1019.7,5.2,5.2,5,100,5.2,5.2,3.2,0.8,8,5.1,5.3,5.2,6.6,0,0,116,2.5,125,0,0.137,0,100,7,10.3,0,4,8,7,0,0,0,"2021_12_30_13"
9.637,11.895,1660,351,2397,347,2021,12,52,364,30,4,14,1019.5,5.4,5.4,5.3,100,5.4,5.4,4.8,1.21,11.3,4.7,5.6,4.8,5.5,0,0,82,1.76,93,0,0.134,0,100,4,9.6,0,6,7,7,0,0,0,"2021_12_30_14"
10.193,12.022,1072,346,1816,343,2021,12,52,364,30,4,14,1019.7,5.7,5.7,5.6,100,5.7,5.7,4.8,1.21,9.7,4.9,5.8,5,6,0,0,89,1.91,102,0,0.132,0,100,4,9.4,0,0,6,5,0,0,0,"2021_12_30_14"
9.803,9.914,747,200,520,270,2021,12,52,364,30,4,15,1019.9,5.6,5.7,5.4,100,5.6,5.6,6.4,1.61,11.3,4.2,5.7,4.3,4.6,0,0,58,1.25,69,0,0.133,0,100,3,8.7,0,2,6,4,0,0,0,"2021_12_30_15"
8.92,9.54,1326,191,794,221,2021,12,52,364,30,4,15,1020.1,5.5,5.7,5.4,100,5.5,5.5,6.4,1.61,12.9,4.2,5.6,4.3,3,0,0,35,0.75,40,0,0.134,0,100,1,7.9,0,4,5,4,0,0,0,"2021_12_30_15"
8.581,8.032,1660,351,2397,347,2021,12,52,364,30,4,16,1020.8,5.4,5.4,5.3,99,5.2,5.3,4.8,1.21,9.7,4.6,5.5,4.7,3.2,0,0,17,0.37,19,0,0.135,0,100,0,7.2,0,6,5,6,0,0,0,"2021_12_30_16"
7.924,7.219,1072,346,1816,343,2021,12,52,364,30,4,16,1021.1,5.6,5.6,5.4,100,5.6,5.6,4.8,1.21,8,4.8,5.7,4.9,3.2,0,0,0,0,0,0,0.133,0,100,0,6.4,0,0,1,2,0,0,0,"2021_12_30_16"
7.443,7.594,747,200,520,270,2021,12,52,364,30,4,17,1021.2,5.3,5.6,5.3,99,5.2,5.3,4.8,1.21,9.7,4.5,5.4,4.6,2.9,0,0,0,0,0,0,0.135,0,100,0,6,0,2,6,6,0,0,0,"2021_12_30_17"
7.247,7.431,1326,191,794,221,2021,12,52,364,30,4,17,1021.6,5.3,5.3,5.1,100,5.3,5.3,4.8,1.21,11.3,4.5,5.4,4.6,2.9,0,0,0,0,0,0,0.136,0,100,0,5.7,0,4,5,5,0,0,0,"2021_12_30_17"
7.144,6.522,1660,351,2397,347,2021,12,52,364,30,4,18,1021.9,5.3,5.4,5.2,100,5.3,5.3,4.8,1.21,9.7,4.5,5.4,4.7,2.9,0,0,0,0,0,0,0.135,0,100,0,5.5,0,6,5,5,0,0,0,"2021_12_30_18"
7.198,6.626,1072,346,1816,343,2021,12,52,364,30,4,18,1022.1,5.4,5.4,5.3,100,5.4,5.4,3.2,0.8,6.4,5.4,5.5,5.5,3.8,0,0,0,0,0,0,0.135,0,100,0,5.6,0,0,7,6,0,0,0,"2021_12_30_18"
7.154,7.129,747,200,520,270,2021,12,52,364,30,4,19,1022.4,5.3,5.4,5.3,100,5.3,5.3,1.6,0.4,6.4,5.3,5.4,5.4,3.7,0,0,0,0,0,0,0.135,0,100,0,5.6,0,2,7,6,0,0,0,"2021_12_30_19"
6.976,7.157,1326,191,794,221,2021,12,52,364,30,4,19,1022.4,5.1,5.2,5.1,99,5,5,3.2,0.8,9.7,5,5.2,5.1,3.4,0,0,0,0,0,0,0.138,0,100,0,5.4,0,4,6,5,0,0,0,"2021_12_30_19"
6.941,6.468,1660,351,2397,347,2021,12,52,364,30,4,20,1022.3,5,5.2,5,99,4.9,4.9,3.2,0.8,11.3,4.9,5.1,5,3.3,0,0,0,0,0,0,0.139,0,100,0,5.4,0,6,7,6,0,0,0,"2021_12_30_20"
6.617,6.111,1072,346,1816,343,2021,12,52,364,30,4,20,1022.3,4.8,4.8,4.7,100,4.8,4.8,4.8,1.21,6.4,3.9,4.9,4,2.3,0,0,0,0,0,0,0.141,0,100,0,5.1,0,0,7,6,0,0,0,"2021_12_30_20"
6.572,6.55,747,200,520,270,2021,12,52,364,30,4,21,1022.4,4.7,4.8,4.7,100,4.7,4.7,3.2,0.8,6.4,4.6,4.8,4.7,2.9,0,0,0,0,0,0,0.142,0,100,0,5.1,0,2,15,7,0,0,0,"2021_12_30_21"
6.357,6.637,1326,191,794,221,2021,12,52,364,30,4,21,1022.6,4.4,4.7,4.4,99,4.3,4.4,6.4,1.61,12.9,3,4.5,3.1,1.3,0,0,0,0,0,0,0.145,0,100,0,5,0,4,6,5,0,0,0,"2021_12_30_21"
6.234,5.739,1660,351,2397,347,2021,12,52,364,30,4,22,1022.7,4.2,4.3,4.1,99,4,4.1,6.4,1.61,11.3,2.6,4.3,2.7,1,0,0,0,0,0,0,0.148,0,100,0,4.7,0,6,6,4,0,0,0,"2021_12_30_22"
5.853,5.235,1072,346,1816,343,2021,12,52,364,30,4,22,1023,4,4,3.9,100,4,4,6.4,1.61,11.3,2.4,4.1,2.6,0.8,0,0,0,0,0,0,0.149,0,100,0,4.3,0,0,6,6,0,0,0,"2021_12_30_22"
5.775,6.035,747,200,520,270,2021,12,52,364,30,4,23,1022.9,3.5,3.8,3.5,99,3.4,3.4,6.4,1.61,12.9,1.9,3.6,1.9,0.2,0,0,0,0,0,0,0.155,0,100,0,4.1,0,2,6,5,0,0,0,"2021_12_30_23"
5.77,5.883,1326,191,794,221,2021,12,52,364,30,4,23,1022.9,3.5,3.6,3.4,100,3.5,3.5,4.8,1.21,11.3,2.5,3.6,2.5,0.8,0,0,0,0,0,0,0.155,0,100,0,4,0,4,6,6,0,0,0,"2021_12_30_23"
5.483,5.034,1660,351,2397,347,2021,12,52,365,31,5,0,1022.9,3.2,3.4,3.2,99,3.1,3.2,8,2.01,12.9,1,3.3,1.1,-0.7,0,0,0,0,0,0,0.157,0,100,0,3.9,0,6,7,5,0,0,0,"2021_12_31_0"
5.311,4.731,1072,346,1816,343,2021,12,52,365,31,5,0,1022.9,3.1,3.3,3.1,100,3.1,3.1,6.4,1.61,12.9,1.4,3.2,1.5,-0.3,0,0,0,0,0,0,0.159,0,100,0,3.8,0,0,7,7,0,0,0,"2021_12_31_0"
5.282,5.69,747,200,520,270,2021,12,52,365,31,5,1,1022.9,2.8,3.1,2.8,99,2.7,2.8,4.8,1.21,9.7,1.7,2.9,1.8,0,0,0,0,0,0,0,0.161,0,100,0,3.6,0,2,8,7,0,0,0,"2021_12_31_1"
5.126,5.374,1326,191,794,221,2021,12,52,365,31,5,1,1023,2.7,2.8,2.7,99,2.5,2.6,8,2.01,12.9,0.4,2.7,0.4,-1.4,0,0,0,0,0,0,0.163,0,100,0,3.5,0,4,6,5,0,0,0,"2021_12_31_1"
5.053,4.325,1660,351,2397,347,2021,12,52,365,31,5,2,1023.3,2.8,2.8,2.6,100,2.8,2.8,6.4,1.61,11.3,1.1,2.9,1.1,-0.6,0,0,0,0,0,0,0.161,0,100,0,3.3,0,6,6,5,0,0,0,"2021_12_31_2"
5.126,4.226,1072,346,1816,343,2021,12,52,365,31,5,2,1023.4,2.8,2.9,2.7,100,2.8,2.8,8,2.01,12.9,0.5,2.8,0.6,-1.2,0,0,0,0,0,0,0.162,0,100,0,3.3,0,0,6,5,0,0,0,"2021_12_31_2"
5.029,5.47,747,200,520,270,2021,12,52,365,31,5,3,1023.3,2.7,2.8,2.7,100,2.7,2.7,4.8,1.21,9.7,1.6,2.8,1.6,-0.2,0,0,0,0,0,0,0.163,0,100,0,3.3,0,2,7,6,0,0,0,"2021_12_31_3"
4.93,5.131,1326,191,794,221,2021,12,52,365,31,5,3,1023.2,2.5,2.5,2.4,100,2.5,2.5,3.2,0.8,6.4,2.2,2.6,2.2,0.4,0,0,0,0,0,0,0.165,0,100,0,3.2,0,4,6,6,0,0,0,"2021_12_31_3"
4.956,4.242,1660,351,2397,347,2021,12,52,365,31,5,4,1023.1,2.3,2.5,2.3,100,2.3,2.3,4.8,1.21,6.4,1.1,2.4,1.2,-0.6,0,0,0,0,0,0,0.167,0,100,0,3.2,0,6,6,4,0,0,0,"2021_12_31_4"
4.89,4.224,1072,346,1816,343,2021,12,52,365,31,5,4,1023.1,2.4,2.5,2.4,100,2.4,2.4,3.2,0.8,6.4,2.1,2.5,2.2,0.4,0,0,0,0,0,0,0.166,0,100,0,3.2,0,0,6,6,0,0,0,"2021_12_31_4"
4.96,5.358,747,200,520,270,2021,12,52,365,31,5,5,1023.2,2.6,2.6,2.4,100,2.6,2.6,3.2,0.8,9.7,2.2,2.6,2.3,0.5,0,0,0,0,0,0,0.164,0,100,0,3.2,0,2,6,6,0,0,0,"2021_12_31_5"
4.799,4.997,1326,191,794,221,2021,12,52,365,31,5,5,1023.2,2.3,2.3,2.2,100,2.3,2.3,4.8,1.21,8,1.1,2.3,1.1,-0.7,0,0,0,0,0,0,0.167,0,100,0,3.1,0,4,8,4,0,0,0,"2021_12_31_5"
4.728,4.051,1660,351,2397,347,2021,12,52,365,31,5,6,1023.2,2.3,2.3,2.3,100,2.3,2.3,3.2,0.8,6.4,1.9,2.3,2,0.2,0,0,0,0,0,0,0.167,0,100,0,3,0,6,7,7,0,0,0,"2021_12_31_6"
4.681,3.814,1072,346,1816,343,2021,12,52,365,31,5,6,1023.3,2,2.1,1.9,100,2,2,1.6,0.4,6.4,2,2.1,2.1,0.2,0,0,0,0,0,0,0.17,0,100,0,2.9,0,0,8,7,0,0,0,"2021_12_31_6"
4.707,5.255,747,200,520,270,2021,12,52,365,31,5,7,1023.5,2.1,2.1,2.1,100,2.1,2.1,3.2,0.8,6.4,1.7,2.1,1.7,-0.1,0,0,0,0,0,0,0.17,0,100,0,3,0,2,6,5,0,0,0,"2021_12_31_7"
4.799,4.911,1326,191,794,221,2021,12,52,365,31,5,7,1023.8,2.1,2.2,2.1,100,2.1,2.1,1.6,0.4,4.8,2.1,2.2,2.2,0.3,0,0,0,0,0,0,0.169,0,100,0,3,0,4,15,7,0,0,0,"2021_12_31_7"
4.864,4.159,1660,351,2397,347,2021,12,52,365,31,5,8,1023.9,1.9,2.1,1.9,100,1.9,1.9,3.2,0.8,4.8,1.6,2,1.6,-0.2,0,0,0,0,5,0,0.171,0,100,0,3.1,0,6,7,6,0,0,0,"2021_12_31_8"
5.493,4.741,1072,346,1816,343,2021,12,52,365,31,5,8,1024.1,1.9,1.9,1.9,100,1.9,1.9,1.6,0.4,3.2,1.9,2,2,0.4,0,0,15,0.32,19,0,0.171,0,100,1,3.6,0,0,6,5,0,0,0,"2021_12_31_8"
6.29,6.902,747,200,520,270,2021,12,52,365,31,5,9,1024.3,2.2,2.2,2.1,100,2.2,2.2,0,0,6.4,2.2,2.2,2.2,0.8,0,0,28,0.6,32,0,0.168,0,100,2,4.3,0,2,9,13,0,0,0,"2021_12_31_9"
7.851,8.096,1326,191,794,221,2021,12,52,365,31,5,9,1024.6,1.9,2,1.9,100,1.9,1.9,1.6,0.4,6.4,1.9,2,2,2.2,0,0,61,1.31,65,0,0.171,0,100,4,5.5,0,4,2,2,0,0,0,"2021_12_31_9"
8.448,7.348,1660,351,2397,347,2021,12,52,365,31,5,10,1024.7,1.9,2.1,1.9,100,1.9,1.9,3.2,0.8,8,1.5,1.9,1.6,2,0,0,75,1.61,93,0,0.171,0,100,4,6.3,0,6,6,4,0,0,0,"2021_12_31_10"
9.234,7.721,1072,346,1816,343,2021,12,52,365,31,5,10,1024.7,2,2.1,1.9,100,2,2,3.2,0.8,6.4,1.6,2.1,1.7,2.2,0,0,81,1.74,90,0,0.17,0,100,4,7.1,0,0,8,6,0,0,0,"2021_12_31_10"
10.757,11.743,747,200,520,270,2021,12,52,365,31,5,11,1024.9,2.4,2.4,2.3,100,2.4,2.4,4.8,1.21,9.7,1.2,2.4,1.3,2.4,0,0,109,2.34,142,0,0.166,0,100,8,8.1,0,2,7,5,0,0,0,"2021_12_31_11"
11.884,12.39,1326,191,794,221,2021,12,52,365,31,5,11,1024.9,2.6,2.6,2.4,100,2.6,2.6,3.2,0.8,8,2.2,2.6,2.3,3.7,0,0,124,2.67,151,0,0.164,0,100,6,9.7,0,4,7,7,0,0,0,"2021_12_31_11"
12.642,10.815,1660,351,2397,347,2021,12,52,365,31,5,12,1024.2,2.9,2.9,2.8,100,2.9,2.9,4.8,1.21,9.7,1.8,2.9,1.8,3.8,0,0,156,3.36,178,0,0.161,0,100,8,10.4,0,6,6,5,0,0,0,"2021_12_31_12"
11.473,10.886,1072,346,1816,343,2021,12,52,365,31,5,12,1023.9,3.2,3.2,3.1,100,3.2,3.2,4.8,1.21,9.7,2.1,3.2,2.1,3.7,0,0,134,2.88,169,0,0.158,0,100,9,9.9,0,0,5,5,0,0,0,"2021_12_31_12"
11.291,11.46,747,200,520,270,2021,12,52,365,31,5,13,1023.4,3.3,3.3,3.1,100,3.3,3.3,4.8,1.21,11.3,2.2,3.3,2.3,3.6,0,0,118,2.54,151,0,0.157,0,100,6,9.6,0,2,6,5,0,0,0,"2021_12_31_13"
9.989,11.778,1326,191,794,221,2021,12,52,365,31,5,13,1023.4,3.7,3.7,3.6,100,3.7,3.7,4.8,1.21,9.7,2.7,3.8,2.7,4.1,0,0,117,2.52,130,0,0.153,0,100,6,8.9,0,4,6,7,0,0,0,"2021_12_31_13"
10.323,11.415,1660,351,2397,347,2021,12,52,365,31,5,14,1023.2,3.8,3.9,3.8,100,3.8,3.8,4.8,1.21,9.7,2.8,3.9,2.9,3.9,0,0,97,2.09,113,0,0.152,0,100,5,8.8,0,6,8,5,0,0,0,"2021_12_31_14"
10.001,10.768,1072,346,1816,343,2021,12,52,365,31,5,14,1022.7,4.1,4.1,4,100,4.1,4.1,1.6,0.4,6.4,4.1,4.2,4.2,5.1,0,0,91,1.96,114,0,0.149,0,100,5,9.4,0,0,7,6,0,0,0,"2021_12_31_14"
9.067,9.063,747,200,520,270,2021,12,52,365,31,5,15,1022.7,4.2,4.3,4.2,100,4.2,4.2,4.8,1.21,9.7,3.3,4.3,3.4,3.7,0,0,63,1.36,79,0,0.147,0,100,2,7.9,0,2,6,5,0,0,0,"2021_12_31_15"
8.843,8.249,1326,191,794,221,2021,12,52,365,31,5,15,1022.6,4.1,4.2,4.1,100,4.1,4.1,3.2,0.8,8,3.9,4.2,4,2.6,0,0,32,0.69,37,0,0.149,0,100,1,6.9,0,4,6,2,0,0,0,"2021_12_31_15"
7.2,6.642,1660,351,2397,347,2021,12,52,365,31,5,16,1022.5,4,4.1,3.9,100,4,4,4.8,1.21,9.7,3,4.1,3.1,1.6,0,0,15,0.32,19,0,0.149,0,100,0,5.7,0,6,2,5,0,0,0,"2021_12_31_16"
6.987,6.016,1072,346,1816,343,2021,12,52,365,31,5,16,1022.8,3.9,4,3.9,100,3.9,3.9,4.8,1.21,8,3,4.1,3.1,1.3,0,0,0,0,0,0,0.15,0,100,0,5.3,0,0,2,2,0,0,0,"2021_12_31_16"
6.602,6.922,747,200,520,270,2021,12,52,365,31,5,17,1023.2,3.9,4,3.8,100,3.9,3.9,4.8,1.21,11.3,2.9,4,3,1.2,0,0,0,0,0,0,0.15,0,100,0,4.9,0,2,7,6,0,0,0,"2021_12_31_17"
6.418,5.886,1326,191,794,221,2021,12,52,365,31,5,17,1023.1,3.7,3.8,3.7,100,3.7,3.7,3.2,0.8,6.4,3.5,3.8,3.6,1.8,0,0,0,0,0,0,0.152,0,100,0,4.6,0,4,8,7,0,0,0,"2021_12_31_17"
6.269,5.57,1660,351,2397,347,2021,12,52,365,31,5,18,1023.7,3.6,3.7,3.6,100,3.6,3.6,3.2,0.8,6.4,3.4,3.7,3.5,1.7,0,0,0,0,0,0,0.153,0,100,0,4.5,0,6,5,4,0,0,0,"2021_12_31_18"
6.123,5.321,1072,346,1816,343,2021,12,52,365,31,5,18,1023.6,3.4,3.6,3.4,100,3.4,3.4,4.8,1.21,6.4,2.4,3.5,2.5,0.7,0,0,0,0,0,0,0.155,0,100,0,4.4,0,0,6,4,0,0,0,"2021_12_31_18"
5.842,6.274,747,200,520,270,2021,12,52,365,31,5,19,1023.9,3.4,3.5,3.4,100,3.4,3.4,3.2,0.8,8,3.2,3.4,3.2,1.4,0,0,0,0,0,0,0.156,0,100,0,4.3,0,2,7,7,0,0,0,"2021_12_31_19"
5.735,5.404,1326,191,794,221,2021,12,52,365,31,5,19,1023.9,3.1,3.3,3.1,100,3.1,3.1,4.8,1.21,9.7,2,3.2,2.1,0.3,0,0,0,0,0,0,0.159,0,100,0,4,0,4,6,5,0,0,0,"2021_12_31_19"
5.613,4.859,1660,351,2397,347,2021,12,52,365,31,5,20,1023.9,3.1,3.1,3.1,100,3.1,3.1,4.8,1.21,9.7,2,3.2,2.1,0.3,0,0,0,0,0,0,0.159,0,100,0,3.8,0,6,6,5,0,0,0,"2021_12_31_20"
5.396,4.775,1072,346,1816,343,2021,12,52,365,31,5,20,1023.8,3.1,3.1,2.9,100,3.1,3.1,4.8,1.21,9.7,2,3.1,2,0.2,0,0,0,0,0,0,0.159,0,100,0,3.7,0,0,6,5,0,0,0,"2021_12_31_20"
5.247,5.735,747,200,520,270,2021,12,52,365,31,5,21,1023.6,2.7,2.8,2.6,100,2.7,2.7,3.2,0.8,6.4,2.4,2.8,2.5,0.6,0,0,0,0,0,0,0.163,0,100,0,3.5,0,2,6,5,0,0,0,"2021_12_31_21"
5.097,4.804,1326,191,794,221,2021,12,52,365,31,5,21,1023.6,2.7,2.7,2.6,100,2.7,2.7,3.2,0.8,9.7,2.4,2.7,2.4,0.6,0,0,0,0,0,0,0.163,0,100,0,3.4,0,4,7,5,0,0,0,"2021_12_31_21"
5.256,4.361,1660,351,2397,347,2021,12,52,365,31,5,22,1023.6,2.5,2.7,2.5,100,2.5,2.5,3.2,0.8,6.4,2.2,2.6,2.2,0.4,0,0,0,0,0,0,0.165,0,100,0,3.4,0,6,6,5,0,0,0,"2021_12_31_22"
4.966,4.175,1072,346,1816,343,2021,12,52,365,31,5,22,1023.7,2.2,2.3,2.2,100,2.2,2.2,3.2,0.8,9.7,1.9,2.3,1.9,0.1,0,0,0,0,0,0,0.168,0,100,0,3.2,0,0,7,5,0,0,0,"2021_12_31_22"
4.725,5.237,747,200,520,270,2021,12,52,365,31,5,23,1023.5,2.2,2.3,2.2,100,2.2,2.2,6.4,1.61,11.3,0.4,2.3,0.4,-1.4,0,0,0,0,0,0,0.168,0,100,0,3,0,2,6,5,0,0,0,"2021_12_31_23"
4.774,4.159,1326,191,794,221,2021,12,52,365,31,5,23,1023.4,2.2,2.2,2.2,100,2.2,2.2,4.8,1.21,12.9,1,2.3,1.1,-0.8,0,0,0,0,0,0,0.168,0,100,0,2.9,0,4,6,5,0,0,0,"2021_12_31_23"
4.738,3.889,1660,351,2397,347,2022,1,52,1,1,6,0,1023.3,2.2,2.3,2.2,100,2.2,2.2,4.8,1.21,6.4,1,2.2,1,-0.8,0,0,0,0,0,0,0.168,0,100,0,3,0,6,5,5,0,0,0,"2022_1_1_0"
4.639,3.891,1072,346,1816,343,2022,1,52,1,1,6,0,1023.2,2.2,2.3,2.1,100,2.2,2.2,3.2,0.8,6.4,1.9,2.3,1.9,0.1,0,0,0,0,0,0,0.168,0,100,0,2.8,0,0,7,5,0,0,0,"2022_1_1_0"
4.788,5.216,747,200,520,270,2022,1,52,1,1,6,1,1023.1,2.2,2.3,2.2,100,2.2,2.2,3.2,0.8,6.4,1.8,2.2,1.9,0,0,0,0,0,0,0,0.168,0,100,0,3,0,2,5,2,0,0,0,"2022_1_1_1"
4.699,4.206,1326,191,794,221,2022,1,52,1,1,6,1,1023.1,2.3,2.3,2.2,100,2.3,2.3,4.8,1.21,9.7,1.1,2.4,1.2,-0.6,0,0,0,0,0,0,0.167,0,100,0,2.9,0,4,7,5,0,0,0,"2022_1_1_1"
4.905,4.188,1660,351,2397,347,2022,1,52,1,1,6,2,1023.1,2.3,2.3,2.3,100,2.3,2.3,3.2,0.8,6.4,1.9,2.3,2,0.2,0,0,0,0,0,0,0.167,0,100,0,3.1,0,6,6,5,0,0,0,"2022_1_1_2"
5.01,4.161,1072,346,1816,343,2022,1,52,1,1,6,2,1023.1,2.3,2.3,2.3,100,2.3,2.3,1.6,0.4,3.2,2.3,2.4,2.4,0.6,0,0,0,0,0,0,0.167,0,100,0,3.1,0,0,6,5,0,0,0,"2022_1_1_2"
4.872,5.131,747,200,520,270,2022,1,52,1,1,6,3,1023,2.2,2.3,2.2,100,2.2,2.2,1.6,0.4,4.8,2.2,2.2,2.2,0.4,0,0,0,0,0,0,0.168,0,100,0,3.2,0,2,11,12,0,0,0,"2022_1_1_3"
4.621,4.561,1326,191,794,221,2022,1,52,1,1,6,3,1023,1.8,2.1,1.8,100,1.8,1.8,1.6,0.4,4.8,1.8,1.9,1.9,0,0,0,0,0,0,0,0.172,0,100,0,3.1,0,4,12,11,0,0,0,"2022_1_1_3"
4.483,4.014,1660,351,2397,347,2022,1,52,1,1,6,4,1023,1.8,1.9,1.8,100,1.8,1.8,3.2,0.8,6.4,1.4,1.9,1.5,-0.4,0,0,0,0,0,0,0.172,0,100,0,3.1,0,6,0,1,0,0,0,"2022_1_1_4"
4.377,3.687,1072,346,1816,343,2022,1,52,1,1,6,4,1023.1,1.7,1.7,1.6,100,1.7,1.7,1.6,0.4,6.4,1.7,1.7,1.7,-0.1,0,0,0,0,0,0,0.174,0,100,0,2.9,0,0,1,3,0,0,0,"2022_1_1_4"
4.61,5.168,747,200,520,270,2022,1,52,1,1,6,5,1023.1,1.8,1.8,1.7,100,1.8,1.8,1.6,0.4,4.8,1.8,1.8,1.8,0,0,0,0,0,0,0,0.172,0,100,0,2.8,0,2,1,2,0,0,0,"2022_1_1_5"
4.366,4.285,1326,191,794,221,2022,1,52,1,1,6,5,1023.1,1.7,1.8,1.7,100,1.7,1.7,1.6,0.4,6.4,1.7,1.7,1.7,-0.1,0,0,0,0,0,0,0.174,0,100,0,2.9,0,4,11,12,0,0,0,"2022_1_1_5"
4.29,3.807,1660,351,2397,347,2022,1,52,1,1,6,6,1023.4,1.4,1.6,1.3,100,1.4,1.4,1.6,0.4,4.8,1.4,1.4,1.4,-0.5,0,0,0,0,0,0,0.177,0,100,0,2.8,0,6,10,12,0,0,0,"2022_1_1_6"
4.059,3.356,1072,346,1816,343,2022,1,52,1,1,6,6,1023.4,1.3,1.3,1.2,100,1.3,1.3,0,0,1.6,1.3,1.3,1.3,-0.6,0,0,0,0,0,0,0.178,0,100,0,2.8,0,0,9,16,0,0,0,"2022_1_1_6"
3.904,4.169,747,200,520,270,2022,1,52,1,1,6,7,1023.5,1.2,1.3,1.2,100,1.2,1.2,1.6,0.4,4.8,1.2,1.2,1.2,-0.7,0,0,0,0,0,0,0.179,0,100,0,2.7,0,2,11,12,0,0,0,"2022_1_1_7"
3.878,3.904,1326,191,794,221,2022,1,52,1,1,6,7,1023.7,1.1,1.1,1.1,100,1.1,1.1,1.6,0.4,4.8,1.1,1.1,1.1,-0.8,0,0,0,0,0,0,0.18,0,100,0,2.5,0,4,3,1,0,0,0,"2022_1_1_7"
4.19,3.709,1660,351,2397,347,2022,1,52,1,1,6,8,1024.1,1.1,1.1,1.1,100,1.1,1.1,1.6,0.4,4.8,1.1,1.1,1.1,-0.8,0,0,0,0,0,0,0.18,0,100,0,2.7,0,6,0,1,0,0,0,"2022_1_1_8"
4.276,3.788,1072,346,1816,343,2022,1,52,1,1,6,8,1024.6,1.1,1.1,1.1,100,1.1,1.1,1.6,0.4,4.8,1.1,1.1,1.1,-0.7,0,0,11,0.24,14,0,0.18,0,100,0,3,0,0,13,11,0,0,0,"2022_1_1_8"
4.867,5.213,747,200,520,270,2022,1,52,1,1,6,9,1025.1,0.9,0.9,0.8,100,0.9,0.9,1.6,0.4,4.8,0.9,0.9,0.9,-0.7,0,0,25,0.54,35,0,0.182,0,100,2,3.5,0,2,8,7,0,0,0,"2022_1_1_9"
5.805,6.267,1326,191,794,221,2022,1,52,1,1,6,9,1024.9,0.9,0.9,0.9,100,0.9,0.9,1.6,0.4,4.8,0.9,0.9,0.9,0.8,0,0,49,1.05,62,0,0.182,0,100,3,4.7,0,4,16,12,0,0,0,"2022_1_1_9"
7.426,7.423,1660,351,2397,347,2022,1,52,1,1,6,10,1024.9,0.9,0.9,0.8,100,0.9,0.9,1.6,0.4,3.2,0.9,0.9,0.9,1.4,0,0,76,1.63,84,0,0.182,0,100,5,6.2,0,6,11,9,0,0,0,"2022_1_1_10"
9.193,8.168,1072,346,1816,343,2022,1,52,1,1,6,10,1025.4,1.4,1.4,1.1,100,1.4,1.4,0,0,3.2,1.4,1.4,1.4,2.4,0,0,100,2.15,113,0,0.177,0,100,5,7.8,0,0,9,14,0,0,0,"2022_1_1_10"
9.531,10.738,747,200,520,270,2022,1,52,1,1,6,11,1025.2,1.7,1.7,1.4,100,1.7,1.7,4.8,1.21,8,0.5,1.8,0.5,1.4,0,0,99,2.13,111,0,0.173,0,100,6,8.1,0,2,8,7,0,0,0,"2022_1_1_11"
10.841,9.805,1326,191,794,221,2022,1,52,1,1,6,11,1025.1,1.9,1.9,1.8,100,1.9,1.9,3.2,0.8,9.7,1.6,2,1.6,3,0,0,126,2.71,155,0,0.171,0,100,8,8.9,0,4,6,5,0,0,0,"2022_1_1_11"
11.854,10.602,1660,351,2397,347,2022,1,52,1,1,6,12,1025.1,2.3,2.3,2.1,100,2.3,2.3,3.2,0.8,9.7,1.9,2.3,2,3.5,0,0,130,2.8,165,0,0.167,0,100,8,9.8,0,6,6,5,0,0,0,"2022_1_1_12"
12.23,10.075,1072,346,1816,343,2022,1,52,1,1,6,12,1024.9,2.8,2.9,2.4,100,2.8,2.8,4.8,1.21,11.3,1.7,2.9,1.8,3,0,0,118,2.54,135,0,0.161,0,100,6,10,0,0,6,5,0,0,0,"2022_1_1_12"
12.086,12.965,747,200,520,270,2022,1,52,1,1,6,13,1024.5,3.1,3.1,2.9,100,3.1,3.1,4.8,1.21,11.3,2,3.1,2,3,0,0,102,2.19,114,0,0.159,0,100,6,10,0,2,7,5,0,0,0,"2022_1_1_13"
12.767,11.927,1326,191,794,221,2022,1,52,1,1,6,13,1024.1,3.2,3.2,3.1,100,3.2,3.2,3.2,0.8,8,3,3.3,3,4.4,0,0,117,2.52,151,0,0.157,0,100,5,10.7,0,4,6,7,0,0,0,"2022_1_1_13"
11.579,10.02,1660,351,2397,347,2022,1,52,1,1,6,14,1023.7,3.4,3.6,3.4,100,3.4,3.4,4.8,1.21,11.3,2.4,3.5,2.5,3.2,0,0,86,1.85,97,0,0.155,0,100,6,9.5,0,6,6,5,0,0,0,"2022_1_1_14"
10.53,8.878,1072,346,1816,343,2022,1,52,1,1,6,14,1023.7,3.8,3.8,3.4,100,3.8,3.8,4.8,1.21,8,2.8,3.9,2.9,3.1,0,0,60,1.29,63,0,0.152,0,100,3,8.6,0,0,6,4,0,0,0,"2022_1_1_14"
9.851,10.516,747,200,520,270,2022,1,52,1,1,6,15,1023.6,3.5,3.6,3.4,100,3.5,3.5,3.2,0.8,9.7,3.3,3.6,3.3,3.4,0,0,52,1.12,60,0,0.155,0,100,2,7.8,0,2,6,5,0,0,0,"2022_1_1_15"
8.792,8.099,1326,191,794,221,2022,1,52,1,1,6,15,1023.7,3.4,3.6,3.4,100,3.4,3.4,4.8,1.21,9.7,2.4,3.5,2.5,1.1,0,0,28,0.6,32,0,0.155,0,100,1,6.9,0,4,6,5,0,0,0,"2022_1_1_15"
7.679,6.283,1660,351,2397,347,2022,1,52,1,1,6,16,1023.8,3.4,3.4,3.3,100,3.4,3.4,3.2,0.8,9.7,3.2,3.4,3.2,1.6,0,0,14,0.3,21,0,0.156,0,100,0,5.9,0,6,6,5,0,0,0,"2022_1_1_16"
6.572,5.501,1072,346,1816,343,2022,1,52,1,1,6,16,1024.1,3.1,3.3,3.1,100,3.1,3.1,1.6,0.4,6.4,3.1,3.1,3.1,1.3,0,0,0,0,0,0,0.159,0,100,0,5.1,0,0,6,5,0,0,0,"2022_1_1_16"
6.158,6.683,747,200,520,270,2022,1,52,1,1,6,17,1024.3,3.2,3.2,3.1,100,3.2,3.2,3.2,0.8,6.4,3,3.3,3,1.3,0,0,0,0,0,0,0.157,0,100,0,4.6,0,2,7,7,0,0,0,"2022_1_1_17"
5.735,5.329,1326,191,794,221,2022,1,52,1,1,6,17,1024.1,2.8,3.2,2.8,100,2.8,2.8,3.2,0.8,4.8,2.5,2.9,2.6,0.8,0,0,0,0,0,0,0.161,0,100,0,4.1,0,4,15,14,0,0,0,"2022_1_1_17"
5.576,4.548,1660,351,2397,347,2022,1,52,1,1,6,18,1024.2,2.7,2.8,2.7,100,2.7,2.7,3.2,0.8,6.4,2.4,2.7,2.4,0.6,0,0,0,0,0,0,0.163,0,100,0,3.9,0,6,15,7,0,0,0,"2022_1_1_18"
5.211,4.61,1072,346,1816,343,2022,1,52,1,1,6,18,1024.4,2.4,2.5,2.3,100,2.4,2.4,0,0,3.2,2.4,2.5,2.5,0.7,0,0,0,0,0,0,0.166,0,100,0,3.7,0,0,9,16,0,0,0,"2022_1_1_18"
5.348,5.598,747,200,520,270,2022,1,52,1,1,6,19,1024.5,2.4,2.5,2.4,100,2.4,2.4,1.6,0.4,3.2,2.4,2.5,2.5,0.7,0,0,0,0,0,0,0.166,0,100,0,3.7,0,2,7,6,0,0,0,"2022_1_1_19"
5.396,4.914,1326,191,794,221,2022,1,52,1,1,6,19,1024.7,2.2,2.4,2.2,100,2.2,2.2,1.6,0.4,4.8,2.2,2.2,2.2,0.4,0,0,0,0,0,0,0.168,0,100,0,3.6,0,4,7,6,0,0,0,"2022_1_1_19"
4.838,3.806,1660,351,2397,347,2022,1,52,1,1,6,20,1025,1.8,1.9,1.7,100,1.8,1.8,3.2,0.8,6.4,1.4,1.8,1.4,-0.4,0,0,0,0,0,0,0.172,0,100,0,3,0,6,6,5,0,0,0,"2022_1_1_20"
4.433,3.507,1072,346,1816,343,2022,1,52,1,1,6,20,1025.1,1.4,1.6,1.4,100,1.4,1.4,1.6,0.4,3.2,1.4,1.5,1.5,-0.4,0,0,0,0,0,0,0.176,0,100,0,2.7,0,0,7,5,0,0,0,"2022_1_1_20"
4.43,5.016,747,200,520,270,2022,1,52,1,1,6,21,1025.1,1.2,1.4,1.2,100,1.2,1.2,4.8,1.21,6.4,-0.1,1.2,-0.1,-1.9,0,0,0,0,0,0,0.178,0,100,0,2.6,0,2,5,4,0,0,0,"2022_1_1_21"
4.076,3.699,1326,191,794,221,2022,1,52,1,1,6,21,1025.2,1.2,1.3,1.2,100,1.2,1.2,3.2,0.8,6.4,0.8,1.2,0.8,-1.1,0,0,0,0,0,0,0.178,0,100,0,2.4,0,4,7,6,0,0,0,"2022_1_1_21"
3.958,2.981,1660,351,2397,347,2022,1,52,1,1,6,22,1025.5,0.9,1,0.9,100,0.9,0.9,3.2,0.8,6.4,0.5,0.9,0.5,-1.4,0,0,0,0,0,0,0.181,0,100,0,2.2,0,6,7,7,0,0,0,"2022_1_1_22"
3.968,3.026,1072,346,1816,343,2022,1,52,1,1,6,22,1025.3,0.9,1,0.8,100,0.9,0.9,4.8,1.21,9.7,-0.4,0.9,-0.4,-2.3,0,0,0,0,0,0,0.181,0,100,0,2,0,0,5,4,0,0,0,"2022_1_1_22"
3.768,4.548,747,200,520,270,2022,1,52,1,1,6,23,1025.4,0.6,0.7,0.6,100,0.6,0.6,3.2,0.8,6.4,0.1,0.6,0.1,-1.8,0,0,0,0,0,0,0.185,0,100,0,2,0,2,7,6,0,0,0,"2022_1_1_23"
3.515,3.176,1326,191,794,221,2022,1,52,1,1,6,23,1025.4,0.4,0.5,0.4,100,0.4,0.4,3.2,0.8,6.4,-0.1,0.5,-0.1,-1.9,0,0,0,0,0,0,0.186,0,100,0,1.8,0,4,7,5,0,0,0,"2022_1_1_23"
3.553,2.638,1660,351,2397,347,2022,1,52,2,2,7,0,1025.5,0.4,0.6,0.4,100,0.4,0.4,3.2,0.8,6.4,-0.1,0.4,-0.1,-2,0,0,0,0,0,0,0.187,0,100,0,1.7,0,6,6,5,0,0,0,"2022_1_2_0"
3.426,2.565,1072,346,1816,343,2022,1,52,2,2,7,0,1025.6,0.1,0.2,0.1,100,0.1,0.1,4.8,1.21,6.4,-1.4,0.2,-1.3,-3.2,0,0,0,0,0,0,0.19,0,100,0,1.6,0,0,6,4,0,0,0,"2022_1_2_0"
3.247,3.883,747,200,520,270,2022,1,52,2,2,7,1,1025.3,-0.1,0,-0.1,100,-0.1,-0.1,1.6,0.4,4.8,-0.1,0,0,-1.9,0,0,0,0,0,0,0.192,0,100,0,1.4,0,2,7,5,0,0,0,"2022_1_2_1"
3.18,2.73,1326,191,794,221,2022,1,52,2,2,7,1,1025.1,-0.2,-0.1,-0.2,100,-0.2,-0.2,0,0,3.2,-0.2,-0.1,-0.1,-2,0,0,0,0,0,0,0.193,0,100,0,1.4,0,4,9,6,0,0,0,"2022_1_2_1"
3.289,2.22,1660,351,2397,347,2022,1,52,2,2,7,2,1025.4,-0.2,-0.1,-0.2,100,-0.2,-0.2,3.2,0.8,6.4,-0.8,-0.1,-0.7,-2.6,0,0,0,0,0,0,0.193,0,100,0,1.3,0,6,7,6,0,0,0,"2022_1_2_2"
2.843,1.936,1072,346,1816,343,2022,1,52,2,2,7,2,1025.2,-0.4,-0.2,-0.4,100,-0.4,-0.4,3.2,0.8,6.4,-1.1,-0.4,-1,-2.9,0,0,0,0,0,0,0.196,0,100,0,1.1,0,0,7,5,0,0,0,"2022_1_2_2"
3.211,3.719,747,200,520,270,2022,1,52,2,2,7,3,1025,-0.4,-0.4,-0.5,100,-0.4,-0.4,0,0,3.2,-0.4,-0.4,-0.4,-2.3,0,0,0,0,0,0,0.196,0,100,0,1.1,0,2,9,5,0,0,0,"2022_1_2_3"
2.948,2.585,1326,191,794,221,2022,1,52,2,2,7,3,1025,-0.5,-0.4,-0.6,100,-0.5,-0.5,1.6,0.4,6.4,-0.5,-0.5,-0.5,-2.4,0,0,0,0,0,0,0.196,0,100,0,1.2,0,4,12,13,0,0,0,"2022_1_2_3"
2.655,1.669,1660,351,2397,347,2022,1,52,2,2,7,4,1025.1,-0.3,-0.3,-0.6,100,-0.3,-0.3,8,2.01,14.5,-3.1,-0.3,-3.1,-5,0,0,0,0,0,0,0.194,0,100,0,0.7,0,6,6,5,0,0,0,"2022_1_2_4"
2.46,1.569,1072,346,1816,343,2022,1,52,2,2,7,4,1024.9,-0.5,-0.4,-0.5,100,-0.5,-0.5,6.4,1.61,9.7,-2.8,-0.5,-2.8,-4.6,0,0,0,0,0,0,0.196,0,100,0,0.6,0,0,6,5,0,0,0,"2022_1_2_4"
2.8,3.507,747,200,520,270,2022,1,52,2,2,7,5,1024.7,-0.5,-0.4,-0.6,100,-0.5,-0.5,1.6,0.4,6.4,-0.5,-0.5,-0.5,-2.4,0,0,0,0,0,0,0.196,0,100,0,0.9,0,2,15,7,0,0,0,"2022_1_2_5"
2.772,2.291,1326,191,794,221,2022,1,52,2,2,7,5,1024.3,-0.7,-0.6,-0.7,100,-0.7,-0.7,1.6,0.4,3.2,-0.7,-0.7,-0.7,-2.6,0,0,0,0,0,0,0.198,0,100,0,0.9,0,4,10,15,0,0,0,"2022_1_2_5"
2.713,1.701,1660,351,2397,347,2022,1,52,2,2,7,6,1024,-0.8,-0.7,-0.8,100,-0.8,-0.8,1.6,0.4,4.8,-0.8,-0.8,-0.8,-2.7,0,0,0,0,0,0,0.199,0,100,0,0.9,0,6,12,11,0,0,0,"2022_1_2_6"
2.5,1.269,1072,346,1816,343,2022,1,52,2,2,7,6,1024.1,-1.1,-0.9,-1.1,100,-1.1,-1.1,6.4,1.61,9.7,-3.5,-1.1,-3.5,-5.4,0,0,0,0,0,0,0.203,0,100,0,0.5,0,0,0,13,0,0,0,"2022_1_2_6"
2.307,2.855,747,200,520,270,2022,1,52,2,2,7,7,1024.1,-1.2,-1.1,-1.2,100,-1.2,-1.2,6.4,1.61,14.5,-3.5,-1.2,-3.5,-5.5,0,0,0,0,0,0,0.203,0,100,0,0.3,0,2,7,6,0,0,0,"2022_1_2_7"
2.398,1.706,1326,191,794,221,2022,1,52,2,2,7,7,1024.1,-1.1,-1.1,-1.2,100,-1.1,-1.1,3.2,0.8,9.7,-1.8,-1.1,-1.8,-3.7,0,0,0,0,0,0,0.203,0,100,0,0.4,0,4,6,6,0,0,0,"2022_1_2_7"
2.501,1.601,1660,351,2397,347,2022,1,52,2,2,7,8,1024.2,-1,-1,-1.1,100,-1,-1,3.2,0.8,6.4,-1.7,-1,-1.7,-3.6,0,0,2,0.04,7,0,0.201,0,100,0,0.5,0,6,6,7,0,0,0,"2022_1_2_8"
3.024,2.264,1072,346,1816,343,2022,1,52,2,2,7,8,1024.2,-1,-0.9,-1,100,-1,-1,3.2,0.8,6.4,-1.7,-1,-1.7,-3.3,0,0,20,0.43,28,0,0.201,0,100,1,1.1,0,0,6,5,0,0,0,"2022_1_2_8"
4.198,5.152,747,200,520,270,2022,1,52,2,2,7,9,1024.2,-1,-1,-1.1,100,-1,-1,1.6,0.4,4.8,-1,-1,-1,-2.5,0,0,34,0.73,40,0,0.201,0,100,2,2,0,2,5,4,0,0,0,"2022_1_2_9"
5.132,4.004,1326,191,794,221,2022,1,52,2,2,7,9,1024.2,-0.9,-0.8,-0.9,100,-0.9,-0.9,1.6,0.4,8,-0.9,-0.9,-0.9,-0.9,0,0,54,1.16,69,0,0.2,0,100,4,2.9,0,4,5,4,0,0,0,"2022_1_2_9"
5.901,4.725,1660,351,2397,347,2022,1,52,2,2,7,10,1024.6,-0.7,-0.7,-0.8,100,-0.7,-0.7,4.8,1.21,9.7,-2.2,-0.7,-2.2,-2.1,0,0,63,1.36,69,0,0.198,0,100,4,3.8,0,6,7,4,0,0,0,"2022_1_2_10"
7.442,6.279,1072,346,1816,343,2022,1,52,2,2,7,10,1024.6,-0.4,-0.3,-0.5,100,-0.4,-0.4,1.6,0.4,6.4,-0.4,-0.4,-0.4,0.2,0,0,86,1.85,97,0,0.195,0,100,5,5.3,0,0,6,5,0,0,0,"2022_1_2_10"
8.664,9.449,747,200,520,270,2022,1,52,2,2,7,11,1024.3,0,0,-0.1,100,0,0,3.2,0.8,6.4,-0.6,0.1,-0.5,0.2,0,0,93,2,100,0,0.191,0,100,5,6.3,0,2,5,4,0,0,0,"2022_1_2_11"
9.007,8.12,1326,191,794,221,2022,1,52,2,2,7,11,1023.9,0.3,0.3,0.1,100,0.3,0.3,1.6,0.4,11.3,0.3,0.3,0.3,0.9,0.2,0,89,1.91,97,0,0.188,0,100,6,6.9,0,4,2,5,0,0,0,"2022_1_2_11"
9.895,8.448,1660,351,2397,347,2022,1,52,2,2,7,12,1023.8,0.7,0.7,0.4,100,0.7,0.7,1.6,0.4,4.8,0.7,0.7,0.7,1.7,0,0,109,2.34,114,0,0.184,0,100,6,7.6,0,6,0,2,0,0,0,"2022_1_2_12"
11.1,9.188,1072,346,1816,343,2022,1,52,2,2,7,12,1023.2,1.1,1.1,0.9,100,1.1,1.1,1.6,0.4,4.8,1.1,1.1,1.1,2.3,0,0,118,2.54,134,0,0.179,0,100,7,8.8,0,0,7,0,0,0,0,"2022_1_2_12"
11.649,12.61,747,200,520,270,2022,1,52,2,2,7,13,1023.1,1.6,1.6,1.3,100,1.6,1.6,1.6,0.4,4.8,1.6,1.7,1.7,3.5,0,0,150,3.23,172,0,0.174,0,100,10,9.9,0,2,6,6,0,0,0,"2022_1_2_13"
11.405,10.76,1326,191,794,221,2022,1,52,2,2,7,13,1022.3,2.1,2.1,1.8,100,2.1,2.1,1.6,0.4,4.8,2.1,2.1,2.1,3.3,0,0,112,2.41,146,0,0.17,0,100,8,9.8,0,4,8,4,0,0,0,"2022_1_2_13"
10.976,9.423,1660,351,2397,347,2022,1,52,2,2,7,14,1022.2,2.4,2.4,2.2,100,2.4,2.4,0,0,1.6,2.4,2.5,2.5,3.2,0,0,83,1.79,98,0,0.166,0,100,5,8.9,0,6,9,4,0,0,0,"2022_1_2_14"
10.791,9.298,1072,346,1816,343,2022,1,52,2,2,7,14,1021.7,2.7,2.7,2.5,100,2.7,2.7,3.2,0.8,4.8,2.4,2.7,2.4,3.2,0,0,88,1.89,93,0,0.163,0,100,5,8.9,0,0,11,12,0,0,0,"2022_1_2_14"
9.735,10.247,747,200,520,270,2022,1,52,2,2,7,15,1021.3,2.8,2.9,2.8,100,2.8,2.8,3.2,0.8,6.4,2.5,2.8,2.5,2.9,0,0,71,1.53,95,0,0.162,0,100,1,8.3,0,2,13,10,0,0,0,"2022_1_2_15"
7.211,7.784,1326,191,794,221,2022,1,52,2,2,7,15,1021.2,2.7,2.8,2.7,100,2.7,2.7,4.8,1.21,9.7,1.6,2.8,1.6,0,0,0,20,0.43,35,0,0.163,0,100,0,6.4,0,4,13,11,0,0,0,"2022_1_2_15"
6.139,5.877,1660,351,2397,347,2022,1,52,2,2,7,16,1021.5,2.6,2.7,2.6,100,2.6,2.6,4.8,1.21,6.4,1.5,2.7,1.5,-0.2,0,0,12,0.26,14,0,0.164,0,100,0,5.4,0,6,13,0,0,0,0,"2022_1_2_16"
5.438,5.152,1072,346,1816,343,2022,1,52,2,2,7,16,1022,2.5,2.6,2.4,100,2.5,2.5,3.2,0.8,9.7,2.2,2.6,2.2,0.4,0,0,0,0,0,0,0.165,0,100,0,4.5,0,0,11,10,0,0,0,"2022_1_2_16"
4.882,4.982,747,200,520,270,2022,1,52,2,2,7,17,1021.7,2.2,2.6,2.2,100,2.2,2.2,4.8,1.21,9.7,1,2.3,1.1,-0.8,0,0,0,0,0,0,0.168,0,100,0,4,0,2,13,10,0,0,0,"2022_1_2_17"
4.347,4.821,1326,191,794,221,2022,1,52,2,2,7,17,1022,2,2.2,2,100,2,2,3.2,0.8,9.7,1.6,2.1,1.7,-0.2,0,0,0,0,0,0,0.17,0,100,0,3.4,0,4,13,10,0,0,0,"2022_1_2_17"
4.221,4.428,1660,351,2397,347,2022,1,52,2,2,7,18,1022.1,1.9,1.9,1.9,100,1.9,1.9,4.8,1.21,9.7,0.7,2,0.8,-1.1,0,0,0,0,0,0,0.171,0,100,0,3.2,0,6,13,10,0,0,0,"2022_1_2_18"
4.215,4.146,1072,346,1816,343,2022,1,52,2,2,7,18,1022,1.9,1.9,1.8,100,1.9,1.9,4.8,1.21,11.3,0.6,1.9,0.7,-1.2,0,0,0,0,0,0,0.171,0,100,0,3.1,0,0,13,10,0,0,0,"2022_1_2_18"
4.02,4.102,747,200,520,270,2022,1,52,2,2,7,19,1022.1,1.9,2,1.9,100,1.9,1.9,4.8,1.21,11.3,0.7,2,0.8,-1.1,0,0,0,0,0,0,0.171,0,100,0,3,0,2,13,10,0,0,0,"2022_1_2_19"
4.089,4.403,1326,191,794,221,2022,1,52,2,2,7,19,1022.2,1.9,1.9,1.9,100,1.9,1.9,4.8,1.21,11.3,0.7,2,0.8,-1.1,0,0,0,0,0,0,0.171,0,100,0,3,0,4,12,11,0,0,0,"2022_1_2_19"
4.077,4.126,1660,351,2397,347,2022,1,52,2,2,7,20,1022.1,1.8,1.9,1.8,100,1.8,1.8,6.4,1.61,12.9,-0.1,1.9,0,-1.9,0,0,0,0,0,0,0.172,0,100,0,2.9,0,6,12,0,0,0,0,"2022_1_2_20"
3.894,3.902,1072,346,1816,343,2022,1,52,2,2,7,20,1022.1,1.9,1.9,1.8,100,1.9,1.9,4.8,1.21,11.3,0.6,1.9,0.7,-1.2,0,0,0,0,0,0,0.171,0,100,0,2.9,0,0,12,11,0,0,0,"2022_1_2_20"
4.045,4.035,747,200,520,270,2022,1,52,2,2,7,21,1022.1,1.9,1.9,1.9,100,1.9,1.9,4.8,1.21,9.7,0.6,1.9,0.7,-1.2,0,0,0,0,0,0,0.171,0,100,0,2.8,0,2,13,11,0,0,0,"2022_1_2_21"
3.858,4.228,1326,191,794,221,2022,1,52,2,2,7,21,1022.1,1.9,1.9,1.8,100,1.9,1.9,4.8,1.21,11.3,0.6,1.9,0.7,-1.2,0,0,0,0,0,0,0.171,0,100,0,2.8,0,4,12,0,0,0,0,"2022_1_2_21"
3.811,4.197,1660,351,2397,347,2022,1,52,2,2,7,22,1022,1.8,1.8,1.8,100,1.8,1.8,4.8,1.21,11.3,0.5,1.8,0.6,-1.3,0,0,0,0,0,0,0.172,0,100,0,2.7,0,6,12,11,0,0,0,"2022_1_2_22"
3.766,3.82,1072,346,1816,343,2022,1,52,2,2,7,22,1022.1,1.7,1.8,1.7,100,1.7,1.7,6.4,1.61,12.9,-0.2,1.8,-0.1,-2,0,0,0,0,0,0,0.173,0,100,0,2.7,0,0,12,10,0,0,0,"2022_1_2_22"
3.858,3.86,747,200,520,270,2022,1,52,2,2,7,23,1022,1.6,1.6,1.6,100,1.6,1.6,6.4,1.61,12.9,-0.4,1.6,-0.3,-2.3,0,0,0,0,0,0,0.175,0,100,0,2.6,0,2,12,0,0,0,0,"2022_1_2_23"
3.84,4.032,1326,191,794,221,2022,1,52,2,2,7,23,1022,1.6,1.7,1.6,100,1.6,1.6,4.8,1.21,11.3,0.3,1.7,0.4,-1.5,0,0,0,0,0,0,0.174,0,100,0,2.6,0,4,12,0,0,0,0,"2022_1_2_23"
3.724,3.886,1660,351,2397,347,2022,1,1,3,3,1,0,1022,1.7,1.7,1.7,100,1.7,1.7,6.4,1.61,11.3,-0.3,1.7,-0.2,-2.1,0,0,0,0,0,0,0.174,0,100,0,2.5,0,6,12,11,0,0,0,"2022_1_3_0"
3.796,3.892,1072,346,1816,343,2022,1,1,3,3,1,0,1021.6,1.8,1.8,1.7,100,1.8,1.8,4.8,1.21,11.3,0.5,1.8,0.6,-1.3,0,0,0,0,0,0,0.172,0,100,0,2.6,0,0,12,11,0,0,0,"2022_1_3_0"
3.76,3.774,747,200,520,270,2022,1,1,3,3,1,1,1021.6,1.9,1.9,1.8,100,1.9,1.9,4.8,1.21,9.7,0.6,1.9,0.7,-1.2,0,0,0,0,0,0,0.171,0,100,0,2.6,0,2,12,11,0,0,0,"2022_1_3_1"
3.852,4.121,1326,191,794,221,2022,1,1,3,3,1,1,1021.3,2.1,2.1,2,100,2.1,2.1,4.8,1.21,9.7,0.8,2.1,0.9,-1,0,0,0,0,0,0,0.17,0,100,0,2.7,0,4,12,11,0,0,0,"2022_1_3_1"
3.943,4.069,1660,351,2397,347,2022,1,1,3,3,1,2,1021.2,2.1,2.2,2.1,100,2.1,2.1,4.8,1.21,9.7,0.9,2.2,1,-0.9,0,0,0,0,0,0,0.169,0,100,0,2.8,0,6,13,11,0,0,0,"2022_1_3_2"
4.081,4.012,1072,346,1816,343,2022,1,1,3,3,1,2,1021.2,2.2,2.2,2.2,100,2.2,2.2,3.2,0.8,9.7,1.8,2.2,1.9,0,0,0,0,0,0,0,0.168,0,100,0,2.9,0,0,12,11,0,0,0,"2022_1_3_2"
3.915,4.015,747,200,520,270,2022,1,1,3,3,1,3,1020.8,2.1,2.2,2.1,100,2.1,2.1,4.8,1.21,9.7,0.9,2.2,1,-0.9,0,0,0,0,0,0,0.169,0,100,0,2.8,0,2,12,11,0,0,0,"2022_1_3_3"
3.878,4.201,1326,191,794,221,2022,1,1,3,3,1,3,1020.8,2.1,2.2,2.1,100,2.1,2.1,4.8,1.21,9.7,0.8,2.1,0.9,-1,0,0,0,0,0,0,0.17,0,100,0,2.8,0,4,12,11,0,0,0,"2022_1_3_3"
3.691,3.766,1660,351,2397,347,2022,1,1,3,3,1,4,1020.5,1.9,2.1,1.9,100,1.9,1.9,1.6,0.4,4.8,1.9,2,2,0.1,0,0,0,0,0,0,0.171,0,100,0,2.6,0,6,13,10,0,0,0,"2022_1_3_4"
3.562,3.361,1072,346,1816,343,2022,1,1,3,3,1,4,1020.3,1.8,1.9,1.7,100,1.8,1.8,0,0,3.2,1.8,1.8,1.8,-0.1,0,0,0,0,0,0,0.172,0,100,0,2.3,0,0,9,10,0,0,0,"2022_1_3_4"
3.948,4.092,747,200,520,270,2022,1,1,3,3,1,5,1020.1,1.8,1.8,1.7,100,1.8,1.8,0,0,1.6,1.8,1.9,1.9,0,0,0,0,0,0,0,0.172,0,100,0,2.6,0,2,9,10,0,0,0,"2022_1_3_5"
4.306,4.175,1326,191,794,221,2022,1,1,3,3,1,5,1019.6,2.1,2.1,1.9,100,2.1,2.1,1.6,0.4,4.8,2.1,2.1,2.1,0.2,0,0,0,0,0,0,0.17,0,100,0,2.8,0,4,13,10,0,0,0,"2022_1_3_5"
4.389,3.933,1660,351,2397,347,2022,1,1,3,3,1,6,1019.6,2.2,2.2,2.1,100,2.2,2.2,1.6,0.4,3.2,2.2,2.2,2.2,0.3,0,0,0,0,0,0,0.168,0,100,0,3,0,6,11,10,0,0,0,"2022_1_3_6"
4.542,3.845,1072,346,1816,343,2022,1,1,3,3,1,6,1019.6,2.3,2.3,2.2,100,2.3,2.3,0,0,1.6,2.3,2.3,2.3,0.5,0,0,0,0,0,0,0.167,0,100,0,3,0,0,9,12,0,0,0,"2022_1_3_6"
4.47,4.628,747,200,520,270,2022,1,1,3,3,1,7,1019.5,2.4,2.4,2.3,100,2.4,2.4,1.6,0.4,4.8,2.4,2.5,2.5,0.6,0,0,0,0,0,0,0.166,0,100,0,3,0,2,7,14,0,0,0,"2022_1_3_7"
4.613,4.444,1326,191,794,221,2022,1,1,3,3,1,7,1019.2,2.6,2.6,2.5,100,2.6,2.6,1.6,0.4,3.2,2.6,2.6,2.6,0.7,0,0,0,0,0,0,0.164,0,100,0,3.1,0,4,7,6,0,0,0,"2022_1_3_7"
4.96,4.556,1660,351,2397,347,2022,1,1,3,3,1,8,1019.4,2.7,2.7,2.6,100,2.7,2.7,1.6,0.4,4.8,2.7,2.7,2.7,0.9,0,0,3,0.06,7,0,0.163,0,100,0,3.3,0,6,6,5,0,0,0,"2022_1_3_8"
5.808,5.134,1072,346,1816,343,2022,1,1,3,3,1,8,1019.6,2.8,2.8,2.7,100,2.8,2.8,3.2,0.8,4.8,2.5,2.8,2.5,1,0,0,27,0.58,33,0,0.162,0,100,1,4.1,0,0,8,6,0,0,0,"2022_1_3_8"
6.116,6.491,747,200,520,270,2022,1,1,3,3,1,9,1019.4,2.9,3,2.8,100,2.9,2.9,0,0,3.2,2.9,3,3,1.5,0,0,26,0.56,42,0,0.16,0,100,4,4.7,0,2,9,12,0,0,0,"2022_1_3_9"
7.015,7.206,1326,191,794,221,2022,1,1,3,3,1,9,1019.7,3.2,3.2,3.1,100,3.2,3.2,1.6,0.4,4.8,3.2,3.3,3.3,2.8,0,0,32,0.69,46,0,0.157,0,100,1,5.7,0,4,14,15,0,0,0,"2022_1_3_9"
8.658,9.749,1660,351,2397,347,2022,1,1,3,3,1,10,1020.1,3.4,3.5,3.3,100,3.4,3.4,0,0,3.2,3.4,3.5,3.5,4.5,0,0,97,2.09,114,0,0.155,0,100,6,7.7,0,6,9,14,0,0,0,"2022_1_3_10"
9.894,9.001,1072,346,1816,343,2022,1,1,3,3,1,10,1019.9,3.7,3.7,3.6,100,3.7,3.7,3.2,0.8,4.8,3.5,3.8,3.5,4,0,0,73,1.57,120,0,0.153,0,100,4,8.5,0,0,8,7,0,0,0,"2022_1_3_10"
9.407,10.187,747,200,520,270,2022,1,1,3,3,1,11,1019.8,3.9,3.9,3.8,100,3.9,3.9,1.6,0.4,4.8,3.9,4.1,4.1,4.1,0,0,60,1.29,74,0,0.15,0,100,3,7.6,0,2,6,5,0,0,0,"2022_1_3_11"
8.142,8.389,1326,191,794,221,2022,1,1,3,3,1,11,1019.8,4.2,4.2,4.1,100,4.2,4.2,1.6,0.4,4.8,4.2,4.3,4.3,4.6,0,0,71,1.53,90,0,0.148,0,100,5,6.9,0,4,2,13,0,0,0,"2022_1_3_11"
9.393,7.683,1660,351,2397,347,2022,1,1,3,3,1,12,1019.5,4.4,4.5,4.3,100,4.4,4.4,1.6,0.4,4.8,4.4,4.6,4.6,5.3,0,0,91,1.96,111,0,0.145,0,100,5,7.2,0,6,6,5,0,0,0,"2022_1_3_12"
8.993,9.726,1072,346,1816,343,2022,1,1,3,3,1,12,1018.8,4.7,4.7,4.6,100,4.7,4.7,3.2,0.8,6.4,4.6,4.8,4.7,5,0,0,70,1.51,76,0,0.142,0,100,4,7.4,0,0,1,2,0,0,0,"2022_1_3_12"
9.021,9.563,747,200,520,270,2022,1,1,3,3,1,13,1018.8,4.8,4.8,4.7,100,4.8,4.8,3.2,0.8,6.4,4.7,4.9,4.8,5.1,0,0,70,1.51,77,0,0.141,0,100,5,7.7,0,2,5,5,0,0,0,"2022_1_3_13"
10.101,10.15,1326,191,794,221,2022,1,1,3,3,1,13,1018.5,5.1,5.1,5,100,5.1,5.1,0,0,3.2,5.1,5.2,5.2,6,0,0,85,1.83,93,0,0.138,0,100,5,8.4,0,4,9,5,0,0,0,"2022_1_3_13"
9.601,8.101,1660,351,2397,347,2022,1,1,3,3,1,14,1017.9,5.3,5.3,5.2,100,5.3,5.3,1.6,0.4,4.8,5.3,5.4,5.4,6,0,0,73,1.57,84,0,0.135,0,100,4,8,0,6,4,0,0,0,0,"2022_1_3_14"
9.606,7.937,1072,346,1816,343,2022,1,1,3,3,1,14,1017.8,5.5,5.6,5.4,100,5.5,5.5,1.6,0.4,6.4,5.5,5.6,5.6,6.1,0,0,70,1.51,83,0,0.134,0,100,3,8,0,0,12,11,0,0,0,"2022_1_3_14"
8.911,9.463,747,200,520,270,2022,1,1,3,3,1,15,1018,5.5,5.5,5.4,100,5.5,5.5,1.6,0.4,4.8,5.5,5.6,5.6,5.6,0,0,50,1.08,54,0,0.134,0,100,2,7.6,0,2,5,2,0,0,0,"2022_1_3_15"
8.135,8.539,1326,191,794,221,2022,1,1,3,3,1,15,1017.8,5.6,5.6,5.6,100,5.6,5.6,1.6,0.4,6.4,5.6,5.7,5.7,4.3,0,0,21,0.45,32,0,0.133,0,100,0,6.8,0,4,3,13,0,0,0,"2022_1_3_15"
7.163,7.17,1660,351,2397,347,2022,1,1,3,3,1,16,1017.7,5.7,5.7,5.6,99,5.6,5.6,1.6,0.4,4.8,5.7,5.8,5.8,4.3,0,0,9,0.19,11,0,0.131,0,100,0,5.9,0,6,3,0,0,0,0,"2022_1_3_16"
6.999,6.534,1072,346,1816,343,2022,1,1,3,3,1,16,1017.6,5.7,5.7,5.6,99,5.5,5.6,1.6,0.4,4.8,5.7,5.8,5.8,4.1,0,0,0,0,0,0,0.132,0,100,0,5.5,0,0,0,1,0,0,0,"2022_1_3_16"
6.385,6.854,747,200,520,270,2022,1,1,3,3,1,17,1017.9,5.7,5.8,5.6,99,5.6,5.6,1.6,0.4,3.2,5.7,5.8,5.8,4.2,0,0,0,0,0,0,0.131,0,100,0,4.9,0,2,12,0,0,0,0,"2022_1_3_17"
6.349,6.411,1326,191,794,221,2022,1,1,3,3,1,17,1018.2,5.7,5.7,5.6,99,5.5,5.6,1.6,0.4,3.2,5.7,5.8,5.8,4.1,0,0,0,0,0,0,0.132,0,100,0,5.1,0,4,15,15,0,0,0,"2022_1_3_17"
6.633,6.633,1660,351,2397,347,2022,1,1,3,3,1,18,1017.4,5.7,5.7,5.7,99,5.5,5.6,3.2,0.8,4.8,5.7,5.8,5.8,4.1,0,0,0,0,0,0,0.132,0,100,0,5.2,0,6,3,13,0,0,0,"2022_1_3_18"
6.769,6.073,1072,346,1816,343,2022,1,1,3,3,1,18,1017.6,5.7,5.7,5.7,99,5.5,5.6,1.6,0.4,4.8,5.7,5.8,5.8,4.1,0,0,0,0,0,0,0.132,0,100,0,5,0,0,5,6,0,0,0,"2022_1_3_18"
6.629,6.739,747,200,520,270,2022,1,1,3,3,1,19,1017.8,5.8,5.8,5.7,99,5.6,5.7,0,0,1.6,5.8,5.9,5.9,4.2,0,0,0,0,0,0,0.131,0,100,0,5,0,2,9,16,0,0,0,"2022_1_3_19"
6.576,6.449,1326,191,794,221,2022,1,1,3,3,1,19,1017.5,5.7,5.8,5.7,99,5.5,5.6,0,0,3.2,5.7,5.8,5.8,4.1,0,0,0,0,0,0,0.132,0,100,0,5.1,0,4,9,16,0,0,0,"2022_1_3_19"
6.571,6.022,1660,351,2397,347,2022,1,1,3,3,1,20,1017.4,5.7,5.7,5.6,99,5.5,5.6,1.6,0.4,3.2,5.7,5.8,5.8,4.1,0,0,0,0,0,0,0.132,0,100,0,4.8,0,6,8,16,0,0,0,"2022_1_3_20"
6.495,6.336,1072,346,1816,343,2022,1,1,3,3,1,20,1017,5.7,5.7,5.6,99,5.5,5.6,0,0,1.6,5.7,5.8,5.8,4.1,0,0,0,0,0,0,0.132,0,100,0,5,0,0,9,14,0,0,0,"2022_1_3_20"
6.232,6.58,747,200,520,270,2022,1,1,3,3,1,21,1017.3,5.7,5.7,5.6,99,5.5,5.6,1.6,0.4,3.2,5.7,5.8,5.8,4.1,0,0,0,0,0,0,0.132,0,100,0,4.7,0,2,14,14,0,0,0,"2022_1_3_21"
6.22,6.059,1326,191,794,221,2022,1,1,3,3,1,21,1017.1,5.7,5.7,5.6,99,5.5,5.6,1.6,0.4,4.8,5.7,5.8,5.8,4.1,0,0,0,0,0,0,0.132,0,100,0,4.8,0,4,15,15,0,0,0,"2022_1_3_21"
6.385,6.17,1660,351,2397,347,2022,1,1,3,3,1,22,1017,5.8,5.8,5.7,99,5.6,5.7,1.6,0.4,3.2,5.8,5.9,5.9,4.2,0,0,0,0,0,0,0.131,0,100,0,4.9,0,6,16,15,0,0,0,"2022_1_3_22"
6.267,6.081,1072,346,1816,343,2022,1,1,3,3,1,22,1016.4,5.8,5.8,5.7,99,5.6,5.7,3.2,0.8,6.4,5.8,5.9,5.9,4.2,0,0,0,0,0,0,0.131,0,100,0,4.9,0,0,15,15,0,0,0,"2022_1_3_22"
6.35,6.391,747,200,520,270,2022,1,1,3,3,1,23,1016,5.8,5.8,5.7,99,5.6,5.7,3.2,0.8,6.4,5.8,5.9,5.9,4.2,0,0,0,0,0,0,0.131,0,100,0,4.9,0,2,14,9,0,0,0,"2022_1_3_23"
6.509,6.304,1326,191,794,221,2022,1,1,3,3,1,23,1015.8,5.9,5.9,5.8,99,5.7,5.8,3.2,0.8,6.4,5.9,6,6,4.3,0,0,0,0,0,0,0.13,0,100,0,4.9,0,4,14,15,0,0,0,"2022_1_3_23"
6.566,6.509,1660,351,2397,347,2022,1,1,4,4,2,0,1015.5,6,6.1,5.9,99,5.9,5.9,1.6,0.4,4.8,6,6.1,6.1,4.5,0,0,0,0,0,0,0.128,0,100,0,5.1,0,6,14,15,0,0,0,"2022_1_4_0"
6.577,6.587,1072,346,1816,343,2022,1,1,4,4,2,0,1015.4,6.2,6.2,6.1,99,6,6.1,1.6,0.4,4.8,6.2,6.3,6.3,4.6,0,0,0,0,0,0,0.127,0,100,0,5.2,0,0,14,14,0,0,0,"2022_1_4_0"
6.726,6.756,747,200,520,270,2022,1,1,4,4,2,1,1014.9,6.1,6.2,6.1,98,5.8,6,1.6,0.4,3.2,6.1,6.2,6.2,4.6,0,0,0,0,0,0,0.127,0,100,0,5.3,0,2,8,16,0,0,0,"2022_1_4_1"
6.807,6.71,1326,191,794,221,2022,1,1,4,4,2,1,1014.6,6.2,6.2,6.2,98,5.9,6,1.6,0.4,3.2,6.2,6.3,6.3,4.6,0,0,0,0,0,0,0.127,0,100,0,5.4,0,4,8,7,0,0,0,"2022_1_4_1"
6.804,6.837,1660,351,2397,347,2022,1,1,4,4,2,2,1014.3,6.2,6.2,6.1,99,6,6.1,0,0,1.6,6.2,6.3,6.3,4.6,0,0,0,0,0,0,0.127,0,100,0,5.4,0,6,9,6,0,0,0,"2022_1_4_2"
6.835,6.857,1072,346,1816,343,2022,1,1,4,4,2,2,1014.1,6.2,6.2,6.2,98,5.9,6.1,1.6,0.4,3.2,6.2,6.4,6.4,4.7,0,0,0,0,0,0,0.126,0,100,0,5.5,0,0,6,6,0,0,0,"2022_1_4_2"
6.848,6.95,747,200,520,270,2022,1,1,4,4,2,3,1013.5,6.1,6.2,6.1,98,5.8,6,3.2,0.8,4.8,6.1,6.2,6.2,4.6,0,0,0,0,0,0,0.127,0,100,0,5.4,0,2,2,2,0,0,0,"2022_1_4_3"
6.617,6.482,1326,191,794,221,2022,1,1,4,4,2,3,1013,6.1,6.2,6.1,98,5.8,6,0,0,1.6,6.1,6.2,6.2,4.6,0,0,0,0,0,0,0.127,0,100,0,5.3,0,4,9,2,0,0,0,"2022_1_4_3"
6.775,6.753,1660,351,2397,347,2022,1,1,4,4,2,4,1012.8,6.1,6.2,6.1,98,5.8,6,3.2,0.8,6.4,6.1,6.2,6.2,4.6,0,0,0,0,0,0,0.127,0,100,0,5.3,0,6,2,2,0,0,0,"2022_1_4_4"
6.742,6.759,1072,346,1816,343,2022,1,1,4,4,2,4,1012.5,6,6.1,6,98,5.7,5.9,3.2,0.8,4.8,6,6.1,6.1,4.4,0,0,0,0,0,0,0.128,0,100,0,5.3,0,0,5,4,0,0,0,"2022_1_4_4"
6.756,6.895,747,200,520,270,2022,1,1,4,4,2,5,1012.3,5.9,5.9,5.9,98,5.6,5.7,3.2,0.8,6.4,5.9,6,6,4.3,0,0,0,0,0,0,0.13,0,100,0,5.3,0,2,2,2,0,0,0,"2022_1_4_5"
6.564,6.485,1326,191,794,221,2022,1,1,4,4,2,5,1011.9,5.8,5.8,5.8,98,5.5,5.6,3.2,0.8,6.4,5.8,5.9,5.9,4.2,0,0,0,0,0,0,0.131,0,100,0,5.2,0,4,2,2,0,0,0,"2022_1_4_5"
6.574,6.523,1660,351,2397,347,2022,1,1,4,4,2,6,1012,5.7,5.8,5.7,98,5.4,5.6,1.6,0.4,4.8,5.7,5.8,5.8,4.1,0,0,0,0,0,0,0.131,0,100,0,5.1,0,6,5,4,0,0,0,"2022_1_4_6"
6.626,6.223,1072,346,1816,343,2022,1,1,4,4,2,6,1012,5.8,5.8,5.7,98,5.5,5.6,0,0,3.2,5.8,5.9,5.9,4.2,0,0,0,0,0,0,0.131,0,100,0,4.9,0,0,9,4,0,0,0,"2022_1_4_6"
6.61,6.791,747,200,520,270,2022,1,1,4,4,2,7,1011.7,5.7,5.8,5.7,98,5.4,5.6,0,0,3.2,5.7,5.8,5.8,4.1,0,0,0,0,0,0,0.131,0,100,0,4.8,0,2,9,4,0,0,0,"2022_1_4_7"
6.369,6.333,1326,191,794,221,2022,1,1,4,4,2,7,1011.7,5.7,5.8,5.7,99,5.6,5.6,3.2,0.8,6.4,5.7,5.8,5.8,4.2,0,0,0,0,0,0,0.131,0,100,0,4.9,0,4,2,2,0,0,0,"2022_1_4_7"
6.361,6.174,1660,351,2397,347,2022,1,1,4,4,2,8,1011.9,5.7,5.8,5.7,99,5.6,5.6,3.2,0.8,6.4,5.7,5.8,5.8,4.2,0,0,0,0,0,0,0.131,0,100,0,4.9,0,6,6,5,0,0,0,"2022_1_4_8"
6.593,6.476,1072,346,1816,343,2022,1,1,4,4,2,8,1011.8,5.8,5.8,5.7,99,5.6,5.7,1.6,0.4,4.8,5.8,5.9,5.9,4.2,0,0,0,0,0,0,0.131,0,100,0,5,0,0,6,7,0,0,0,"2022_1_4_8"
6.819,7.185,747,200,520,270,2022,1,1,4,4,2,9,1011.9,5.8,5.8,5.7,99,5.7,5.8,1.6,0.4,4.8,5.8,6,6,4.4,0,0,10,0.22,12,0,0.13,0,100,1,5.3,0,2,6,4,0,0,0,"2022_1_4_9"
6.745,6.558,1326,191,794,221,2022,1,1,4,4,2,9,1011.7,5.9,5.9,5.8,99,5.8,5.9,1.6,0.4,4.8,5.9,6.1,6.1,5.3,0,0,21,0.45,32,0,0.129,0,100,2,5.5,0,4,10,9,0,0,0,"2022_1_4_9"
8.051,8.057,1660,351,2397,347,2022,1,1,4,4,2,10,1011.8,6.2,6.2,6.1,99,6,6.1,1.6,0.4,6.4,6.2,6.3,6.3,6.1,0,0,42,0.9,51,0,0.127,0,100,2,6.5,0,6,0,1,0,0,0,"2022_1_4_10"
8.539,8.88,1072,346,1816,343,2022,1,1,4,4,2,10,1011.6,6.2,6.3,6.2,99,6.1,6.1,1.6,0.4,6.4,6.2,6.4,6.4,6.1,0,0,43,0.92,47,0,0.126,0,100,2,7,0,0,0,13,0,0,0,"2022_1_4_10"
8.885,9.165,747,200,520,270,2022,1,1,4,4,2,11,1011.2,6.2,6.2,6.2,99,6.1,6.1,1.6,0.4,4.8,6.2,6.4,6.4,6.2,0,0,48,1.03,51,0,0.126,0,100,2,7.3,0,2,0,3,0,0,0,"2022_1_4_11"
9.041,8.285,1326,191,794,221,2022,1,1,4,4,2,11,1011,6.4,6.4,6.3,98,6.1,6.2,0,0,3.2,6.4,6.5,6.5,6.4,0,0,50,1.08,56,0,0.124,0,100,2,7.1,0,4,9,1,0,0,0,"2022_1_4_11"
8.411,7.539,1660,351,2397,347,2022,1,1,4,4,2,12,1010.6,6.6,6.7,6.4,98,6.3,6.5,0,0,3.2,6.6,6.8,6.8,6.3,0,0,34,0.73,47,0,0.122,0,100,1,6.5,0,6,9,10,0,0,0,"2022_1_4_12"
8.321,7.827,1072,346,1816,343,2022,1,1,4,4,2,12,1010.2,6.6,6.7,6.6,98,6.3,6.5,0,0,3.2,6.6,6.8,6.8,6.1,0,0,25,0.54,33,0,0.122,0,100,2,6.9,0,0,9,12,0,0,0,"2022_1_4_12"
8.146,9.066,747,200,520,270,2022,1,1,4,4,2,13,1009.9,6.7,6.7,6.6,98,6.4,6.5,1.6,0.4,4.8,6.7,6.8,6.8,6.6,0,0,42,0.9,49,0,0.122,0,100,2,7.1,0,2,4,11,0,0,0,"2022_1_4_13"
8.483,8.543,1326,191,794,221,2022,1,1,4,4,2,13,1009.1,6.7,6.8,6.7,98,6.4,6.6,3.2,0.8,8,6.7,6.9,6.9,6.9,0,0,53,1.14,58,0,0.121,0,100,1,7.1,0,4,4,13,0,0,0,"2022_1_4_13"
8.191,8.363,1660,351,2397,347,2022,1,1,4,4,2,14,1008.6,6.7,6.7,6.7,98,6.4,6.5,3.2,0.8,6.4,6.7,6.8,6.8,6.4,0,0,33,0.71,47,0,0.122,0,100,1,7,0,6,4,13,0,0,0,"2022_1_4_14"
7.882,7.571,1072,346,1816,343,2022,1,1,4,4,2,14,1008.4,6.7,6.7,6.6,98,6.4,6.5,3.2,0.8,6.4,6.7,6.8,6.8,5.9,0,0,14,0.3,16,0,0.122,0,100,0,6.3,0,0,4,13,0,0,0,"2022_1_4_14"
7.61,8.029,747,200,520,270,2022,1,1,4,4,2,15,1008.3,6.7,6.8,6.7,98,6.4,6.6,1.6,0.4,3.2,6.7,6.9,6.9,6,0,0,13,0.28,16,0,0.121,0,100,0,6.2,0,2,12,10,0,0,0,"2022_1_4_15"
9.489,9.974,1326,169,600,180,2022,1,1,5,5,3,15,997.8,8.3,8.4,8.2,98,8,8.1,4.8,1.21,9.7,7.9,8.5,8.1,6.8,0.2,2.2,12,0.26,14,0,0.105,0,100,0,7.8,0,3,6,5,0,0,0,"2022_1_5_15"
-0.16,-0.16,747,160,0,0,2022,1,1,6,6,4,21,1017.2,1.9,2.2,1.9,90,0.4,1.2,1.6,0.4,3.2,1.9,1.8,1.8,-0.3,0,0,0,0,0,0,0.171,0,100,0,-2.3,0,1,14,15,0,0,0,"2022_1_6_21"
-1.1,-1.1,747,160,0,0,2022,1,1,7,7,5,21,1016.2,0.3,0.4,0.3,89,-1.3,-0.4,0,0,0,0.3,0.2,0.2,-2,0,0,0,0,0,0,0.188,0,100,0,-3.4,0,1,9,8,0,0,0,"2022_1_7_21"
-1.697,-1.697,747,160,0,0,2022,1,1,8,8,6,21,1011.8,-0.8,-0.8,-1.1,94,-1.7,-1.2,0,0,0,-0.8,-0.9,-0.9,-3.1,0,0,0,0,0,0,0.2,0,100,0,-4.4,0,1,9,8,0,0,0,"2022_1_8_21"
1.74,1.74,747,160,0,0,2022,1,1,9,9,7,21,1004.6,0.9,1.1,0.9,94,0.1,0.6,1.6,0.4,3.2,0.9,0.9,0.9,-1.2,0,0,0,0,0,0,0.181,0,100,0,-0.3,0,1,7,6,0,0,0,"2022_1_9_21"
